4900.000020 0.000000
4900.041497 0.000000
4900.082973 0.000000
4900.124450 0.000000
4900.165927 0.000000
4900.207403 0.000000
4900.248880 0.000000
4900.290356 0.000000
4900.331833 0.000000
4900.373309 0.000000
4900.414786 0.000000
4900.456262 0.000000
4900.497739 0.000000
4900.539216 0.000000
4900.580692 0.000000
4900.622169 0.000000
4900.663645 0.000000
4900.705122 0.000000
4900.746598 0.000000
4900.788075 0.000000
4900.829552 0.000000
4900.871028 0.000000
4900.912505 0.000000
4900.953981 0.000000
4900.995458 0.000000
4901.036934 0.000000
4901.078411 0.000000
4901.119888 0.000000
4901.161364 0.000000
4901.202841 0.000000
4901.244317 0.000000
4901.285794 0.000000
4901.327270 0.000000
4901.368747 0.000000
4901.410223 0.000000
4901.451700 0.000000
4901.493177 0.000000
4901.534653 0.000000
4901.576130 0.000000
4901.617606 0.000000
4901.659083 0.000000
4901.700559 0.000000
4901.742036 0.000000
4901.783513 0.000000
4901.824989 0.000000
4901.866466 0.000000
4901.907942 0.000000
4901.949419 0.000000
4901.990895 0.000000
4902.032372 0.000000
4902.073849 0.000000
4902.115325 0.000000
4902.156802 0.000000
4902.198278 0.000000
4902.239755 0.000000
4902.281231 0.000000
4902.322708 0.000000
4902.364184 0.000000
4902.405661 0.000000
4902.447138 0.000000
4902.488614 0.000000
4902.530091 0.000000
4902.571567 0.000000
4902.613044 0.000000
4902.654520 0.000000
4902.695997 0.000000
4902.737474 0.000000
4902.778950 0.000000
4902.820427 0.000000
4902.861903 0.000000
4902.903380 0.000000
4902.944856 0.000000
4902.986333 0.000000
4903.027810 0.000000
4903.069286 0.000000
4903.110763 0.000000
4903.152239 0.000000
4903.193716 0.000000
4903.235192 0.000000
4903.276669 0.000000
4903.318146 0.000000
4903.359622 0.000000
4903.401099 0.000000
4903.442575 0.000000
4903.484052 0.000000
4903.525528 0.000000
4903.567005 0.000000
4903.608481 0.000000
4903.649958 0.000000
4903.691435 0.000000
4903.732911 0.000000
4903.774388 0.000000
4903.815864 0.000000
4903.857341 0.000000
4903.898817 0.000000
4903.940294 0.000000
4903.981771 0.000000
4904.023247 0.000000
4904.064724 0.000000
4904.106200 0.000000
4904.147677 0.000000
4904.189153 0.000000
4904.230630 0.000000
4904.272107 0.000000
4904.313583 0.000000
4904.355060 0.000000
4904.396536 0.000000
4904.438013 0.000000
4904.479489 0.000000
4904.520966 0.000000
4904.562442 0.000000
4904.603919 0.000000
4904.645396 0.000000
4904.686872 0.000000
4904.728349 0.000000
4904.769825 0.000000
4904.811302 0.000000
4904.852778 0.000000
4904.894255 0.000000
4904.935732 0.000000
4904.977208 0.000000
4905.018685 0.000000
4905.060161 0.000000
4905.101638 0.000000
4905.143114 0.000000
4905.184591 0.000000
4905.226068 0.000000
4905.267544 0.000000
4905.309021 0.000000
4905.350497 0.000000
4905.391974 0.000000
4905.433450 0.000000
4905.474927 0.000000
4905.516403 0.000000
4905.557880 0.000000
4905.599357 0.000000
4905.640833 0.000000
4905.682310 0.000000
4905.723786 0.000000
4905.765263 0.000000
4905.806739 0.000000
4905.848216 0.000000
4905.889693 0.000000
4905.931169 0.000000
4905.972646 0.000000
4906.014122 0.000000
4906.055599 0.000000
4906.097075 0.000000
4906.138552 0.000000
4906.180029 0.000000
4906.221505 0.000000
4906.262982 0.000000
4906.304458 0.000000
4906.345935 0.000000
4906.387411 0.000000
4906.428888 0.000000
4906.470365 0.000000
4906.511841 0.000000
4906.553318 0.000000
4906.594794 0.000000
4906.636271 0.000000
4906.677747 0.000000
4906.719224 0.000000
4906.760700 0.000000
4906.802177 0.000000
4906.843654 0.000000
4906.885130 0.000000
4906.926607 0.000000
4906.968083 0.000000
4907.009560 0.000000
4907.051036 0.000000
4907.092513 0.000000
4907.133990 0.000000
4907.175466 0.000000
4907.216943 0.000000
4907.258419 0.000000
4907.299896 0.000000
4907.341372 0.000000
4907.382849 0.000000
4907.424326 0.000000
4907.465802 0.000000
4907.507279 0.000000
4907.548755 0.000000
4907.590232 0.000000
4907.631708 0.000000
4907.673185 0.000000
4907.714661 0.000000
4907.756138 0.000000
4907.797615 0.000000
4907.839091 0.000000
4907.880568 0.000000
4907.922044 0.000000
4907.963521 0.000000
4908.004997 0.000000
4908.046474 0.000000
4908.087951 0.000000
4908.129427 0.000000
4908.170904 0.000000
4908.212380 0.000000
4908.253857 0.000000
4908.295333 0.000000
4908.336810 0.000000
4908.378287 0.000000
4908.419763 0.000000
4908.461240 0.000000
4908.502716 0.000000
4908.544193 0.000000
4908.585669 0.000000
4908.627146 0.000000
4908.668622 0.000000
4908.710099 0.000000
4908.751576 0.000000
4908.793052 0.000000
4908.834529 0.000000
4908.876005 0.000000
4908.917482 0.000000
4908.958958 0.000000
4909.000435 0.000000
4909.041912 0.000000
4909.083388 0.000000
4909.124865 0.000000
4909.166341 0.000000
4909.207818 0.000000
4909.249294 0.000000
4909.290771 0.000000
4909.332248 0.000000
4909.373724 0.000000
4909.415201 0.000000
4909.456677 0.000000
4909.498154 0.000000
4909.539630 0.000000
4909.581107 0.000000
4909.622584 0.000000
4909.664060 0.000000
4909.705537 0.000000
4909.747013 0.000000
4909.788490 0.000000
4909.829966 0.000000
4909.871443 0.000000
4909.912919 0.000000
4909.954396 0.000000
4909.995873 0.000000
4910.037349 0.000000
4910.078826 0.000000
4910.120302 0.000000
4910.161779 0.000000
4910.203255 0.000000
4910.244732 0.000000
4910.286209 0.000000
4910.327685 0.000000
4910.369162 0.000000
4910.410638 0.000000
4910.452115 0.000000
4910.493591 0.000000
4910.535068 0.000000
4910.576545 0.000000
4910.618021 0.000000
4910.659498 0.000000
4910.700974 0.000000
4910.742451 0.000000
4910.783927 0.000000
4910.825404 0.000000
4910.866880 0.000000
4910.908357 0.000000
4910.949834 0.000000
4910.991310 0.000000
4911.032787 0.000000
4911.074263 0.000000
4911.115740 0.000000
4911.157216 0.000000
4911.198693 0.000000
4911.240170 0.000000
4911.281646 0.000000
4911.323123 0.000000
4911.364599 0.000000
4911.406076 0.000000
4911.447552 0.000000
4911.489029 0.000000
4911.530506 0.000000
4911.571982 0.000000
4911.613459 0.000000
4911.654935 0.000000
4911.696412 0.000000
4911.737888 0.000000
4911.779365 0.000000
4911.820841 0.000000
4911.862318 0.000000
4911.903795 0.000000
4911.945271 0.000000
4911.986748 0.000000
4912.028224 0.000000
4912.069701 0.000000
4912.111177 0.000000
4912.152654 0.000000
4912.194131 0.000000
4912.235607 0.000000
4912.277084 0.000000
4912.318560 0.000000
4912.360037 0.000000
4912.401513 0.000000
4912.442990 0.000000
4912.484467 0.000000
4912.525943 0.000000
4912.567420 0.000000
4912.608896 0.000000
4912.650373 0.000000
4912.691849 0.000000
4912.733326 0.000000
4912.774803 0.000000
4912.816279 0.000000
4912.857756 0.000000
4912.899232 0.000000
4912.940709 0.000000
4912.982185 0.000000
4913.023662 0.000000
4913.065138 0.000000
4913.106615 0.000000
4913.148092 0.000000
4913.189568 0.000000
4913.231045 0.000000
4913.272521 0.000000
4913.313998 0.000000
4913.355474 0.000000
4913.396951 0.000000
4913.438428 0.000000
4913.479904 0.000000
4913.521381 0.000000
4913.562857 0.000000
4913.604334 0.000000
4913.645810 0.000000
4913.687287 0.000000
4913.728764 0.000000
4913.770240 0.000000
4913.811717 0.000000
4913.853193 0.000000
4913.894670 0.000000
4913.936146 0.000000
4913.977623 0.000000
4914.019099 0.000000
4914.060576 0.000000
4914.102053 0.000000
4914.143529 0.000000
4914.185006 0.000000
4914.226482 0.000000
4914.267959 0.000000
4914.309435 0.000000
4914.350912 0.000000
4914.392389 0.000000
4914.433865 0.000000
4914.475342 0.000000
4914.516818 0.000000
4914.558295 0.000000
4914.599771 0.000000
4914.641248 0.000000
4914.682725 0.000000
4914.724201 0.000000
4914.765678 0.000000
4914.807154 0.000000
4914.848631 0.000000
4914.890107 0.000000
4914.931584 0.000000
4914.973060 0.000000
4915.014537 0.000000
4915.056014 0.000000
4915.097490 0.000000
4915.138967 0.000000
4915.180443 0.000000
4915.221920 0.000000
4915.263396 0.000000
4915.304873 0.000000
4915.346350 0.000000
4915.387826 0.000000
4915.429303 0.000000
4915.470779 0.000000
4915.512256 0.000000
4915.553732 0.000000
4915.595209 0.000000
4915.636686 0.000000
4915.678162 0.000000
4915.719639 0.000000
4915.761115 0.000000
4915.802592 0.000000
4915.844068 0.000000
4915.885545 0.000000
4915.927021 0.000000
4915.968498 0.000000
4916.009975 0.000000
4916.051451 0.000000
4916.092928 0.000000
4916.134404 0.000000
4916.175881 0.000000
4916.217357 0.000000
4916.258834 0.000000
4916.300311 0.000000
4916.341787 0.000000
4916.383264 0.000000
4916.424740 0.000000
4916.466217 0.000000
4916.507693 0.000000
4916.549170 0.000000
4916.590647 0.000000
4916.632123 0.000000
4916.673600 0.000000
4916.715076 0.000000
4916.756553 0.000000
4916.798029 0.000000
4916.839506 0.000000
4916.880983 0.000000
4916.922459 0.000000
4916.963936 0.000000
4917.005412 0.000000
4917.046889 0.000000
4917.088365 0.000000
4917.129842 0.000000
4917.171318 0.000000
4917.212795 0.000000
4917.254272 0.000000
4917.295748 0.000000
4917.337225 0.000000
4917.378701 0.000000
4917.420178 0.000000
4917.461654 0.000000
4917.503131 0.000000
4917.544608 0.000000
4917.586084 0.000000
4917.627561 0.000000
4917.669037 0.000000
4917.710514 0.000000
4917.751990 0.000000
4917.793467 0.000000
4917.834944 0.000000
4917.876420 0.000000
4917.917897 0.000000
4917.959373 0.000000
4918.000850 0.000000
4918.042326 0.000000
4918.083803 0.000000
4918.125279 0.000000
4918.166756 0.000000
4918.208233 0.000000
4918.249709 0.000000
4918.291186 0.000000
4918.332662 0.000000
4918.374139 0.000000
4918.415615 0.000000
4918.457092 0.000000
4918.498569 0.000000
4918.540045 0.000000
4918.581522 0.000000
4918.622998 0.000000
4918.664475 0.000000
4918.705951 0.000000
4918.747428 0.000000
4918.788905 0.000000
4918.830381 0.000000
4918.871858 0.000000
4918.913334 0.000000
4918.954811 0.000000
4918.996287 0.000000
4919.037764 0.000000
4919.079240 0.000000
4919.120717 0.000000
4919.162194 0.000000
4919.203670 0.000000
4919.245147 0.000000
4919.286623 0.000000
4919.328100 0.000000
4919.369576 0.000000
4919.411053 0.000000
4919.452530 0.000000
4919.494006 0.000000
4919.535483 0.000000
4919.576959 0.000000
4919.618436 0.000000
4919.659912 0.000000
4919.701389 0.000000
4919.742866 0.000000
4919.784342 0.000000
4919.825819 0.000000
4919.867295 0.000000
4919.908772 0.000000
4919.950248 0.000000
4919.991725 0.000000
4920.033202 0.000000
4920.074678 0.000000
4920.116155 0.000000
4920.157631 0.000000
4920.199108 0.000000
4920.240584 0.000000
4920.282061 0.000000
4920.323537 0.000000
4920.365014 0.000000
4920.406491 0.000000
4920.447967 0.000000
4920.489444 0.000000
4920.530920 0.000000
4920.572397 0.000000
4920.613873 0.000000
4920.655350 0.000000
4920.696827 0.000000
4920.738303 0.000000
4920.779780 0.000000
4920.821256 0.000000
4920.862733 0.000000
4920.904209 0.000000
4920.945686 0.000000
4920.987163 0.000000
4921.028639 0.000000
4921.070116 0.000000
4921.111592 0.000000
4921.153069 0.000000
4921.194545 0.000000
4921.236022 0.000000
4921.277498 0.000000
4921.318975 0.000000
4921.360452 0.000000
4921.401928 0.000000
4921.443405 0.000000
4921.484881 0.000000
4921.526358 0.000000
4921.567834 0.000000
4921.609311 0.000000
4921.650788 0.000000
4921.692264 0.000000
4921.733741 0.000000
4921.775217 0.000000
4921.816694 0.000000
4921.858170 0.000000
4921.899647 0.000000
4921.941124 0.000000
4921.982600 0.000000
4922.024077 0.000000
4922.065553 0.000000
4922.107030 0.000000
4922.148506 0.000000
4922.189983 0.000000
4922.231459 0.000000
4922.272936 0.000000
4922.314413 0.000000
4922.355889 0.000000
4922.397366 0.000000
4922.438842 0.000000
4922.480319 0.000000
4922.521795 0.000000
4922.563272 0.000000
4922.604749 0.000000
4922.646225 0.000000
4922.687702 0.000000
4922.729178 0.000000
4922.770655 0.000000
4922.812131 0.000000
4922.853608 0.000000
4922.895085 0.000000
4922.936561 0.000000
4922.978038 0.000000
4923.019514 0.000000
4923.060991 0.000000
4923.102467 0.000000
4923.143944 0.000000
4923.185421 0.000000
4923.226897 0.000000
4923.268374 0.000000
4923.309850 0.000000
4923.351327 0.000000
4923.392803 0.000000
4923.434280 0.000000
4923.475756 0.000000
4923.517233 0.000000
4923.558710 0.000000
4923.600186 0.000000
4923.641663 0.000000
4923.683139 0.000000
4923.724616 0.000000
4923.766092 0.000000
4923.807569 0.000000
4923.849046 0.000000
4923.890522 0.000000
4923.931999 0.000000
4923.973475 0.000000
4924.014952 0.000000
4924.056428 0.000000
4924.097905 0.000000
4924.139382 0.000000
4924.180858 0.000000
4924.222335 0.000000
4924.263811 0.000000
4924.305288 0.000000
4924.346764 0.000000
4924.388241 0.000000
4924.429717 0.000000
4924.471194 0.000000
4924.512671 0.000000
4924.554147 0.000000
4924.595624 0.000000
4924.637100 0.000000
4924.678577 0.000000
4924.720053 0.000000
4924.761530 0.000000
4924.803007 0.000000
4924.844483 0.000000
4924.885960 0.000000
4924.927436 0.000000
4924.968913 0.000000
4925.010389 0.000000
4925.051866 0.000000
4925.093343 0.000000
4925.134819 0.000000
4925.176296 0.000000
4925.217772 0.000000
4925.259249 0.000000
4925.300725 0.000000
4925.342202 0.000000
4925.383678 0.000000
4925.425155 0.000000
4925.466632 0.000000
4925.508108 0.000000
4925.549585 0.000000
4925.591061 0.000000
4925.632538 0.000000
4925.674014 0.000000
4925.715491 0.000000
4925.756968 0.000000
4925.798444 0.000000
4925.839921 0.000000
4925.881397 0.000000
4925.922874 0.000000
4925.964350 0.000000
4926.005827 0.000000
4926.047304 0.000000
4926.088780 0.000000
4926.130257 0.000000
4926.171733 0.000000
4926.213210 0.000000
4926.254686 0.000000
4926.296163 0.000000
4926.337639 0.000000
4926.379116 0.000000
4926.420593 0.000000
4926.462069 0.000000
4926.503546 0.000000
4926.545022 0.000000
4926.586499 0.000000
4926.627975 0.000000
4926.669452 0.000000
4926.710929 0.000000
4926.752405 0.000000
4926.793882 0.000000
4926.835358 0.000000
4926.876835 0.000000
4926.918311 0.000000
4926.959788 0.000000
4927.001265 0.000000
4927.042741 0.000000
4927.084218 0.000000
4927.125694 0.000000
4927.167171 0.000000
4927.208647 0.000000
4927.250124 0.000000
4927.291601 0.000000
4927.333077 0.000000
4927.374554 0.000000
4927.416030 0.000000
4927.457507 0.000000
4927.498983 0.000000
4927.540460 0.000000
4927.581936 0.000000
4927.623413 0.000000
4927.664890 0.000000
4927.706366 0.000000
4927.747843 0.000000
4927.789319 0.000000
4927.830796 0.000000
4927.872272 0.000000
4927.913749 0.000000
4927.955226 0.000000
4927.996702 0.000000
4928.038179 0.000000
4928.079655 0.000000
4928.121132 0.000000
4928.162608 0.000000
4928.204085 0.000000
4928.245562 0.000000
4928.287038 0.000000
4928.328515 0.000000
4928.369991 0.000000
4928.411468 0.000000
4928.452944 0.000000
4928.494421 0.000000
4928.535897 0.000000
4928.577374 0.000000
4928.618851 0.000000
4928.660327 0.000000
4928.701804 0.000000
4928.743280 0.000000
4928.784757 0.000000
4928.826233 0.000000
4928.867710 0.000000
4928.909187 0.000000
4928.950663 0.000000
4928.992140 0.000000
4929.033616 0.000000
4929.075093 0.000000
4929.116569 0.000000
4929.158046 0.000000
4929.199523 0.000000
4929.240999 0.000000
4929.282476 0.000000
4929.323952 0.000000
4929.365429 0.000000
4929.406905 0.000000
4929.448382 0.000000
4929.489858 0.000000
4929.531335 0.000000
4929.572812 0.000000
4929.614288 0.000000
4929.655765 0.000000
4929.697241 0.000000
4929.738718 0.000000
4929.780194 0.000000
4929.821671 0.000000
4929.863148 0.000000
4929.904624 0.000000
4929.946101 0.000000
4929.987577 0.000000
4930.029054 0.000000
4930.070530 0.000000
4930.112007 0.000000
4930.153484 0.000000
4930.194960 0.000000
4930.236437 0.000000
4930.277913 0.000000
4930.319390 0.000000
4930.360866 0.000000
4930.402343 0.000000
4930.443820 0.000000
4930.485296 0.000000
4930.526773 0.000000
4930.568249 0.000000
4930.609726 0.000000
4930.651202 0.000000
4930.692679 0.000000
4930.734155 0.000000
4930.775632 0.000000
4930.817109 0.000000
4930.858585 0.000000
4930.900062 0.000000
4930.941538 0.000000
4930.983015 0.000000
4931.024491 0.000000
4931.065968 0.000000
4931.107445 0.000000
4931.148921 0.000000
4931.190398 0.000000
4931.231874 0.000000
4931.273351 0.000000
4931.314827 0.000000
4931.356304 0.000000
4931.397781 0.000000
4931.439257 0.000000
4931.480734 0.000000
4931.522210 0.000000
4931.563687 0.000000
4931.605163 0.000000
4931.646640 0.000000
4931.688116 0.000000
4931.729593 0.000000
4931.771070 0.000000
4931.812546 0.000000
4931.854023 0.000000
4931.895499 0.000000
4931.936976 0.000000
4931.978452 0.000000
4932.019929 0.000000
4932.061406 0.000000
4932.102882 0.000000
4932.144359 0.000000
4932.185835 0.000000
4932.227312 0.000000
4932.268788 0.000000
4932.310265 0.000000
4932.351742 0.000000
4932.393218 0.000000
4932.434695 0.000000
4932.476171 0.000000
4932.517648 0.000000
4932.559124 0.000000
4932.600601 0.000000
4932.642077 0.000000
4932.683554 0.000000
4932.725031 0.000000
4932.766507 0.000000
4932.807984 0.000000
4932.849460 0.000000
4932.890937 0.000000
4932.932413 0.000000
4932.973890 0.000000
4933.015367 0.000000
4933.056843 0.000000
4933.098320 0.000000
4933.139796 0.000000
4933.181273 0.000000
4933.222749 0.000000
4933.264226 0.000000
4933.305703 0.000000
4933.347179 0.000000
4933.388656 0.000000
4933.430132 0.000000
4933.471609 0.000000
4933.513085 0.000000
4933.554562 0.000000
4933.596039 0.000000
4933.637515 0.000000
4933.678992 0.000000
4933.720468 0.000000
4933.761945 0.000000
4933.803421 0.000000
4933.844898 0.000000
4933.886374 0.000000
4933.927851 0.000000
4933.969328 0.000000
4934.010804 0.000000
4934.052281 0.000000
4934.093757 0.000000
4934.135234 0.000000
4934.176710 0.000000
4934.218187 0.000000
4934.259664 0.000000
4934.301140 0.000000
4934.342617 0.000000
4934.384093 0.000000
4934.425570 0.000000
4934.467046 0.000000
4934.508523 0.000000
4934.550000 0.000000
4934.591476 0.000000
4934.632953 0.000000
4934.674429 0.000000
4934.715906 0.000000
4934.757382 0.000000
4934.798859 0.000000
4934.840335 0.000000
4934.881812 0.000000
4934.923289 0.000000
4934.964765 0.000000
4935.006242 0.000000
4935.047718 0.000000
4935.089195 0.000000
4935.130671 0.000000
4935.172148 0.000000
4935.213625 0.000000
4935.255101 0.000000
4935.296578 0.000000
4935.338054 0.000000
4935.379531 0.000000
4935.421007 0.000000
4935.462484 0.000000
4935.503961 0.000000
4935.545437 0.000000
4935.586914 0.000000
4935.628390 0.000000
4935.669867 0.000000
4935.711343 0.000000
4935.752820 0.000000
4935.794296 0.000000
4935.835773 0.000000
4935.877250 0.000000
4935.918726 0.000000
4935.960203 0.000000
4936.001679 0.000000
4936.043156 0.000000
4936.084632 0.000000
4936.126109 0.000000
4936.167586 0.000000
4936.209062 0.000000
4936.250539 0.000000
4936.292015 0.000000
4936.333492 0.000000
4936.374968 0.000000
4936.416445 0.000000
4936.457922 0.000000
4936.499398 0.000000
4936.540875 0.000000
4936.582351 0.000000
4936.623828 0.000000
4936.665304 0.000000
4936.706781 0.000000
4936.748257 0.000000
4936.789734 0.000000
4936.831211 0.000000
4936.872687 0.000000
4936.914164 0.000000
4936.955640 0.000000
4936.997117 0.000000
4937.038593 0.000000
4937.080070 0.000000
4937.121547 0.000000
4937.163023 0.000000
4937.204500 0.000000
4937.245976 0.000000
4937.287453 0.000000
4937.328929 0.000000
4937.370406 0.000000
4937.411883 0.000000
4937.453359 0.000000
4937.494836 0.000000
4937.536312 0.000000
4937.577789 0.000000
4937.619265 0.000000
4937.660742 0.000000
4937.702219 0.000000
4937.743695 0.000000
4937.785172 0.000000
4937.826648 0.000000
4937.868125 0.000000
4937.909601 0.000000
4937.951078 0.000000
4937.992554 0.000000
4938.034031 0.000000
4938.075508 0.000000
4938.116984 0.000000
4938.158461 0.000000
4938.199937 0.000000
4938.241414 0.000000
4938.282890 0.000000
4938.324367 0.000000
4938.365844 0.000000
4938.407320 0.000000
4938.448797 0.000000
4938.490273 0.000000
4938.531750 0.000000
4938.573226 0.000000
4938.614703 0.000000
4938.656180 0.000000
4938.697656 0.000000
4938.739133 0.000000
4938.780609 0.000000
4938.822086 0.000000
4938.863562 0.000000
4938.905039 0.000000
4938.946515 0.000000
4938.987992 0.000000
4939.029469 0.000000
4939.070945 0.000000
4939.112422 0.000000
4939.153898 0.000000
4939.195375 0.000000
4939.236851 0.000000
4939.278328 0.000000
4939.319805 0.000000
4939.361281 0.000000
4939.402758 0.000000
4939.444234 0.000000
4939.485711 0.000000
4939.527187 0.000000
4939.568664 0.000000
4939.610141 0.000000
4939.651617 0.000000
4939.693094 0.000000
4939.734570 0.000000
4939.776047 0.000000
4939.817523 0.000000
4939.859000 0.000000
4939.900476 0.000000
4939.941953 0.000000
4939.983430 0.000000
4940.024906 0.000000
4940.066383 0.000000
4940.107859 0.000000
4940.149336 0.000000
4940.190812 0.000000
4940.232289 0.000000
4940.273766 0.000000
4940.315242 0.000000
4940.356719 0.000000
4940.398195 0.000000
4940.439672 0.000000
4940.481148 0.000000
4940.522625 0.000000
4940.564102 0.000000
4940.605578 0.000000
4940.647055 0.000000
4940.688531 0.000000
4940.730008 0.000000
4940.771484 0.000000
4940.812961 0.000000
4940.854438 0.000000
4940.895914 0.000000
4940.937391 0.000000
4940.978867 0.000000
4941.020344 0.000000
4941.061820 0.000000
4941.103297 0.000000
4941.144773 0.000000
4941.186250 0.000000
4941.227727 0.000000
4941.269203 0.000000
4941.310680 0.000000
4941.352156 0.000000
4941.393633 0.000000
4941.435109 0.000000
4941.476586 0.000000
4941.518063 0.000000
4941.559539 0.000000
4941.601016 0.000000
4941.642492 0.000000
4941.683969 0.000000
4941.725445 0.000000
4941.766922 0.000000
4941.808399 0.000000
4941.849875 0.000000
4941.891352 0.000000
4941.932828 0.000000
4941.974305 0.000000
4942.015781 0.000000
4942.057258 0.000000
4942.098734 0.000000
4942.140211 0.000000
4942.181688 0.000000
4942.223164 0.000000
4942.264641 0.000000
4942.306117 0.000000
4942.347594 0.000000
4942.389070 0.000000
4942.430547 0.000000
4942.472024 0.000000
4942.513500 0.000000
4942.554977 0.000000
4942.596453 0.000000
4942.637930 0.000000
4942.679406 0.000000
4942.720883 0.000000
4942.762360 0.000000
4942.803836 0.000000
4942.845313 0.000000
4942.886789 0.000000
4942.928266 0.000000
4942.969742 0.000000
4943.011219 0.000000
4943.052695 0.000000
4943.094172 0.000000
4943.135649 0.000000
4943.177125 0.000000
4943.218602 0.000000
4943.260078 0.000000
4943.301555 0.000000
4943.343031 0.000000
4943.384508 0.000000
4943.425985 0.000000
4943.467461 0.000000
4943.508938 0.000000
4943.550414 0.000000
4943.591891 0.000000
4943.633367 0.000000
4943.674844 0.000000
4943.716321 0.000000
4943.757797 0.000000
4943.799274 0.000000
4943.840750 0.000000
4943.882227 0.000000
4943.923703 0.000000
4943.965180 0.000000
4944.006657 0.000000
4944.048133 0.000000
4944.089610 0.000000
4944.131086 0.000000
4944.172563 0.000000
4944.214039 0.000000
4944.255516 0.000000
4944.296992 0.000000
4944.338469 0.000000
4944.379946 0.000000
4944.421422 0.000000
4944.462899 0.000000
4944.504375 0.000000
4944.545852 0.000000
4944.587328 0.000000
4944.628805 0.000000
4944.670282 0.000000
4944.711758 0.000000
4944.753235 0.000000
4944.794711 0.000000
4944.836188 0.000000
4944.877664 0.000000
4944.919141 0.000000
4944.960618 0.000000
4945.002094 0.000000
4945.043571 0.000000
4945.085047 0.000000
4945.126524 0.000000
4945.168000 0.000000
4945.209477 0.000000
4945.250953 0.000000
4945.292430 0.000000
4945.333907 0.000000
4945.375383 0.000000
4945.416860 0.000000
4945.458336 0.000000
4945.499813 0.000000
4945.541289 0.000000
4945.582766 0.000000
4945.624243 0.000000
4945.665719 0.000000
4945.707196 0.000000
4945.748672 0.000000
4945.790149 0.000000
4945.831625 0.000000
4945.873102 0.000000
4945.914579 0.000000
4945.956055 0.000000
4945.997532 0.000000
4946.039008 0.000000
4946.080485 0.000000
4946.121961 0.000000
4946.163438 0.000000
4946.204914 0.000000
4946.246391 0.000000
4946.287868 0.000000
4946.329344 0.000000
4946.370821 0.000000
4946.412297 0.000000
4946.453774 0.000000
4946.495250 0.000000
4946.536727 0.000000
4946.578204 0.000000
4946.619680 0.000000
4946.661157 0.000000
4946.702633 0.000000
4946.744110 0.000000
4946.785586 0.000000
4946.827063 0.000000
4946.868540 0.000000
4946.910016 0.000000
4946.951493 0.000000
4946.992969 0.000000
4947.034446 0.000000
4947.075922 0.000000
4947.117399 0.000000
4947.158875 0.000000
4947.200352 0.000000
4947.241829 0.000000
4947.283305 0.000000
4947.324782 0.000000
4947.366258 0.000000
4947.407735 0.000000
4947.449211 0.000000
4947.490688 0.000000
4947.532165 0.000000
4947.573641 0.000000
4947.615118 0.000000
4947.656594 0.000000
4947.698071 0.000000
4947.739547 0.000000
4947.781024 0.000000
4947.822501 0.000000
4947.863977 0.000000
4947.905454 0.000000
4947.946930 0.000000
4947.988407 0.000000
4948.029883 0.000000
4948.071360 0.000000
4948.112837 0.000000
4948.154313 0.000000
4948.195790 0.000000
4948.237266 0.000000
4948.278743 0.000000
4948.320219 0.000000
4948.361696 0.000000
4948.403172 0.000000
4948.444649 0.000000
4948.486126 0.000000
4948.527602 0.000000
4948.569079 0.000000
4948.610555 0.000000
4948.652032 0.000000
4948.693508 0.000000
4948.734985 0.000000
4948.776462 0.000000
4948.817938 0.000000
4948.859415 0.000000
4948.900891 0.000000
4948.942368 0.000000
4948.983844 0.000000
4949.025321 0.000000
4949.066798 0.000000
4949.108274 0.000000
4949.149751 0.000000
4949.191227 0.000000
4949.232704 0.000000
4949.274180 0.000000
4949.315657 0.000000
4949.357133 0.000000
4949.398610 0.000000
4949.440087 0.000000
4949.481563 0.000000
4949.523040 0.000000
4949.564516 0.000000
4949.605993 0.000000
4949.647469 0.000000
4949.688946 0.000000
4949.730423 0.000000
4949.771899 0.000000
4949.813376 0.000000
4949.854852 0.000000
4949.896329 0.000000
4949.937805 0.000000
4949.979282 0.000000
4950.020759 0.000000
4950.062235 0.000000
4950.103712 0.000000
4950.145188 0.000000
4950.186665 0.000000
4950.228141 0.000000
4950.269618 0.000000
4950.311094 0.000000
4950.352571 0.000000
4950.394048 0.000000
4950.435524 0.000000
4950.477001 0.000000
4950.518477 0.000000
4950.559954 0.000000
4950.601430 0.000000
4950.642907 0.000000
4950.684384 0.000000
4950.725860 0.000000
4950.767337 0.000000
4950.808813 0.000000
4950.850290 0.000000
4950.891766 0.000000
4950.933243 0.000000
4950.974720 0.000000
4951.016196 0.000000
4951.057673 0.000000
4951.099149 0.000000
4951.140626 0.000000
4951.182102 0.000000
4951.223579 0.000000
4951.265056 0.000000
4951.306532 0.000000
4951.348009 0.000000
4951.389485 0.000000
4951.430962 0.000000
4951.472438 0.000000
4951.513915 0.000000
4951.555391 0.000000
4951.596868 0.000000
4951.638345 0.000000
4951.679821 0.000000
4951.721298 0.000000
4951.762774 0.000000
4951.804251 0.000000
4951.845727 0.000000
4951.887204 0.000000
4951.928681 0.000000
4951.970157 0.000000
4952.011634 0.000000
4952.053110 0.000000
4952.094587 0.000000
4952.136063 0.000000
4952.177540 0.000000
4952.219017 0.000000
4952.260493 0.000000
4952.301970 0.000000
4952.343446 0.000000
4952.384923 0.000000
4952.426399 0.000000
4952.467876 0.000000
4952.509352 0.000000
4952.550829 0.000000
4952.592306 0.000000
4952.633782 0.000000
4952.675259 0.000000
4952.716735 0.000000
4952.758212 0.000000
4952.799688 0.000000
4952.841165 0.000000
4952.882642 0.000000
4952.924118 0.000000
4952.965595 0.000000
4953.007071 0.000000
4953.048548 0.000000
4953.090024 0.000000
4953.131501 0.000000
4953.172978 0.000000
4953.214454 0.000000
4953.255931 0.000000
4953.297407 0.000000
4953.338884 0.000000
4953.380360 0.000000
4953.421837 0.000000
4953.463313 0.000000
4953.504790 0.000000
4953.546267 0.000000
4953.587743 0.000000
4953.629220 0.000000
4953.670696 0.000000
4953.712173 0.000000
4953.753649 0.000000
4953.795126 0.000000
4953.836603 0.000000
4953.878079 0.000000
4953.919556 0.000000
4953.961032 0.000000
4954.002509 0.000000
4954.043985 0.000000
4954.085462 0.000000
4954.126939 0.000000
4954.168415 0.000000
4954.209892 0.000000
4954.251368 0.000000
4954.292845 0.000000
4954.334321 0.000000
4954.375798 0.000000
4954.417275 0.000000
4954.458751 0.000000
4954.500228 0.000000
4954.541704 0.000000
4954.583181 0.000000
4954.624657 0.000000
4954.666134 0.000000
4954.707610 0.000000
4954.749087 0.000000
4954.790564 0.000000
4954.832040 0.000000
4954.873517 0.000000
4954.914993 0.000000
4954.956470 0.000000
4954.997946 0.000000
4955.039423 0.000000
4955.080900 0.000000
4955.122376 0.000000
4955.163853 0.000000
4955.205329 0.000000
4955.246806 0.000000
4955.288282 0.000000
4955.329759 0.000000
4955.371236 0.000000
4955.412712 0.000000
4955.454189 0.000000
4955.495665 0.000000
4955.537142 0.000000
4955.578618 0.000000
4955.620095 0.000000
4955.661571 0.000000
4955.703048 0.000000
4955.744525 0.000000
4955.786001 0.000000
4955.827478 0.000000
4955.868954 0.000000
4955.910431 0.000000
4955.951907 0.000000
4955.993384 0.000000
4956.034861 0.000000
4956.076337 0.000000
4956.117814 0.000000
4956.159290 0.000000
4956.200767 0.000000
4956.242243 0.000000
4956.283720 0.000000
4956.325197 0.000000
4956.366673 0.000000
4956.408150 0.000000
4956.449626 0.000000
4956.491103 0.000000
4956.532579 0.000000
4956.574056 0.000000
4956.615532 0.000000
4956.657009 0.000000
4956.698486 0.000000
4956.739962 0.000000
4956.781439 0.000000
4956.822915 0.000000
4956.864392 0.000000
4956.905868 0.000000
4956.947345 0.000000
4956.988822 0.000000
4957.030298 0.000000
4957.071775 0.000000
4957.113251 0.000000
4957.154728 0.000000
4957.196204 0.000000
4957.237681 0.000000
4957.279158 0.000000
4957.320634 0.000000
4957.362111 0.000000
4957.403587 0.000000
4957.445064 0.000000
4957.486540 0.000000
4957.528017 0.000000
4957.569493 0.000000
4957.610970 0.000000
4957.652447 0.000000
4957.693923 0.000000
4957.735400 0.000000
4957.776876 0.000000
4957.818353 0.000000
4957.859829 0.000000
4957.901306 0.000000
4957.942783 0.000000
4957.984259 0.000000
4958.025736 0.000000
4958.067212 0.000000
4958.108689 0.000000
4958.150165 0.000000
4958.191642 0.000000
4958.233119 0.000000
4958.274595 0.000000
4958.316072 0.000000
4958.357548 0.000000
4958.399025 0.000000
4958.440501 0.000000
4958.481978 0.000000
4958.523455 0.000000
4958.564931 0.000000
4958.606408 0.000000
4958.647884 0.000000
4958.689361 0.000000
4958.730837 0.000000
4958.772314 0.000000
4958.813790 0.000000
4958.855267 0.000000
4958.896744 0.000000
4958.938220 0.000000
4958.979697 0.000000
4959.021173 0.000000
4959.062650 0.000000
4959.104126 0.000000
4959.145603 0.000000
4959.187080 0.000000
4959.228556 0.000000
4959.270033 0.000000
4959.311509 0.000000
4959.352986 0.000000
4959.394462 0.000000
4959.435939 0.000000
4959.477416 0.000000
4959.518892 0.000000
4959.560369 0.000000
4959.601845 0.000000
4959.643322 0.000000
4959.684798 0.000000
4959.726275 0.000000
4959.767751 0.000000
4959.809228 0.000000
4959.850705 0.000000
4959.892181 0.000000
4959.933658 0.000000
4959.975134 0.000000
4960.016611 0.000000
4960.058087 0.000000
4960.099564 0.000000
4960.141041 0.000000
4960.182517 0.000000
4960.223994 0.000000
4960.265470 0.000000
4960.306947 0.000000
4960.348423 0.000000
4960.389900 0.000000
4960.431377 0.000000
4960.472853 0.000000
4960.514330 0.000000
4960.555806 0.000000
4960.597283 0.000000
4960.638759 0.000000
4960.680236 0.000000
4960.721712 0.000000
4960.763189 0.000000
4960.804666 0.000000
4960.846142 0.000000
4960.887619 0.000000
4960.929095 0.000000
4960.970572 0.000000
4961.012048 0.000000
4961.053525 0.000000
4961.095002 0.000000
4961.136478 0.000000
4961.177955 0.000000
4961.219431 0.000000
4961.260908 0.000000
4961.302384 0.000000
4961.343861 0.000000
4961.385338 0.000000
4961.426814 0.000000
4961.468291 0.000000
4961.509767 0.000000
4961.551244 0.000000
4961.592720 0.000000
4961.634197 0.000000
4961.675674 0.000000
4961.717150 0.000000
4961.758627 0.000000
4961.800103 0.000000
4961.841580 0.000000
4961.883056 0.000000
4961.924533 0.000000
4961.966009 0.000000
4962.007486 0.000000
4962.048963 0.000000
4962.090439 0.000000
4962.131916 0.000000
4962.173392 0.000000
4962.214869 0.000000
4962.256345 0.000000
4962.297822 0.000000
4962.339299 0.000000
4962.380775 0.000000
4962.422252 0.000000
4962.463728 0.000000
4962.505205 0.000000
4962.546681 0.000000
4962.588158 0.000000
4962.629635 0.000000
4962.671111 0.000000
4962.712588 0.000000
4962.754064 0.000000
4962.795541 0.000000
4962.837017 0.000000
4962.878494 0.000000
4962.919970 0.000000
4962.961447 0.000000
4963.002924 0.000000
4963.044400 0.000000
4963.085877 0.000000
4963.127353 0.000000
4963.168830 0.000000
4963.210306 0.000000
4963.251783 0.000000
4963.293260 0.000000
4963.334736 0.000000
4963.376213 0.000000
4963.417689 0.000000
4963.459166 0.000000
4963.500642 0.000000
4963.542119 0.000000
4963.583596 0.000000
4963.625072 0.000000
4963.666549 0.000000
4963.708025 0.000000
4963.749502 0.000000
4963.790978 0.000000
4963.832455 0.000000
4963.873931 0.000000
4963.915408 0.000000
4963.956885 0.000000
4963.998361 0.000000
4964.039838 0.000000
4964.081314 0.000000
4964.122791 0.000000
4964.164267 0.000000
4964.205744 0.000000
4964.247221 0.000000
4964.288697 0.000000
4964.330174 0.000000
4964.371650 0.000000
4964.413127 0.000000
4964.454603 0.000000
4964.496080 0.000000
4964.537557 0.000000
4964.579033 0.000000
4964.620510 0.000000
4964.661986 0.000000
4964.703463 0.000000
4964.744939 0.000000
4964.786416 0.000000
4964.827893 0.000000
4964.869369 0.000000
4964.910846 0.000000
4964.952322 0.000000
4964.993799 0.000000
4965.035275 0.000000
4965.076752 0.000000
4965.118228 0.000000
4965.159705 0.000000
4965.201182 0.000000
4965.242658 0.000000
4965.284135 0.000000
4965.325611 0.000000
4965.367088 0.000000
4965.408564 0.000000
4965.450041 0.000000
4965.491518 0.000000
4965.532994 0.000000
4965.574471 0.000000
4965.615947 0.000000
4965.657424 0.000000
4965.698900 0.000000
4965.740377 0.000000
4965.781854 0.000000
4965.823330 0.000000
4965.864807 0.000000
4965.906283 0.000000
4965.947760 0.000000
4965.989236 0.000000
4966.030713 0.000000
4966.072189 0.000000
4966.113666 0.000000
4966.155143 0.000000
4966.196619 0.000000
4966.238096 0.000000
4966.279572 0.000000
4966.321049 0.000000
4966.362525 0.000000
4966.404002 0.000000
4966.445479 0.000000
4966.486955 0.000000
4966.528432 0.000000
4966.569908 0.000000
4966.611385 0.000000
4966.652861 0.000000
4966.694338 0.000000
4966.735815 0.000000
4966.777291 0.000000
4966.818768 0.000000
4966.860244 0.000000
4966.901721 0.000000
4966.943197 0.000000
4966.984674 0.000000
4967.026150 0.000000
4967.067627 0.000000
4967.109104 0.000000
4967.150580 0.000000
4967.192057 0.000000
4967.233533 0.000000
4967.275010 0.000000
4967.316486 0.000000
4967.357963 0.000000
4967.399440 0.000000
4967.440916 0.000000
4967.482393 0.000000
4967.523869 0.000000
4967.565346 0.000000
4967.606822 0.000000
4967.648299 0.000000
4967.689776 0.000000
4967.731252 0.000000
4967.772729 0.000000
4967.814205 0.000000
4967.855682 0.000000
4967.897158 0.000000
4967.938635 0.000000
4967.980112 0.000000
4968.021588 0.000000
4968.063065 0.000000
4968.104541 0.000000
4968.146018 0.000000
4968.187494 0.000000
4968.228971 0.000000
4968.270447 0.000000
4968.311924 0.000000
4968.353401 0.000000
4968.394877 0.000000
4968.436354 0.000000
4968.477830 0.000000
4968.519307 0.000000
4968.560783 0.000000
4968.602260 0.000000
4968.643737 0.000000
4968.685213 0.000000
4968.726690 0.000000
4968.768166 0.000000
4968.809643 0.000000
4968.851119 0.000000
4968.892596 0.000000
4968.934073 0.000000
4968.975549 0.000000
4969.017026 0.000000
4969.058502 0.000000
4969.099979 0.000000
4969.141455 0.000000
4969.182932 0.000000
4969.224408 0.000000
4969.265885 0.000000
4969.307362 0.000000
4969.348838 0.000000
4969.390315 0.000000
4969.431791 0.000000
4969.473268 0.000000
4969.514744 0.000000
4969.556221 0.000000
4969.597698 0.000000
4969.639174 0.000000
4969.680651 0.000000
4969.722127 0.000000
4969.763604 0.000000
4969.805080 0.000000
4969.846557 0.000000
4969.888034 0.000000
4969.929510 0.000000
4969.970987 0.000000
4970.012463 0.000000
4970.053940 0.000000
4970.095416 0.000000
4970.136893 0.000000
4970.178369 0.000000
4970.219846 0.000000
4970.261323 0.000000
4970.302799 0.000000
4970.344276 0.000000
4970.385752 0.000000
4970.427229 0.000000
4970.468705 0.000000
4970.510182 0.000000
4970.551659 0.000000
4970.593135 0.000000
4970.634612 0.000000
4970.676088 0.000000
4970.717565 0.000000
4970.759041 0.000000
4970.800518 0.000000
4970.841995 0.000000
4970.883471 0.000000
4970.924948 0.000000
4970.966424 0.000000
4971.007901 0.000000
4971.049377 0.000000
4971.090854 0.000000
4971.132330 0.000000
4971.173807 0.000000
4971.215284 0.000000
4971.256760 0.000000
4971.298237 0.000000
4971.339713 0.000000
4971.381190 0.000000
4971.422666 0.000000
4971.464143 0.000000
4971.505620 0.000000
4971.547096 0.000000
4971.588573 0.000000
4971.630049 0.000000
4971.671526 0.000000
4971.713002 0.000000
4971.754479 0.000000
4971.795956 0.000000
4971.837432 0.000000
4971.878909 0.000000
4971.920385 0.000000
4971.961862 0.000000
4972.003338 0.000000
4972.044815 0.000000
4972.086292 0.000000
4972.127768 0.000000
4972.169245 0.000000
4972.210721 0.000000
4972.252198 0.000000
4972.293674 0.000000
4972.335151 0.000000
4972.376627 0.000000
4972.418104 0.000000
4972.459581 0.000000
4972.501057 0.000000
4972.542534 0.000000
4972.584010 0.000000
4972.625487 0.000000
4972.666963 0.000000
4972.708440 0.000000
4972.749917 0.000000
4972.791393 0.000000
4972.832870 0.000000
4972.874346 0.000000
4972.915823 0.000000
4972.957299 0.000000
4972.998776 0.000000
4973.040253 0.000000
4973.081729 0.000000
4973.123206 0.000000
4973.164682 0.000000
4973.206159 0.000000
4973.247635 0.000000
4973.289112 0.000000
4973.330588 0.000000
4973.372065 0.000000
4973.413542 0.000000
4973.455018 0.000000
4973.496495 0.000000
4973.537971 0.000000
4973.579448 0.000000
4973.620924 0.000000
4973.662401 0.000000
4973.703878 0.000000
4973.745354 0.000000
4973.786831 0.000000
4973.828307 0.000000
4973.869784 0.000000
4973.911260 0.000000
4973.952737 0.000000
4973.994214 0.000000
4974.035690 0.000000
4974.077167 0.000000
4974.118643 0.000000
4974.160120 0.000000
4974.201596 0.000000
4974.243073 0.000000
4974.284549 0.000000
4974.326026 0.000000
4974.367503 0.000000
4974.408979 0.000000
4974.450456 0.000000
4974.491932 0.000000
4974.533409 0.000000
4974.574885 0.000000
4974.616362 0.000000
4974.657839 0.000000
4974.699315 0.000000
4974.740792 0.000000
4974.782268 0.000000
4974.823745 0.000000
4974.865221 0.000000
4974.906698 0.000000
4974.948175 0.000000
4974.989651 0.000000
4975.031128 0.000000
4975.072604 0.000000
4975.114081 0.000000
4975.155557 0.000000
4975.197034 0.000000
4975.238511 0.000000
4975.279987 0.000000
4975.321464 0.000000
4975.362940 0.000000
4975.404417 0.000000
4975.445893 0.000000
4975.487370 0.000000
4975.528846 0.000000
4975.570323 0.000000
4975.611800 0.000000
4975.653276 0.000000
4975.694753 0.000000
4975.736229 0.000000
4975.777706 0.000000
4975.819182 0.000000
4975.860659 0.000000
4975.902136 0.000000
4975.943612 0.000001
4975.985089 0.000001
4976.026565 0.000001
4976.068042 0.000001
4976.109518 0.000001
4976.150995 0.000001
4976.192472 0.000001
4976.233948 0.000001
4976.275425 0.000001
4976.316901 0.000001
4976.358378 0.000001
4976.399854 0.000001
4976.441331 0.000001
4976.482807 0.000001
4976.524284 0.000001
4976.565761 0.000001
4976.607237 0.000001
4976.648714 0.000001
4976.690190 0.000001
4976.731667 0.000001
4976.773143 0.000001
4976.814620 0.000001
4976.856097 0.000001
4976.897573 0.000001
4976.939050 0.000001
4976.980526 0.000001
4977.022003 0.000001
4977.063479 0.000001
4977.104956 0.000001
4977.146433 0.000001
4977.187909 0.000001
4977.229386 0.000001
4977.270862 0.000002
4977.312339 0.000002
4977.353815 0.000002
4977.395292 0.000002
4977.436768 0.000002
4977.478245 0.000002
4977.519722 0.000002
4977.561198 0.000002
4977.602675 0.000002
4977.644151 0.000002
4977.685628 0.000002
4977.727104 0.000002
4977.768581 0.000002
4977.810058 0.000002
4977.851534 0.000002
4977.893011 0.000002
4977.934487 0.000003
4977.975964 0.000003
4978.017440 0.000003
4978.058917 0.000003
4978.100394 0.000003
4978.141870 0.000003
4978.183347 0.000003
4978.224823 0.000003
4978.266300 0.000003
4978.307776 0.000003
4978.349253 0.000004
4978.390730 0.000004
4978.432206 0.000004
4978.473683 0.000004
4978.515159 0.000004
4978.556636 0.000004
4978.598112 0.000004
4978.639589 0.000004
4978.681065 0.000005
4978.722542 0.000005
4978.764019 0.000005
4978.805495 0.000005
4978.846972 0.000005
4978.888448 0.000005
4978.929925 0.000005
4978.971401 0.000006
4979.012878 0.000006
4979.054355 0.000006
4979.095831 0.000006
4979.137308 0.000006
4979.178784 0.000007
4979.220261 0.000007
4979.261737 0.000007
4979.303214 0.000007
4979.344691 0.000008
4979.386167 0.000008
4979.427644 0.000008
4979.469120 0.000008
4979.510597 0.000008
4979.552073 0.000009
4979.593550 0.000009
4979.635026 0.000009
4979.676503 0.000010
4979.717980 0.000010
4979.759456 0.000010
4979.800933 0.000011
4979.842409 0.000011
4979.883886 0.000011
4979.925362 0.000012
4979.966839 0.000012
4980.008316 0.000012
4980.049792 0.000013
4980.091269 0.000013
4980.132745 0.000013
4980.174222 0.000014
4980.215698 0.000014
4980.257175 0.000015
4980.298652 0.000015
4980.340128 0.000016
4980.381605 0.000016
4980.423081 0.000017
4980.464558 0.000017
4980.506034 0.000018
4980.547511 0.000018
4980.588987 0.000019
4980.630464 0.000019
4980.671941 0.000020
4980.713417 0.000020
4980.754894 0.000021
4980.796370 0.000022
4980.837847 0.000022
4980.879323 0.000023
4980.920800 0.000024
4980.962277 0.000024
4981.003753 0.000025
4981.045230 0.000026
4981.086706 0.000027
4981.128183 0.000027
4981.169659 0.000028
4981.211136 0.000029
4981.252613 0.000030
4981.294089 0.000031
4981.335566 0.000032
4981.377042 0.000033
4981.418519 0.000033
4981.459995 0.000034
4981.501472 0.000035
4981.542948 0.000036
4981.584425 0.000038
4981.625902 0.000039
4981.667378 0.000040
4981.708855 0.000041
4981.750331 0.000042
4981.791808 0.000043
4981.833284 0.000045
4981.874761 0.000046
4981.916238 0.000047
4981.957714 0.000048
4981.999191 0.000050
4982.040667 0.000051
4982.082144 0.000053
4982.123620 0.000054
4982.165097 0.000056
4982.206574 0.000057
4982.248050 0.000059
4982.289527 0.000061
4982.331003 0.000062
4982.372480 0.000064
4982.413956 0.000066
4982.455433 0.000068
4982.496910 0.000070
4982.538386 0.000072
4982.579863 0.000074
4982.621339 0.000076
4982.662816 0.000078
4982.704292 0.000080
4982.745769 0.000082
4982.787245 0.000085
4982.828722 0.000087
4982.870199 0.000089
4982.911675 0.000092
4982.953152 0.000094
4982.994628 0.000097
4983.036105 0.000100
4983.077581 0.000102
4983.119058 0.000105
4983.160535 0.000108
4983.202011 0.000111
4983.243488 0.000114
4983.284964 0.000117
4983.326441 0.000120
4983.367917 0.000124
4983.409394 0.000127
4983.450871 0.000130
4983.492347 0.000134
4983.533824 0.000138
4983.575300 0.000141
4983.616777 0.000145
4983.658253 0.000149
4983.699730 0.000153
4983.741206 0.000157
4983.782683 0.000161
4983.824160 0.000165
4983.865636 0.000170
4983.907113 0.000174
4983.948589 0.000179
4983.990066 0.000184
4984.031542 0.000189
4984.073019 0.000194
4984.114496 0.000199
4984.155972 0.000204
4984.197449 0.000209
4984.238925 0.000215
4984.280402 0.000220
4984.321878 0.000226
4984.363355 0.000232
4984.404832 0.000238
4984.446308 0.000244
4984.487785 0.000251
4984.529261 0.000257
4984.570738 0.000264
4984.612214 0.000271
4984.653691 0.000278
4984.695167 0.000285
4984.736644 0.000292
4984.778121 0.000300
4984.819597 0.000307
4984.861074 0.000315
4984.902550 0.000323
4984.944027 0.000331
4984.985503 0.000340
4985.026980 0.000349
4985.068457 0.000357
4985.109933 0.000366
4985.151410 0.000376
4985.192886 0.000385
4985.234363 0.000395
4985.275839 0.000405
4985.317316 0.000415
4985.358793 0.000425
4985.400269 0.000436
4985.441746 0.000447
4985.483222 0.000458
4985.524699 0.000469
4985.566175 0.000481
4985.607652 0.000493
4985.649129 0.000505
4985.690605 0.000517
4985.732082 0.000530
4985.773558 0.000543
4985.815035 0.000557
4985.856511 0.000570
4985.897988 0.000584
4985.939464 0.000598
4985.980941 0.000613
4986.022418 0.000628
4986.063894 0.000643
4986.105371 0.000659
4986.146847 0.000675
4986.188324 0.000691
4986.229800 0.000708
4986.271277 0.000725
4986.312754 0.000742
4986.354230 0.000760
4986.395707 0.000778
4986.437183 0.000797
4986.478660 0.000816
4986.520136 0.000835
4986.561613 0.000855
4986.603090 0.000875
4986.644566 0.000896
4986.686043 0.000917
4986.727519 0.000939
4986.768996 0.000961
4986.810472 0.000983
4986.851949 0.001006
4986.893425 0.001030
4986.934902 0.001054
4986.976379 0.001079
4987.017855 0.001104
4987.059332 0.001129
4987.100808 0.001156
4987.142285 0.001182
4987.183761 0.001210
4987.225238 0.001237
4987.266715 0.001266
4987.308191 0.001295
4987.349668 0.001325
4987.391144 0.001355
4987.432621 0.001386
4987.474097 0.001417
4987.515574 0.001450
4987.557051 0.001483
4987.598527 0.001516
4987.640004 0.001550
4987.681480 0.001585
4987.722957 0.001621
4987.764433 0.001658
4987.805910 0.001695
4987.847386 0.001733
4987.888863 0.001771
4987.930340 0.001811
4987.971816 0.001851
4988.013293 0.001892
4988.054769 0.001934
4988.096246 0.001977
4988.137722 0.002021
4988.179199 0.002065
4988.220676 0.002111
4988.262152 0.002157
4988.303629 0.002204
4988.345105 0.002252
4988.386582 0.002301
4988.428058 0.002351
4988.469535 0.002402
4988.511012 0.002455
4988.552488 0.002508
4988.593965 0.002562
4988.635441 0.002617
4988.676918 0.002673
4988.718394 0.002731
4988.759871 0.002789
4988.801348 0.002849
4988.842824 0.002909
4988.884301 0.002971
4988.925777 0.003034
4988.967254 0.003099
4989.008730 0.003164
4989.050207 0.003231
4989.091683 0.003299
4989.133160 0.003368
4989.174637 0.003439
4989.216113 0.003511
4989.257590 0.003584
4989.299066 0.003659
4989.340543 0.003735
4989.382019 0.003813
4989.423496 0.003891
4989.464973 0.003972
4989.506449 0.004054
4989.547926 0.004137
4989.589402 0.004222
4989.630879 0.004309
4989.672355 0.004397
4989.713832 0.004486
4989.755309 0.004578
4989.796785 0.004671
4989.838262 0.004765
4989.879738 0.004862
4989.921215 0.004960
4989.962691 0.005059
4990.004168 0.005161
4990.045644 0.005265
4990.087121 0.005370
4990.128598 0.005477
4990.170074 0.005586
4990.211551 0.005697
4990.253027 0.005810
4990.294504 0.005925
4990.335980 0.006042
4990.377457 0.006161
4990.418934 0.006282
4990.460410 0.006405
4990.501887 0.006530
4990.543363 0.006658
4990.584840 0.006787
4990.626316 0.006919
4990.667793 0.007053
4990.709270 0.007190
4990.750746 0.007328
4990.792223 0.007469
4990.833699 0.007613
4990.875176 0.007759
4990.916652 0.007907
4990.958129 0.008058
4990.999605 0.008211
4991.041082 0.008367
4991.082559 0.008525
4991.124035 0.008687
4991.165512 0.008850
4991.206988 0.009017
4991.248465 0.009186
4991.289941 0.009358
4991.331418 0.009533
4991.372895 0.009710
4991.414371 0.009891
4991.455848 0.010074
4991.497324 0.010261
4991.538801 0.010450
4991.580277 0.010642
4991.621754 0.010838
4991.663231 0.011036
4991.704707 0.011238
4991.746184 0.011443
4991.787660 0.011651
4991.829137 0.011863
4991.870613 0.012077
4991.912090 0.012296
4991.953566 0.012517
4991.995043 0.012742
4992.036520 0.012970
4992.077996 0.013202
4992.119473 0.013438
4992.160949 0.013677
4992.202426 0.013920
4992.243902 0.014166
4992.285379 0.014417
4992.326856 0.014671
4992.368332 0.014929
4992.409809 0.015190
4992.451285 0.015456
4992.492762 0.015726
4992.534238 0.015999
4992.575715 0.016277
4992.617192 0.016559
4992.658668 0.016845
4992.700145 0.017135
4992.741621 0.017429
4992.783098 0.017728
4992.824574 0.018031
4992.866051 0.018338
4992.907528 0.018650
4992.949004 0.018966
4992.990481 0.019287
4993.031957 0.019613
4993.073434 0.019943
4993.114910 0.020277
4993.156387 0.020617
4993.197863 0.020961
4993.239340 0.021310
4993.280817 0.021664
4993.322293 0.022023
4993.363770 0.022387
4993.405246 0.022756
4993.446723 0.023130
4993.488199 0.023509
4993.529676 0.023893
4993.571153 0.024282
4993.612629 0.024677
4993.654106 0.025077
4993.695582 0.025483
4993.737059 0.025894
4993.778535 0.026310
4993.820012 0.026732
4993.861489 0.027160
4993.902965 0.027593
4993.944442 0.028032
4993.985918 0.028477
4994.027395 0.028927
4994.068871 0.029384
4994.110348 0.029846
4994.151824 0.030314
4994.193301 0.030789
4994.234778 0.031269
4994.276254 0.031756
4994.317731 0.032248
4994.359207 0.032747
4994.400684 0.033253
4994.442160 0.033764
4994.483637 0.034282
4994.525114 0.034806
4994.566590 0.035337
4994.608067 0.035875
4994.649543 0.036419
4994.691020 0.036970
4994.732496 0.037527
4994.773973 0.038092
4994.815450 0.038663
4994.856926 0.039241
4994.898403 0.039826
4994.939879 0.040418
4994.981356 0.041017
4995.022832 0.041623
4995.064309 0.042236
4995.105785 0.042857
4995.147262 0.043485
4995.188739 0.044120
4995.230215 0.044762
4995.271692 0.045412
4995.313168 0.046069
4995.354645 0.046734
4995.396121 0.047407
4995.437598 0.048087
4995.479075 0.048775
4995.520551 0.049471
4995.562028 0.050174
4995.603504 0.050886
4995.644981 0.051605
4995.686457 0.052332
4995.727934 0.053068
4995.769411 0.053811
4995.810887 0.054563
4995.852364 0.055322
4995.893840 0.056091
4995.935317 0.056867
4995.976793 0.057652
4996.018270 0.058445
4996.059747 0.059246
4996.101223 0.060057
4996.142700 0.060875
4996.184176 0.061703
4996.225653 0.062539
4996.267129 0.063384
4996.308606 0.064238
4996.350082 0.065100
4996.391559 0.065972
4996.433036 0.066852
4996.474512 0.067742
4996.515989 0.068641
4996.557465 0.069549
4996.598942 0.070466
4996.640418 0.071392
4996.681895 0.072328
4996.723372 0.073273
4996.764848 0.074228
4996.806325 0.075192
4996.847801 0.076166
4996.889278 0.077150
4996.930754 0.078143
4996.972231 0.079146
4997.013708 0.080159
4997.055184 0.081182
4997.096661 0.082215
4997.138137 0.083258
4997.179614 0.084311
4997.221090 0.085374
4997.262567 0.086448
4997.304043 0.087532
4997.345520 0.088626
4997.386997 0.089731
4997.428473 0.090847
4997.469950 0.091973
4997.511426 0.093110
4997.552903 0.094258
4997.594379 0.095416
4997.635856 0.096586
4997.677333 0.097767
4997.718809 0.098959
4997.760286 0.100163
4997.801762 0.101377
4997.843239 0.102604
4997.884715 0.103841
4997.926192 0.105091
4997.967669 0.106352
4998.009145 0.107626
4998.050622 0.108911
4998.092098 0.110209
4998.133575 0.111518
4998.175051 0.112840
4998.216528 0.114175
4998.258004 0.115522
4998.299481 0.116882
4998.340958 0.118255
4998.382434 0.119641
4998.423911 0.121040
4998.465387 0.122453
4998.506864 0.123879
4998.548340 0.125318
4998.589817 0.126772
4998.631294 0.128239
4998.672770 0.129720
4998.714247 0.131216
4998.755723 0.132727
4998.797200 0.134252
4998.838676 0.135791
4998.880153 0.137346
4998.921630 0.138916
4998.963106 0.140502
4999.004583 0.142103
4999.046059 0.143721
4999.087536 0.145354
4999.129012 0.147004
4999.170489 0.148670
4999.211966 0.150353
4999.253442 0.152053
4999.294919 0.153771
4999.336395 0.155506
4999.377872 0.157259
4999.419348 0.159030
4999.460825 0.160819
4999.502301 0.162627
4999.543778 0.164455
4999.585255 0.166301
4999.626731 0.168167
4999.668208 0.170053
4999.709684 0.171960
4999.751161 0.173887
4999.792637 0.175835
4999.834114 0.177804
4999.875591 0.179794
4999.917067 0.181807
4999.958544 0.183842
5000.000020 0.185900
5000.041497 0.187981
5000.082973 0.190086
5000.124450 0.192214
5000.165927 0.194367
5000.207403 0.196545
5000.248880 0.198747
5000.290356 0.200976
5000.331833 0.203230
5000.373309 0.205511
5000.414786 0.207818
5000.456262 0.210153
5000.497739 0.212516
5000.539216 0.214907
5000.580692 0.217327
5000.622169 0.219776
5000.663645 0.222255
5000.705122 0.224765
5000.746598 0.227304
5000.788075 0.229875
5000.829552 0.232478
5000.871028 0.235113
5000.912505 0.237781
5000.953981 0.240482
5000.995458 0.243217
5001.036934 0.245986
5001.078411 0.248790
5001.119888 0.251629
5001.161364 0.254505
5001.202841 0.257416
5001.244317 0.260365
5001.285794 0.263351
5001.327270 0.266375
5001.368747 0.269437
5001.410223 0.272539
5001.451700 0.275680
5001.493177 0.278861
5001.534653 0.282083
5001.576130 0.285346
5001.617606 0.288650
5001.659083 0.291997
5001.700559 0.295386
5001.742036 0.298818
5001.783513 0.302294
5001.824989 0.305814
5001.866466 0.309379
5001.907942 0.312988
5001.949419 0.316643
5001.990895 0.320343
5002.032372 0.324090
5002.073849 0.327884
5002.115325 0.331724
5002.156802 0.335612
5002.198278 0.339547
5002.239755 0.343531
5002.281231 0.347563
5002.322708 0.351644
5002.364184 0.355773
5002.405661 0.359952
5002.447138 0.364180
5002.488614 0.368458
5002.530091 0.372786
5002.571567 0.377164
5002.613044 0.381592
5002.654520 0.386070
5002.695997 0.390598
5002.737474 0.395177
5002.778950 0.399806
5002.820427 0.404486
5002.861903 0.409216
5002.903380 0.413996
5002.944856 0.418826
5002.986333 0.423706
5003.027810 0.428636
5003.069286 0.433616
5003.110763 0.438645
5003.152239 0.443723
5003.193716 0.448850
5003.235192 0.454025
5003.276669 0.459249
5003.318146 0.464519
5003.359622 0.469837
5003.401099 0.475201
5003.442575 0.480611
5003.484052 0.486066
5003.525528 0.491566
5003.567005 0.497109
5003.608481 0.502696
5003.649958 0.508325
5003.691435 0.513995
5003.732911 0.519706
5003.774388 0.525456
5003.815864 0.531245
5003.857341 0.537071
5003.898817 0.542934
5003.940294 0.548832
5003.981771 0.554765
5004.023247 0.560730
5004.064724 0.566726
5004.106200 0.572753
5004.147677 0.578808
5004.189153 0.584891
5004.230630 0.591000
5004.272107 0.597133
5004.313583 0.603289
5004.355060 0.609466
5004.396536 0.615662
5004.438013 0.621876
5004.479489 0.628106
5004.520966 0.634350
5004.562442 0.640607
5004.603919 0.646874
5004.645396 0.653149
5004.686872 0.659431
5004.728349 0.665717
5004.769825 0.672005
5004.811302 0.678294
5004.852778 0.684581
5004.894255 0.690864
5004.935732 0.697140
5004.977208 0.703408
5005.018685 0.709665
5005.060161 0.715909
5005.101638 0.722138
5005.143114 0.728348
5005.184591 0.734539
5005.226068 0.740707
5005.267544 0.746850
5005.309021 0.752965
5005.350497 0.759050
5005.391974 0.765102
5005.433450 0.771120
5005.474927 0.777100
5005.516403 0.783040
5005.557880 0.788937
5005.599357 0.794789
5005.640833 0.800594
5005.682310 0.806348
5005.723786 0.812049
5005.765263 0.817694
5005.806739 0.823282
5005.848216 0.828809
5005.889693 0.834273
5005.931169 0.839672
5005.972646 0.845002
5006.014122 0.850262
5006.055599 0.855448
5006.097075 0.860559
5006.138552 0.865592
5006.180029 0.870545
5006.221505 0.875415
5006.262982 0.880199
5006.304458 0.884897
5006.345935 0.889504
5006.387411 0.894019
5006.428888 0.898440
5006.470365 0.902765
5006.511841 0.906991
5006.553318 0.911116
5006.594794 0.915139
5006.636271 0.919057
5006.677747 0.922869
5006.719224 0.926572
5006.760700 0.930164
5006.802177 0.933644
5006.843654 0.937011
5006.885130 0.940262
5006.926607 0.943396
5006.968083 0.946412
5007.009560 0.949307
5007.051036 0.952081
5007.092513 0.954732
5007.133990 0.957259
5007.175466 0.959661
5007.216943 0.961936
5007.258419 0.964084
5007.299896 0.966104
5007.341372 0.967994
5007.382849 0.969754
5007.424326 0.971384
5007.465802 0.972882
5007.507279 0.974248
5007.548755 0.975481
5007.590232 0.976582
5007.631708 0.977549
5007.673185 0.978383
5007.714661 0.979083
5007.756138 0.979649
5007.797615 0.980081
5007.839091 0.980380
5007.880568 0.980545
5007.922044 0.980576
5007.963521 0.980475
5008.004997 0.980240
5008.046474 0.979874
5008.087951 0.979376
5008.129427 0.978746
5008.170904 0.977987
5008.212380 0.977098
5008.253857 0.976080
5008.295333 0.974934
5008.336810 0.973661
5008.378287 0.972263
5008.419763 0.970740
5008.461240 0.969094
5008.502716 0.967325
5008.544193 0.965436
5008.585669 0.963428
5008.627146 0.961301
5008.668622 0.959058
5008.710099 0.956701
5008.751576 0.954230
5008.793052 0.951649
5008.834529 0.948957
5008.876005 0.946158
5008.917482 0.943253
5008.958958 0.940243
5009.000435 0.937132
5009.041912 0.933921
5009.083388 0.930612
5009.124865 0.927207
5009.166341 0.923708
5009.207818 0.920118
5009.249294 0.916438
5009.290771 0.912671
5009.332248 0.908819
5009.373724 0.904885
5009.415201 0.900870
5009.456677 0.896778
5009.498154 0.892609
5009.539630 0.888368
5009.581107 0.884056
5009.622584 0.879675
5009.664060 0.875228
5009.705537 0.870718
5009.747013 0.866146
5009.788490 0.861516
5009.829966 0.856829
5009.871443 0.852088
5009.912919 0.847296
5009.954396 0.842455
5009.995873 0.837567
5010.037349 0.832635
5010.078826 0.827661
5010.120302 0.822647
5010.161779 0.817597
5010.203255 0.812511
5010.244732 0.807394
5010.286209 0.802246
5010.327685 0.797070
5010.369162 0.791869
5010.410638 0.786644
5010.452115 0.781398
5010.493591 0.776133
5010.535068 0.770852
5010.576545 0.765556
5010.618021 0.760247
5010.659498 0.754928
5010.700974 0.749600
5010.742451 0.744266
5010.783927 0.738927
5010.825404 0.733586
5010.866880 0.728244
5010.908357 0.722902
5010.949834 0.717564
5010.991310 0.712230
5011.032787 0.706903
5011.074263 0.701583
5011.115740 0.696273
5011.157216 0.690975
5011.198693 0.685688
5011.240170 0.680416
5011.281646 0.675160
5011.323123 0.669920
5011.364599 0.664699
5011.406076 0.659498
5011.447552 0.654317
5011.489029 0.649158
5011.530506 0.644022
5011.571982 0.638911
5011.613459 0.633825
5011.654935 0.628766
5011.696412 0.623734
5011.737888 0.618730
5011.779365 0.613755
5011.820841 0.608810
5011.862318 0.603896
5011.903795 0.599014
5011.945271 0.594164
5011.986748 0.589347
5012.028224 0.584563
5012.069701 0.579813
5012.111177 0.575098
5012.152654 0.570418
5012.194131 0.565773
5012.235607 0.561165
5012.277084 0.556592
5012.318560 0.552057
5012.360037 0.547558
5012.401513 0.543096
5012.442990 0.538672
5012.484467 0.534286
5012.525943 0.529937
5012.567420 0.525626
5012.608896 0.521353
5012.650373 0.517118
5012.691849 0.512921
5012.733326 0.508763
5012.774803 0.504642
5012.816279 0.500559
5012.857756 0.496514
5012.899232 0.492507
5012.940709 0.488538
5012.982185 0.484606
5013.023662 0.480711
5013.065138 0.476854
5013.106615 0.473033
5013.148092 0.469249
5013.189568 0.465502
5013.231045 0.461790
5013.272521 0.458115
5013.313998 0.454474
5013.355474 0.450870
5013.396951 0.447300
5013.438428 0.443764
5013.479904 0.440263
5013.521381 0.436795
5013.562857 0.433361
5013.604334 0.429960
5013.645810 0.426591
5013.687287 0.423254
5013.728764 0.419950
5013.770240 0.416676
5013.811717 0.413434
5013.853193 0.410222
5013.894670 0.407040
5013.936146 0.403887
5013.977623 0.400764
5014.019099 0.397669
5014.060576 0.394603
5014.102053 0.391564
5014.143529 0.388553
5014.185006 0.385568
5014.226482 0.382610
5014.267959 0.379678
5014.309435 0.376772
5014.350912 0.373890
5014.392389 0.371033
5014.433865 0.368200
5014.475342 0.365391
5014.516818 0.362605
5014.558295 0.359842
5014.599771 0.357102
5014.641248 0.354383
5014.682725 0.351687
5014.724201 0.349011
5014.765678 0.346356
5014.807154 0.343721
5014.848631 0.341107
5014.890107 0.338511
5014.931584 0.335936
5014.973060 0.333379
5015.014537 0.330840
5015.056014 0.328320
5015.097490 0.325817
5015.138967 0.323331
5015.180443 0.320863
5015.221920 0.318412
5015.263396 0.315977
5015.304873 0.313558
5015.346350 0.311154
5015.387826 0.308767
5015.429303 0.306394
5015.470779 0.304036
5015.512256 0.301693
5015.553732 0.299365
5015.595209 0.297050
5015.636686 0.294749
5015.678162 0.292462
5015.719639 0.290189
5015.761115 0.287928
5015.802592 0.285681
5015.844068 0.283446
5015.885545 0.281223
5015.927021 0.279013
5015.968498 0.276815
5016.009975 0.274629
5016.051451 0.272455
5016.092928 0.270293
5016.134404 0.268141
5016.175881 0.266001
5016.217357 0.263873
5016.258834 0.261755
5016.300311 0.259648
5016.341787 0.257552
5016.383264 0.255466
5016.424740 0.253391
5016.466217 0.251326
5016.507693 0.249272
5016.549170 0.247227
5016.590647 0.245193
5016.632123 0.243169
5016.673600 0.241155
5016.715076 0.239150
5016.756553 0.237155
5016.798029 0.235170
5016.839506 0.233195
5016.880983 0.231229
5016.922459 0.229273
5016.963936 0.227326
5017.005412 0.225388
5017.046889 0.223460
5017.088365 0.221542
5017.129842 0.219632
5017.171318 0.217732
5017.212795 0.215841
5017.254272 0.213959
5017.295748 0.212086
5017.337225 0.210223
5017.378701 0.208369
5017.420178 0.206524
5017.461654 0.204688
5017.503131 0.202861
5017.544608 0.201043
5017.586084 0.199234
5017.627561 0.197435
5017.669037 0.195644
5017.710514 0.193863
5017.751990 0.192091
5017.793467 0.190327
5017.834944 0.188573
5017.876420 0.186828
5017.917897 0.185093
5017.959373 0.183366
5018.000850 0.181648
5018.042326 0.179940
5018.083803 0.178241
5018.125279 0.176551
5018.166756 0.174870
5018.208233 0.173198
5018.249709 0.171536
5018.291186 0.169883
5018.332662 0.168239
5018.374139 0.166604
5018.415615 0.164979
5018.457092 0.163363
5018.498569 0.161756
5018.540045 0.160159
5018.581522 0.158571
5018.622998 0.156992
5018.664475 0.155423
5018.705951 0.153863
5018.747428 0.152313
5018.788905 0.150772
5018.830381 0.149241
5018.871858 0.147719
5018.913334 0.146206
5018.954811 0.144703
5018.996287 0.143210
5019.037764 0.141726
5019.079240 0.140251
5019.120717 0.138787
5019.162194 0.137331
5019.203670 0.135886
5019.245147 0.134449
5019.286623 0.133023
5019.328100 0.131606
5019.369576 0.130199
5019.411053 0.128801
5019.452530 0.127413
5019.494006 0.126035
5019.535483 0.124666
5019.576959 0.123307
5019.618436 0.121958
5019.659912 0.120618
5019.701389 0.119288
5019.742866 0.117967
5019.784342 0.116656
5019.825819 0.115355
5019.867295 0.114064
5019.908772 0.112782
5019.950248 0.111510
5019.991725 0.110247
5020.033202 0.108994
5020.074678 0.107751
5020.116155 0.106518
5020.157631 0.105294
5020.199108 0.104079
5020.240584 0.102874
5020.282061 0.101679
5020.323537 0.100494
5020.365014 0.099318
5020.406491 0.098151
5020.447967 0.096994
5020.489444 0.095847
5020.530920 0.094709
5020.572397 0.093580
5020.613873 0.092461
5020.655350 0.091352
5020.696827 0.090252
5020.738303 0.089161
5020.779780 0.088080
5020.821256 0.087008
5020.862733 0.085946
5020.904209 0.084892
5020.945686 0.083848
5020.987163 0.082814
5021.028639 0.081788
5021.070116 0.080772
5021.111592 0.079765
5021.153069 0.078767
5021.194545 0.077779
5021.236022 0.076799
5021.277498 0.075828
5021.318975 0.074867
5021.360452 0.073914
5021.401928 0.072971
5021.443405 0.072036
5021.484881 0.071110
5021.526358 0.070194
5021.567834 0.069286
5021.609311 0.068386
5021.650788 0.067496
5021.692264 0.066614
5021.733741 0.065741
5021.775217 0.064877
5021.816694 0.064021
5021.858170 0.063174
5021.899647 0.062335
5021.941124 0.061505
5021.982600 0.060683
5022.024077 0.059869
5022.065553 0.059064
5022.107030 0.058267
5022.148506 0.057479
5022.189983 0.056699
5022.231459 0.055927
5022.272936 0.055163
5022.314413 0.054407
5022.355889 0.053659
5022.397366 0.052919
5022.438842 0.052187
5022.480319 0.051463
5022.521795 0.050747
5022.563272 0.050038
5022.604749 0.049338
5022.646225 0.048645
5022.687702 0.047960
5022.729178 0.047282
5022.770655 0.046612
5022.812131 0.045949
5022.853608 0.045294
5022.895085 0.044647
5022.936561 0.044006
5022.978038 0.043373
5023.019514 0.042748
5023.060991 0.042129
5023.102467 0.041518
5023.143944 0.040913
5023.185421 0.040316
5023.226897 0.039726
5023.268374 0.039142
5023.309850 0.038566
5023.351327 0.037997
5023.392803 0.037434
5023.434280 0.036878
5023.475756 0.036328
5023.517233 0.035786
5023.558710 0.035250
5023.600186 0.034720
5023.641663 0.034197
5023.683139 0.033680
5023.724616 0.033170
5023.766092 0.032666
5023.807569 0.032168
5023.849046 0.031677
5023.890522 0.031191
5023.931999 0.030712
5023.973475 0.030239
5024.014952 0.029772
5024.056428 0.029310
5024.097905 0.028855
5024.139382 0.028406
5024.180858 0.027962
5024.222335 0.027524
5024.263811 0.027092
5024.305288 0.026665
5024.346764 0.026244
5024.388241 0.025829
5024.429717 0.025419
5024.471194 0.025014
5024.512671 0.024615
5024.554147 0.024221
5024.595624 0.023832
5024.637100 0.023449
5024.678577 0.023070
5024.720053 0.022697
5024.761530 0.022329
5024.803007 0.021966
5024.844483 0.021608
5024.885960 0.021255
5024.927436 0.020907
5024.968913 0.020563
5025.010389 0.020225
5025.051866 0.019891
5025.093343 0.019561
5025.134819 0.019237
5025.176296 0.018917
5025.217772 0.018601
5025.259249 0.018290
5025.300725 0.017983
5025.342202 0.017681
5025.383678 0.017383
5025.425155 0.017089
5025.466632 0.016800
5025.508108 0.016514
5025.549585 0.016233
5025.591061 0.015956
5025.632538 0.015683
5025.674014 0.015414
5025.715491 0.015149
5025.756968 0.014888
5025.798444 0.014631
5025.839921 0.014377
5025.881397 0.014128
5025.922874 0.013882
5025.964350 0.013640
5026.005827 0.013401
5026.047304 0.013166
5026.088780 0.012935
5026.130257 0.012707
5026.171733 0.012482
5026.213210 0.012261
5026.254686 0.012044
5026.296163 0.011830
5026.337639 0.011619
5026.379116 0.011411
5026.420593 0.011207
5026.462069 0.011005
5026.503546 0.010807
5026.545022 0.010612
5026.586499 0.010420
5026.627975 0.010231
5026.669452 0.010045
5026.710929 0.009862
5026.752405 0.009682
5026.793882 0.009505
5026.835358 0.009331
5026.876835 0.009159
5026.918311 0.008991
5026.959788 0.008825
5027.001265 0.008661
5027.042741 0.008501
5027.084218 0.008343
5027.125694 0.008187
5027.167171 0.008034
5027.208647 0.007884
5027.250124 0.007736
5027.291601 0.007590
5027.333077 0.007447
5027.374554 0.007306
5027.416030 0.007168
5027.457507 0.007032
5027.498983 0.006898
5027.540460 0.006767
5027.581936 0.006638
5027.623413 0.006511
5027.664890 0.006386
5027.706366 0.006263
5027.747843 0.006142
5027.789319 0.006023
5027.830796 0.005907
5027.872272 0.005792
5027.913749 0.005680
5027.955226 0.005569
5027.996702 0.005460
5028.038179 0.005353
5028.079655 0.005248
5028.121132 0.005145
5028.162608 0.005044
5028.204085 0.004944
5028.245562 0.004846
5028.287038 0.004750
5028.328515 0.004656
5028.369991 0.004563
5028.411468 0.004472
5028.452944 0.004383
5028.494421 0.004295
5028.535897 0.004209
5028.577374 0.004124
5028.618851 0.004041
5028.660327 0.003959
5028.701804 0.003879
5028.743280 0.003800
5028.784757 0.003723
5028.826233 0.003647
5028.867710 0.003573
5028.909187 0.003500
5028.950663 0.003428
5028.992140 0.003357
5029.033616 0.003288
5029.075093 0.003221
5029.116569 0.003154
5029.158046 0.003089
5029.199523 0.003025
5029.240999 0.002962
5029.282476 0.002900
5029.323952 0.002839
5029.365429 0.002780
5029.406905 0.002722
5029.448382 0.002664
5029.489858 0.002608
5029.531335 0.002553
5029.572812 0.002499
5029.614288 0.002446
5029.655765 0.002394
5029.697241 0.002344
5029.738718 0.002294
5029.780194 0.002245
5029.821671 0.002197
5029.863148 0.002150
5029.904624 0.002103
5029.946101 0.002058
5029.987577 0.002014
5030.029054 0.001970
5030.070530 0.001928
5030.112007 0.001886
5030.153484 0.001845
5030.194960 0.001805
5030.236437 0.001765
5030.277913 0.001727
5030.319390 0.001689
5030.360866 0.001652
5030.402343 0.001616
5030.443820 0.001580
5030.485296 0.001545
5030.526773 0.001511
5030.568249 0.001477
5030.609726 0.001445
5030.651202 0.001413
5030.692679 0.001381
5030.734155 0.001350
5030.775632 0.001320
5030.817109 0.001290
5030.858585 0.001261
5030.900062 0.001233
5030.941538 0.001205
5030.983015 0.001178
5031.024491 0.001151
5031.065968 0.001125
5031.107445 0.001100
5031.148921 0.001075
5031.190398 0.001050
5031.231874 0.001026
5031.273351 0.001003
5031.314827 0.000980
5031.356304 0.000957
5031.397781 0.000935
5031.439257 0.000914
5031.480734 0.000893
5031.522210 0.000872
5031.563687 0.000852
5031.605163 0.000832
5031.646640 0.000813
5031.688116 0.000794
5031.729593 0.000775
5031.771070 0.000757
5031.812546 0.000739
5031.854023 0.000722
5031.895499 0.000705
5031.936976 0.000689
5031.978452 0.000672
5032.019929 0.000656
5032.061406 0.000641
5032.102882 0.000626
5032.144359 0.000611
5032.185835 0.000596
5032.227312 0.000582
5032.268788 0.000568
5032.310265 0.000555
5032.351742 0.000541
5032.393218 0.000528
5032.434695 0.000516
5032.476171 0.000503
5032.517648 0.000491
5032.559124 0.000479
5032.600601 0.000467
5032.642077 0.000456
5032.683554 0.000445
5032.725031 0.000434
5032.766507 0.000424
5032.807984 0.000413
5032.849460 0.000403
5032.890937 0.000393
5032.932413 0.000384
5032.973890 0.000374
5033.015367 0.000365
5033.056843 0.000356
5033.098320 0.000347
5033.139796 0.000339
5033.181273 0.000330
5033.222749 0.000322
5033.264226 0.000314
5033.305703 0.000306
5033.347179 0.000298
5033.388656 0.000291
5033.430132 0.000284
5033.471609 0.000277
5033.513085 0.000270
5033.554562 0.000263
5033.596039 0.000256
5033.637515 0.000250
5033.678992 0.000243
5033.720468 0.000237
5033.761945 0.000231
5033.803421 0.000225
5033.844898 0.000220
5033.886374 0.000214
5033.927851 0.000208
5033.969328 0.000203
5034.010804 0.000198
5034.052281 0.000193
5034.093757 0.000188
5034.135234 0.000183
5034.176710 0.000178
5034.218187 0.000174
5034.259664 0.000169
5034.301140 0.000165
5034.342617 0.000161
5034.384093 0.000156
5034.425570 0.000152
5034.467046 0.000148
5034.508523 0.000144
5034.550000 0.000141
5034.591476 0.000137
5034.632953 0.000133
5034.674429 0.000130
5034.715906 0.000126
5034.757382 0.000123
5034.798859 0.000120
5034.840335 0.000117
5034.881812 0.000114
5034.923289 0.000111
5034.964765 0.000108
5035.006242 0.000105
5035.047718 0.000102
5035.089195 0.000099
5035.130671 0.000097
5035.172148 0.000094
5035.213625 0.000091
5035.255101 0.000089
5035.296578 0.000087
5035.338054 0.000084
5035.379531 0.000082
5035.421007 0.000080
5035.462484 0.000078
5035.503961 0.000075
5035.545437 0.000073
5035.586914 0.000071
5035.628390 0.000069
5035.669867 0.000068
5035.711343 0.000066
5035.752820 0.000064
5035.794296 0.000062
5035.835773 0.000060
5035.877250 0.000059
5035.918726 0.000057
5035.960203 0.000056
5036.001679 0.000054
5036.043156 0.000053
5036.084632 0.000051
5036.126109 0.000050
5036.167586 0.000048
5036.209062 0.000047
5036.250539 0.000046
5036.292015 0.000044
5036.333492 0.000043
5036.374968 0.000042
5036.416445 0.000041
5036.457922 0.000040
5036.499398 0.000038
5036.540875 0.000037
5036.582351 0.000036
5036.623828 0.000035
5036.665304 0.000034
5036.706781 0.000033
5036.748257 0.000032
5036.789734 0.000031
5036.831211 0.000031
5036.872687 0.000030
5036.914164 0.000029
5036.955640 0.000028
5036.997117 0.000027
5037.038593 0.000026
5037.080070 0.000026
5037.121547 0.000025
5037.163023 0.000024
5037.204500 0.000023
5037.245976 0.000023
5037.287453 0.000022
5037.328929 0.000022
5037.370406 0.000021
5037.411883 0.000020
5037.453359 0.000020
5037.494836 0.000019
5037.536312 0.000019
5037.577789 0.000018
5037.619265 0.000017
5037.660742 0.000017
5037.702219 0.000016
5037.743695 0.000016
5037.785172 0.000016
5037.826648 0.000015
5037.868125 0.000015
5037.909601 0.000014
5037.951078 0.000014
5037.992554 0.000013
5038.034031 0.000013
5038.075508 0.000013
5038.116984 0.000012
5038.158461 0.000012
5038.199937 0.000011
5038.241414 0.000011
5038.282890 0.000011
5038.324367 0.000010
5038.365844 0.000010
5038.407320 0.000010
5038.448797 0.000010
5038.490273 0.000009
5038.531750 0.000009
5038.573226 0.000009
5038.614703 0.000008
5038.656180 0.000008
5038.697656 0.000008
5038.739133 0.000008
5038.780609 0.000007
5038.822086 0.000007
5038.863562 0.000007
5038.905039 0.000007
5038.946515 0.000007
5038.987992 0.000006
5039.029469 0.000006
5039.070945 0.000006
5039.112422 0.000006
5039.153898 0.000006
5039.195375 0.000005
5039.236851 0.000005
5039.278328 0.000005
5039.319805 0.000005
5039.361281 0.000005
5039.402758 0.000005
5039.444234 0.000005
5039.485711 0.000004
5039.527187 0.000004
5039.568664 0.000004
5039.610141 0.000004
5039.651617 0.000004
5039.693094 0.000004
5039.734570 0.000004
5039.776047 0.000004
5039.817523 0.000003
5039.859000 0.000003
5039.900476 0.000003
5039.941953 0.000003
5039.983430 0.000003
5040.024906 0.000003
5040.066383 0.000003
5040.107859 0.000003
5040.149336 0.000003
5040.190812 0.000003
5040.232289 0.000002
5040.273766 0.000002
5040.315242 0.000002
5040.356719 0.000002
5040.398195 0.000002
5040.439672 0.000002
5040.481148 0.000002
5040.522625 0.000002
5040.564102 0.000002
5040.605578 0.000002
5040.647055 0.000002
5040.688531 0.000002
5040.730008 0.000002
5040.771484 0.000002
5040.812961 0.000002
5040.854438 0.000002
5040.895914 0.000001
5040.937391 0.000001
5040.978867 0.000001
5041.020344 0.000001
5041.061820 0.000001
5041.103297 0.000001
5041.144773 0.000001
5041.186250 0.000001
5041.227727 0.000001
5041.269203 0.000001
5041.310680 0.000001
5041.352156 0.000001
5041.393633 0.000001
5041.435109 0.000001
5041.476586 0.000001
5041.518063 0.000001
5041.559539 0.000001
5041.601016 0.000001
5041.642492 0.000001
5041.683969 0.000001
5041.725445 0.000001
5041.766922 0.000001
5041.808399 0.000001
5041.849875 0.000001
5041.891352 0.000001
5041.932828 0.000001
5041.974305 0.000001
5042.015781 0.000001
5042.057258 0.000001
5042.098734 0.000001
5042.140211 0.000001
5042.181688 0.000001
5042.223164 0.000000
5042.264641 0.000000
5042.306117 0.000000
5042.347594 0.000000
5042.389070 0.000000
5042.430547 0.000000
5042.472024 0.000000
5042.513500 0.000000
5042.554977 0.000000
5042.596453 0.000000
5042.637930 0.000000
5042.679406 0.000000
5042.720883 0.000000
5042.762360 0.000000
5042.803836 0.000000
5042.845313 0.000000
5042.886789 0.000000
5042.928266 0.000000
5042.969742 0.000000
5043.011219 0.000000
5043.052695 0.000000
5043.094172 0.000000
5043.135649 0.000000
5043.177125 0.000000
5043.218602 0.000000
5043.260078 0.000000
5043.301555 0.000000
5043.343031 0.000000
5043.384508 0.000000
5043.425985 0.000000
5043.467461 0.000000
5043.508938 0.000000
5043.550414 0.000000
5043.591891 0.000000
5043.633367 0.000000
5043.674844 0.000000
5043.716321 0.000000
5043.757797 0.000000
5043.799274 0.000000
5043.840750 0.000000
5043.882227 0.000000
5043.923703 0.000000
5043.965180 0.000000
5044.006657 0.000000
5044.048133 0.000000
5044.089610 0.000000
5044.131086 0.000000
5044.172563 0.000000
5044.214039 0.000000
5044.255516 0.000000
5044.296992 0.000000
5044.338469 0.000000
5044.379946 0.000000
5044.421422 0.000000
5044.462899 0.000000
5044.504375 0.000000
5044.545852 0.000000
5044.587328 0.000000
5044.628805 0.000000
5044.670282 0.000000
5044.711758 0.000000
5044.753235 0.000000
5044.794711 0.000000
5044.836188 0.000000
5044.877664 0.000000
5044.919141 0.000000
5044.960618 0.000000
5045.002094 0.000000
5045.043571 0.000000
5045.085047 0.000000
5045.126524 0.000000
5045.168000 0.000000
5045.209477 0.000000
5045.250953 0.000000
5045.292430 0.000000
5045.333907 0.000000
5045.375383 0.000000
5045.416860 0.000000
5045.458336 0.000000
5045.499813 0.000000
5045.541289 0.000000
5045.582766 0.000000
5045.624243 0.000000
5045.665719 0.000000
5045.707196 0.000000
5045.748672 0.000000
5045.790149 0.000000
5045.831625 0.000000
5045.873102 0.000000
5045.914579 0.000000
5045.956055 0.000000
5045.997532 0.000000
5046.039008 0.000000
5046.080485 0.000000
5046.121961 0.000000
5046.163438 0.000000
5046.204914 0.000000
5046.246391 0.000000
5046.287868 0.000000
5046.329344 0.000000
5046.370821 0.000000
5046.412297 0.000000
5046.453774 0.000000
5046.495250 0.000000
5046.536727 0.000000
5046.578204 0.000000
5046.619680 0.000000
5046.661157 0.000000
5046.702633 0.000000
5046.744110 0.000000
5046.785586 0.000000
5046.827063 0.000000
5046.868540 0.000000
5046.910016 0.000000
5046.951493 0.000000
5046.992969 0.000000
5047.034446 0.000000
5047.075922 0.000000
5047.117399 0.000000
5047.158875 0.000000
5047.200352 0.000000
5047.241829 0.000000
5047.283305 0.000000
5047.324782 0.000000
5047.366258 0.000000
5047.407735 0.000000
5047.449211 0.000000
5047.490688 0.000000
5047.532165 0.000000
5047.573641 0.000000
5047.615118 0.000000
5047.656594 0.000000
5047.698071 0.000000
5047.739547 0.000000
5047.781024 0.000000
5047.822501 0.000000
5047.863977 0.000000
5047.905454 0.000000
5047.946930 0.000000
5047.988407 0.000000
5048.029883 0.000000
5048.071360 0.000000
5048.112837 0.000000
5048.154313 0.000000
5048.195790 0.000000
5048.237266 0.000000
5048.278743 0.000000
5048.320219 0.000000
5048.361696 0.000000
5048.403172 0.000000
5048.444649 0.000000
5048.486126 0.000000
5048.527602 0.000000
5048.569079 0.000000
5048.610555 0.000000
5048.652032 0.000000
5048.693508 0.000000
5048.734985 0.000000
5048.776462 0.000000
5048.817938 0.000000
5048.859415 0.000000
5048.900891 0.000000
5048.942368 0.000000
5048.983844 0.000000
5049.025321 0.000000
5049.066798 0.000000
5049.108274 0.000000
5049.149751 0.000000
5049.191227 0.000000
5049.232704 0.000000
5049.274180 0.000000
5049.315657 0.000000
5049.357133 0.000000
5049.398610 0.000000
5049.440087 0.000000
5049.481563 0.000000
5049.523040 0.000000
5049.564516 0.000000
5049.605993 0.000000
5049.647469 0.000000
5049.688946 0.000000
5049.730423 0.000000
5049.771899 0.000000
5049.813376 0.000000
5049.854852 0.000000
5049.896329 0.000000
5049.937805 0.000000
5049.979282 0.000000
5050.020759 0.000000
5050.062235 0.000000
5050.103712 0.000000
5050.145188 0.000000
5050.186665 0.000000
5050.228141 0.000000
5050.269618 0.000000
5050.311094 0.000000
5050.352571 0.000000
5050.394048 0.000000
5050.435524 0.000000
5050.477001 0.000000
5050.518477 0.000000
5050.559954 0.000000
5050.601430 0.000000
5050.642907 0.000000
5050.684384 0.000000
5050.725860 0.000000
5050.767337 0.000000
5050.808813 0.000000
5050.850290 0.000000
5050.891766 0.000000
5050.933243 0.000000
5050.974720 0.000000
5051.016196 0.000000
5051.057673 0.000000
5051.099149 0.000000
5051.140626 0.000000
5051.182102 0.000000
5051.223579 0.000000
5051.265056 0.000000
5051.306532 0.000000
5051.348009 0.000000
5051.389485 0.000000
5051.430962 0.000000
5051.472438 0.000000
5051.513915 0.000000
5051.555391 0.000000
5051.596868 0.000000
5051.638345 0.000000
5051.679821 0.000000
5051.721298 0.000000
5051.762774 0.000000
5051.804251 0.000000
5051.845727 0.000000
5051.887204 0.000000
5051.928681 0.000000
5051.970157 0.000000
5052.011634 0.000000
5052.053110 0.000000
5052.094587 0.000000
5052.136063 0.000000
5052.177540 0.000000
5052.219017 0.000000
5052.260493 0.000000
5052.301970 0.000000
5052.343446 0.000000
5052.384923 0.000000
5052.426399 0.000000
5052.467876 0.000000
5052.509352 0.000000
5052.550829 0.000000
5052.592306 0.000000
5052.633782 0.000000
5052.675259 0.000000
5052.716735 0.000000
5052.758212 0.000000
5052.799688 0.000000
5052.841165 0.000000
5052.882642 0.000000
5052.924118 0.000000
5052.965595 0.000000
5053.007071 0.000000
5053.048548 0.000000
5053.090024 0.000000
5053.131501 0.000000
5053.172978 0.000000
5053.214454 0.000000
5053.255931 0.000000
5053.297407 0.000000
5053.338884 0.000000
5053.380360 0.000000
5053.421837 0.000000
5053.463313 0.000000
5053.504790 0.000000
5053.546267 0.000000
5053.587743 0.000000
5053.629220 0.000000
5053.670696 0.000000
5053.712173 0.000000
5053.753649 0.000000
5053.795126 0.000000
5053.836603 0.000000
5053.878079 0.000000
5053.919556 0.000000
5053.961032 0.000000
5054.002509 0.000000
5054.043985 0.000000
5054.085462 0.000000
5054.126939 0.000000
5054.168415 0.000000
5054.209892 0.000000
5054.251368 0.000000
5054.292845 0.000000
5054.334321 0.000000
5054.375798 0.000000
5054.417275 0.000000
5054.458751 0.000000
5054.500228 0.000000
5054.541704 0.000000
5054.583181 0.000000
5054.624657 0.000000
5054.666134 0.000000
5054.707610 0.000000
5054.749087 0.000000
5054.790564 0.000000
5054.832040 0.000000
5054.873517 0.000000
5054.914993 0.000000
5054.956470 0.000000
5054.997946 0.000000
5055.039423 0.000000
5055.080900 0.000000
5055.122376 0.000000
5055.163853 0.000000
5055.205329 0.000000
5055.246806 0.000000
5055.288282 0.000000
5055.329759 0.000000
5055.371236 0.000000
5055.412712 0.000000
5055.454189 0.000000
5055.495665 0.000000
5055.537142 0.000000
5055.578618 0.000000
5055.620095 0.000000
5055.661571 0.000000
5055.703048 0.000000
5055.744525 0.000000
5055.786001 0.000000
5055.827478 0.000000
5055.868954 0.000000
5055.910431 0.000000
5055.951907 0.000000
5055.993384 0.000000
5056.034861 0.000000
5056.076337 0.000000
5056.117814 0.000000
5056.159290 0.000000
5056.200767 0.000000
5056.242243 0.000000
5056.283720 0.000000
5056.325197 0.000000
5056.366673 0.000000
5056.408150 0.000000
5056.449626 0.000000
5056.491103 0.000000
5056.532579 0.000000
5056.574056 0.000000
5056.615532 0.000000
5056.657009 0.000000
5056.698486 0.000000
5056.739962 0.000000
5056.781439 0.000000
5056.822915 0.000000
5056.864392 0.000000
5056.905868 0.000000
5056.947345 0.000000
5056.988822 0.000000
5057.030298 0.000000
5057.071775 0.000000
5057.113251 0.000000
5057.154728 0.000000
5057.196204 0.000000
5057.237681 0.000000
5057.279158 0.000000
5057.320634 0.000000
5057.362111 0.000000
5057.403587 0.000000
5057.445064 0.000000
5057.486540 0.000000
5057.528017 0.000000
5057.569493 0.000000
5057.610970 0.000000
5057.652447 0.000000
5057.693923 0.000000
5057.735400 0.000000
5057.776876 0.000000
5057.818353 0.000000
5057.859829 0.000000
5057.901306 0.000000
5057.942783 0.000000
5057.984259 0.000000
5058.025736 0.000000
5058.067212 0.000000
5058.108689 0.000000
5058.150165 0.000000
5058.191642 0.000000
5058.233119 0.000000
5058.274595 0.000000
5058.316072 0.000000
5058.357548 0.000000
5058.399025 0.000000
5058.440501 0.000000
5058.481978 0.000000
5058.523455 0.000000
5058.564931 0.000000
5058.606408 0.000000
5058.647884 0.000000
5058.689361 0.000000
5058.730837 0.000000
5058.772314 0.000000
5058.813790 0.000000
5058.855267 0.000000
5058.896744 0.000000
5058.938220 0.000000
5058.979697 0.000000
5059.021173 0.000000
5059.062650 0.000000
5059.104126 0.000000
5059.145603 0.000000
5059.187080 0.000000
5059.228556 0.000000
5059.270033 0.000000
5059.311509 0.000000
5059.352986 0.000000
5059.394462 0.000000
5059.435939 0.000000
5059.477416 0.000000
5059.518892 0.000000
5059.560369 0.000000
5059.601845 0.000000
5059.643322 0.000000
5059.684798 0.000000
5059.726275 0.000000
5059.767751 0.000000
5059.809228 0.000000
5059.850705 0.000000
5059.892181 0.000000
5059.933658 0.000000
5059.975134 0.000000
5060.016611 0.000000
5060.058087 0.000000
5060.099564 0.000000
5060.141041 0.000000
5060.182517 0.000000
5060.223994 0.000000
5060.265470 0.000000
5060.306947 0.000000
5060.348423 0.000000
5060.389900 0.000000
5060.431377 0.000000
5060.472853 0.000000
5060.514330 0.000000
5060.555806 0.000000
5060.597283 0.000000
5060.638759 0.000000
5060.680236 0.000000
5060.721712 0.000000
5060.763189 0.000000
5060.804666 0.000000
5060.846142 0.000000
5060.887619 0.000000
5060.929095 0.000000
5060.970572 0.000000
5061.012048 0.000000
5061.053525 0.000000
5061.095002 0.000000
5061.136478 0.000000
5061.177955 0.000000
5061.219431 0.000000
5061.260908 0.000000
5061.302384 0.000000
5061.343861 0.000000
5061.385338 0.000000
5061.426814 0.000000
5061.468291 0.000000
5061.509767 0.000000
5061.551244 0.000000
5061.592720 0.000000
5061.634197 0.000000
5061.675674 0.000000
5061.717150 0.000000
5061.758627 0.000000
5061.800103 0.000000
5061.841580 0.000000
5061.883056 0.000000
5061.924533 0.000000
5061.966009 0.000000
5062.007486 0.000000
5062.048963 0.000000
5062.090439 0.000000
5062.131916 0.000000
5062.173392 0.000000
5062.214869 0.000000
5062.256345 0.000000
5062.297822 0.000000
5062.339299 0.000000
5062.380775 0.000000
5062.422252 0.000000
5062.463728 0.000000
5062.505205 0.000000
5062.546681 0.000000
5062.588158 0.000000
5062.629635 0.000000
5062.671111 0.000000
5062.712588 0.000000
5062.754064 0.000000
5062.795541 0.000000
5062.837017 0.000000
5062.878494 0.000000
5062.919970 0.000000
5062.961447 0.000000
5063.002924 0.000000
5063.044400 0.000000
5063.085877 0.000000
5063.127353 0.000000
5063.168830 0.000000
5063.210306 0.000000
5063.251783 0.000000
5063.293260 0.000000
5063.334736 0.000000
5063.376213 0.000000
5063.417689 0.000000
5063.459166 0.000000
5063.500642 0.000000
5063.542119 0.000000
5063.583596 0.000000
5063.625072 0.000000
5063.666549 0.000000
5063.708025 0.000000
5063.749502 0.000000
5063.790978 0.000000
5063.832455 0.000000
5063.873931 0.000000
5063.915408 0.000000
5063.956885 0.000000
5063.998361 0.000000
5064.039838 0.000000
5064.081314 0.000000
5064.122791 0.000000
5064.164267 0.000000
5064.205744 0.000000
5064.247221 0.000000
5064.288697 0.000000
5064.330174 0.000000
5064.371650 0.000000
5064.413127 0.000000
5064.454603 0.000000
5064.496080 0.000000
5064.537557 0.000000
5064.579033 0.000000
5064.620510 0.000000
5064.661986 0.000000
5064.703463 0.000000
5064.744939 0.000000
5064.786416 0.000000
5064.827893 0.000000
5064.869369 0.000000
5064.910846 0.000000
5064.952322 0.000000
5064.993799 0.000000
5065.035275 0.000000
5065.076752 0.000000
5065.118228 0.000000
5065.159705 0.000000
5065.201182 0.000000
5065.242658 0.000000
5065.284135 0.000000
5065.325611 0.000000
5065.367088 0.000000
5065.408564 0.000000
5065.450041 0.000000
5065.491518 0.000000
5065.532994 0.000000
5065.574471 0.000000
5065.615947 0.000000
5065.657424 0.000000
5065.698900 0.000000
5065.740377 0.000000
5065.781854 0.000000
5065.823330 0.000000
5065.864807 0.000000
5065.906283 0.000000
5065.947760 0.000000
5065.989236 0.000000
5066.030713 0.000000
5066.072189 0.000000
5066.113666 0.000000
5066.155143 0.000000
5066.196619 0.000000
5066.238096 0.000000
5066.279572 0.000000
5066.321049 0.000000
5066.362525 0.000000
5066.404002 0.000000
5066.445479 0.000000
5066.486955 0.000000
5066.528432 0.000000
5066.569908 0.000000
5066.611385 0.000000
5066.652861 0.000000
5066.694338 0.000000
5066.735815 0.000000
5066.777291 0.000000
5066.818768 0.000000
5066.860244 0.000000
5066.901721 0.000000
5066.943197 0.000000
5066.984674 0.000000
5067.026150 0.000000
5067.067627 0.000000
5067.109104 0.000000
5067.150580 0.000000
5067.192057 0.000000
5067.233533 0.000000
5067.275010 0.000000
5067.316486 0.000000
5067.357963 0.000000
5067.399440 0.000000
5067.440916 0.000000
5067.482393 0.000000
5067.523869 0.000000
5067.565346 0.000000
5067.606822 0.000000
5067.648299 0.000000
5067.689776 0.000000
5067.731252 0.000000
5067.772729 0.000000
5067.814205 0.000000
5067.855682 0.000000
5067.897158 0.000000
5067.938635 0.000000
5067.980112 0.000000
5068.021588 0.000000
5068.063065 0.000000
5068.104541 0.000000
5068.146018 0.000000
5068.187494 0.000000
5068.228971 0.000000
5068.270447 0.000000
5068.311924 0.000000
5068.353401 0.000000
5068.394877 0.000000
5068.436354 0.000000
5068.477830 0.000000
5068.519307 0.000000
5068.560783 0.000000
5068.602260 0.000000
5068.643737 0.000000
5068.685213 0.000000
5068.726690 0.000000
5068.768166 0.000000
5068.809643 0.000000
5068.851119 0.000000
5068.892596 0.000000
5068.934073 0.000000
5068.975549 0.000000
5069.017026 0.000000
5069.058502 0.000000
5069.099979 0.000000
5069.141455 0.000000
5069.182932 0.000000
5069.224408 0.000000
5069.265885 0.000000
5069.307362 0.000000
5069.348838 0.000000
5069.390315 0.000000
5069.431791 0.000000
5069.473268 0.000000
5069.514744 0.000000
5069.556221 0.000000
5069.597698 0.000000
5069.639174 0.000000
5069.680651 0.000000
5069.722127 0.000000
5069.763604 0.000000
5069.805080 0.000000
5069.846557 0.000000
5069.888034 0.000000
5069.929510 0.000000
5069.970987 0.000000
