4900.030483 0.000000
4900.068610 0.000000
4900.106738 0.000000
4900.144865 0.000000
4900.182992 0.000000
4900.221119 0.000000
4900.259246 0.000000
4900.297373 0.000000
4900.335501 0.000000
4900.373628 0.000000
4900.411755 0.000000
4900.449882 0.000000
4900.488009 0.000000
4900.526137 0.000000
4900.564264 0.000000
4900.602391 0.000000
4900.640518 0.000000
4900.678645 0.000000
4900.716773 0.000000
4900.754900 0.000000
4900.793027 0.000000
4900.831154 0.000000
4900.869281 0.000000
4900.907409 0.000000
4900.945536 0.000000
4900.983663 0.000000
4901.021790 0.000000
4901.059917 0.000000
4901.098045 0.000000
4901.136172 0.000000
4901.174299 0.000000
4901.212426 0.000000
4901.250553 0.000000
4901.288680 0.000000
4901.326808 0.000000
4901.364935 0.000000
4901.403062 0.000000
4901.441189 0.000000
4901.479316 0.000000
4901.517444 0.000000
4901.555571 0.000000
4901.593698 0.000000
4901.631825 0.000000
4901.669952 0.000000
4901.708080 0.000000
4901.746207 0.000000
4901.784334 0.000000
4901.822461 0.000000
4901.860588 0.000000
4901.898716 0.000000
4901.936843 0.000000
4901.974970 0.000000
4902.013097 0.000000
4902.051224 0.000000
4902.089352 0.000000
4902.127479 0.000000
4902.165606 0.000000
4902.203733 0.000000
4902.241860 0.000000
4902.279987 0.000000
4902.318115 0.000000
4902.356242 0.000000
4902.394369 0.000000
4902.432496 0.000000
4902.470623 0.000000
4902.508751 0.000000
4902.546878 0.000000
4902.585005 0.000000
4902.623132 0.000000
4902.661259 0.000000
4902.699387 0.000000
4902.737514 0.000000
4902.775641 0.000000
4902.813768 0.000000
4902.851895 0.000000
4902.890023 0.000000
4902.928150 0.000000
4902.966277 0.000000
4903.004404 0.000000
4903.042531 0.000000
4903.080659 0.000000
4903.118786 0.000000
4903.156913 0.000000
4903.195040 0.000000
4903.233167 0.000000
4903.271294 0.000000
4903.309422 0.000000
4903.347549 0.000000
4903.385676 0.000000
4903.423803 0.000000
4903.461930 0.000000
4903.500058 0.000000
4903.538185 0.000000
4903.576312 0.000000
4903.614439 0.000000
4903.652566 0.000000
4903.690694 0.000000
4903.728821 0.000000
4903.766948 0.000000
4903.805075 0.000000
4903.843202 0.000000
4903.881330 0.000000
4903.919457 0.000000
4903.957584 0.000000
4903.995711 0.000000
4904.033838 0.000000
4904.071966 0.000000
4904.110093 0.000000
4904.148220 0.000000
4904.186347 0.000000
4904.224474 0.000000
4904.262601 0.000000
4904.300729 0.000000
4904.338856 0.000000
4904.376983 0.000000
4904.415110 0.000000
4904.453237 0.000000
4904.491365 0.000000
4904.529492 0.000000
4904.567619 0.000000
4904.605746 0.000000
4904.643873 0.000000
4904.682001 0.000000
4904.720128 0.000000
4904.758255 0.000000
4904.796382 0.000000
4904.834509 0.000000
4904.872637 0.000000
4904.910764 0.000000
4904.948891 0.000000
4904.987018 0.000000
4905.025145 0.000000
4905.063273 0.000000
4905.101400 0.000000
4905.139527 0.000000
4905.177654 0.000000
4905.215781 0.000000
4905.253908 0.000000
4905.292036 0.000000
4905.330163 0.000000
4905.368290 0.000000
4905.406417 0.000000
4905.444544 0.000000
4905.482672 0.000000
4905.520799 0.000000
4905.558926 0.000000
4905.597053 0.000000
4905.635180 0.000000
4905.673308 0.000000
4905.711435 0.000000
4905.749562 0.000000
4905.787689 0.000000
4905.825816 0.000000
4905.863944 0.000000
4905.902071 0.000000
4905.940198 0.000000
4905.978325 0.000000
4906.016452 0.000000
4906.054580 0.000000
4906.092707 0.000000
4906.130834 0.000000
4906.168961 0.000000
4906.207088 0.000000
4906.245215 0.000000
4906.283343 0.000000
4906.321470 0.000000
4906.359597 0.000000
4906.397724 0.000000
4906.435851 0.000000
4906.473979 0.000000
4906.512106 0.000000
4906.550233 0.000000
4906.588360 0.000000
4906.626487 0.000000
4906.664615 0.000000
4906.702742 0.000000
4906.740869 0.000000
4906.778996 0.000000
4906.817123 0.000000
4906.855251 0.000000
4906.893378 0.000000
4906.931505 0.000000
4906.969632 0.000000
4907.007759 0.000000
4907.045887 0.000000
4907.084014 0.000000
4907.122141 0.000000
4907.160268 0.000000
4907.198395 0.000000
4907.236522 0.000000
4907.274650 0.000000
4907.312777 0.000000
4907.350904 0.000000
4907.389031 0.000000
4907.427158 0.000000
4907.465286 0.000000
4907.503413 0.000000
4907.541540 0.000000
4907.579667 0.000000
4907.617794 0.000000
4907.655922 0.000000
4907.694049 0.000000
4907.732176 0.000000
4907.770303 0.000000
4907.808430 0.000000
4907.846558 0.000000
4907.884685 0.000000
4907.922812 0.000000
4907.960939 0.000000
4907.999066 0.000000
4908.037194 0.000000
4908.075321 0.000000
4908.113448 0.000000
4908.151575 0.000000
4908.189702 0.000000
4908.227829 0.000000
4908.265957 0.000000
4908.304084 0.000000
4908.342211 0.000000
4908.380338 0.000000
4908.418465 0.000000
4908.456593 0.000000
4908.494720 0.000000
4908.532847 0.000000
4908.570974 0.000000
4908.609101 0.000000
4908.647229 0.000000
4908.685356 0.000000
4908.723483 0.000000
4908.761610 0.000000
4908.799737 0.000000
4908.837865 0.000000
4908.875992 0.000000
4908.914119 0.000000
4908.952246 0.000000
4908.990373 0.000000
4909.028501 0.000000
4909.066628 0.000000
4909.104755 0.000000
4909.142882 0.000000
4909.181009 0.000000
4909.219136 0.000000
4909.257264 0.000000
4909.295391 0.000000
4909.333518 0.000000
4909.371645 0.000000
4909.409772 0.000000
4909.447900 0.000000
4909.486027 0.000000
4909.524154 0.000000
4909.562281 0.000000
4909.600408 0.000000
4909.638536 0.000000
4909.676663 0.000000
4909.714790 0.000000
4909.752917 0.000000
4909.791044 0.000000
4909.829172 0.000000
4909.867299 0.000000
4909.905426 0.000000
4909.943553 0.000000
4909.981680 0.000000
4910.019808 0.000000
4910.057935 0.000000
4910.096062 0.000000
4910.134189 0.000000
4910.172316 0.000000
4910.210443 0.000000
4910.248571 0.000000
4910.286698 0.000000
4910.324825 0.000000
4910.362952 0.000000
4910.401079 0.000000
4910.439207 0.000000
4910.477334 0.000000
4910.515461 0.000000
4910.553588 0.000000
4910.591715 0.000000
4910.629843 0.000000
4910.667970 0.000000
4910.706097 0.000000
4910.744224 0.000000
4910.782351 0.000000
4910.820479 0.000000
4910.858606 0.000000
4910.896733 0.000000
4910.934860 0.000000
4910.972987 0.000000
4911.011115 0.000000
4911.049242 0.000000
4911.087369 0.000000
4911.125496 0.000000
4911.163623 0.000000
4911.201750 0.000000
4911.239878 0.000000
4911.278005 0.000000
4911.316132 0.000000
4911.354259 0.000000
4911.392386 0.000000
4911.430514 0.000000
4911.468641 0.000000
4911.506768 0.000000
4911.544895 0.000000
4911.583022 0.000000
4911.621150 0.000000
4911.659277 0.000000
4911.697404 0.000000
4911.735531 0.000000
4911.773658 0.000000
4911.811786 0.000000
4911.849913 0.000000
4911.888040 0.000000
4911.926167 0.000000
4911.964294 0.000000
4912.002422 0.000000
4912.040549 0.000000
4912.078676 0.000000
4912.116803 0.000000
4912.154930 0.000000
4912.193057 0.000000
4912.231185 0.000000
4912.269312 0.000000
4912.307439 0.000000
4912.345566 0.000000
4912.383693 0.000000
4912.421821 0.000000
4912.459948 0.000000
4912.498075 0.000000
4912.536202 0.000000
4912.574329 0.000000
4912.612457 0.000000
4912.650584 0.000000
4912.688711 0.000000
4912.726838 0.000000
4912.764965 0.000000
4912.803093 0.000000
4912.841220 0.000000
4912.879347 0.000000
4912.917474 0.000000
4912.955601 0.000000
4912.993729 0.000000
4913.031856 0.000000
4913.069983 0.000000
4913.108110 0.000000
4913.146237 0.000000
4913.184364 0.000000
4913.222492 0.000000
4913.260619 0.000000
4913.298746 0.000000
4913.336873 0.000000
4913.375000 0.000000
4913.413128 0.000000
4913.451255 0.000000
4913.489382 0.000000
4913.527509 0.000000
4913.565636 0.000000
4913.603764 0.000000
4913.641891 0.000000
4913.680018 0.000000
4913.718145 0.000000
4913.756272 0.000000
4913.794400 0.000000
4913.832527 0.000000
4913.870654 0.000000
4913.908781 0.000000
4913.946908 0.000000
4913.985036 0.000000
4914.023163 0.000000
4914.061290 0.000000
4914.099417 0.000000
4914.137544 0.000000
4914.175671 0.000000
4914.213799 0.000000
4914.251926 0.000000
4914.290053 0.000000
4914.328180 0.000000
4914.366307 0.000000
4914.404435 0.000000
4914.442562 0.000000
4914.480689 0.000000
4914.518816 0.000000
4914.556943 0.000000
4914.595071 0.000000
4914.633198 0.000000
4914.671325 0.000000
4914.709452 0.000000
4914.747579 0.000000
4914.785707 0.000000
4914.823834 0.000000
4914.861961 0.000000
4914.900088 0.000000
4914.938215 0.000000
4914.976343 0.000000
4915.014470 0.000000
4915.052597 0.000000
4915.090724 0.000000
4915.128851 0.000000
4915.166978 0.000000
4915.205106 0.000000
4915.243233 0.000000
4915.281360 0.000000
4915.319487 0.000000
4915.357614 0.000000
4915.395742 0.000000
4915.433869 0.000000
4915.471996 0.000000
4915.510123 0.000000
4915.548250 0.000000
4915.586378 0.000000
4915.624505 0.000000
4915.662632 0.000000
4915.700759 0.000000
4915.738886 0.000000
4915.777014 0.000000
4915.815141 0.000000
4915.853268 0.000000
4915.891395 0.000000
4915.929522 0.000000
4915.967650 0.000000
4916.005777 0.000000
4916.043904 0.000000
4916.082031 0.000000
4916.120158 0.000000
4916.158285 0.000000
4916.196413 0.000000
4916.234540 0.000000
4916.272667 0.000000
4916.310794 0.000000
4916.348921 0.000000
4916.387049 0.000000
4916.425176 0.000000
4916.463303 0.000000
4916.501430 0.000000
4916.539557 0.000000
4916.577685 0.000000
4916.615812 0.000000
4916.653939 0.000000
4916.692066 0.000000
4916.730193 0.000000
4916.768321 0.000000
4916.806448 0.000000
4916.844575 0.000000
4916.882702 0.000000
4916.920829 0.000000
4916.958957 0.000000
4916.997084 0.000000
4917.035211 0.000000
4917.073338 0.000000
4917.111465 0.000000
4917.149592 0.000000
4917.187720 0.000000
4917.225847 0.000000
4917.263974 0.000000
4917.302101 0.000000
4917.340228 0.000000
4917.378356 0.000000
4917.416483 0.000000
4917.454610 0.000000
4917.492737 0.000000
4917.530864 0.000000
4917.568992 0.000000
4917.607119 0.000000
4917.645246 0.000000
4917.683373 0.000000
4917.721500 0.000000
4917.759628 0.000000
4917.797755 0.000000
4917.835882 0.000000
4917.874009 0.000000
4917.912136 0.000000
4917.950264 0.000000
4917.988391 0.000000
4918.026518 0.000000
4918.064645 0.000000
4918.102772 0.000000
4918.140899 0.000000
4918.179027 0.000000
4918.217154 0.000000
4918.255281 0.000000
4918.293408 0.000000
4918.331535 0.000000
4918.369663 0.000000
4918.407790 0.000000
4918.445917 0.000000
4918.484044 0.000000
4918.522171 0.000000
4918.560299 0.000000
4918.598426 0.000000
4918.636553 0.000000
4918.674680 0.000000
4918.712807 0.000000
4918.750935 0.000000
4918.789062 0.000000
4918.827189 0.000000
4918.865316 0.000000
4918.903443 0.000000
4918.941571 0.000000
4918.979698 0.000000
4919.017825 0.000000
4919.055952 0.000000
4919.094079 0.000000
4919.132206 0.000000
4919.170334 0.000000
4919.208461 0.000000
4919.246588 0.000000
4919.284715 0.000000
4919.322842 0.000000
4919.360970 0.000000
4919.399097 0.000000
4919.437224 0.000000
4919.475351 0.000000
4919.513478 0.000000
4919.551606 0.000000
4919.589733 0.000000
4919.627860 0.000000
4919.665987 0.000000
4919.704114 0.000000
4919.742242 0.000000
4919.780369 0.000000
4919.818496 0.000000
4919.856623 0.000000
4919.894750 0.000000
4919.932878 0.000000
4919.971005 0.000000
4920.009132 0.000000
4920.047259 0.000000
4920.085386 0.000000
4920.123513 0.000000
4920.161641 0.000000
4920.199768 0.000000
4920.237895 0.000000
4920.276022 0.000000
4920.314149 0.000000
4920.352277 0.000000
4920.390404 0.000000
4920.428531 0.000000
4920.466658 0.000000
4920.504785 0.000000
4920.542913 0.000000
4920.581040 0.000000
4920.619167 0.000000
4920.657294 0.000000
4920.695421 0.000000
4920.733549 0.000000
4920.771676 0.000000
4920.809803 0.000000
4920.847930 0.000000
4920.886057 0.000000
4920.924185 0.000000
4920.962312 0.000000
4921.000439 0.000000
4921.038566 0.000000
4921.076693 0.000000
4921.114820 0.000000
4921.152948 0.000000
4921.191075 0.000000
4921.229202 0.000000
4921.267329 0.000000
4921.305456 0.000000
4921.343584 0.000000
4921.381711 0.000000
4921.419838 0.000000
4921.457965 0.000000
4921.496092 0.000000
4921.534220 0.000000
4921.572347 0.000000
4921.610474 0.000000
4921.648601 0.000000
4921.686728 0.000000
4921.724856 0.000000
4921.762983 0.000000
4921.801110 0.000000
4921.839237 0.000000
4921.877364 0.000000
4921.915492 0.000000
4921.953619 0.000000
4921.991746 0.000000
4922.029873 0.000000
4922.068000 0.000000
4922.106127 0.000000
4922.144255 0.000000
4922.182382 0.000000
4922.220509 0.000000
4922.258636 0.000000
4922.296763 0.000000
4922.334891 0.000000
4922.373018 0.000000
4922.411145 0.000000
4922.449272 0.000000
4922.487399 0.000000
4922.525527 0.000000
4922.563654 0.000000
4922.601781 0.000000
4922.639908 0.000000
4922.678035 0.000000
4922.716163 0.000000
4922.754290 0.000000
4922.792417 0.000000
4922.830544 0.000000
4922.868671 0.000000
4922.906799 0.000000
4922.944926 0.000000
4922.983053 0.000000
4923.021180 0.000000
4923.059307 0.000000
4923.097434 0.000000
4923.135562 0.000000
4923.173689 0.000000
4923.211816 0.000000
4923.249943 0.000000
4923.288070 0.000000
4923.326198 0.000000
4923.364325 0.000000
4923.402452 0.000000
4923.440579 0.000000
4923.478706 0.000000
4923.516834 0.000000
4923.554961 0.000000
4923.593088 0.000000
4923.631215 0.000000
4923.669342 0.000000
4923.707470 0.000000
4923.745597 0.000000
4923.783724 0.000000
4923.821851 0.000000
4923.859978 0.000000
4923.898106 0.000000
4923.936233 0.000000
4923.974360 0.000000
4924.012487 0.000000
4924.050614 0.000000
4924.088741 0.000000
4924.126869 0.000000
4924.164996 0.000000
4924.203123 0.000000
4924.241250 0.000000
4924.279377 0.000000
4924.317505 0.000000
4924.355632 0.000000
4924.393759 0.000000
4924.431886 0.000000
4924.470013 0.000000
4924.508141 0.000000
4924.546268 0.000000
4924.584395 0.000000
4924.622522 0.000000
4924.660649 0.000000
4924.698777 0.000000
4924.736904 0.000000
4924.775031 0.000000
4924.813158 0.000000
4924.851285 0.000000
4924.889413 0.000000
4924.927540 0.000000
4924.965667 0.000000
4925.003794 0.000000
4925.041921 0.000000
4925.080048 0.000000
4925.118176 0.000000
4925.156303 0.000000
4925.194430 0.000000
4925.232557 0.000000
4925.270684 0.000000
4925.308812 0.000000
4925.346939 0.000000
4925.385066 0.000000
4925.423193 0.000000
4925.461320 0.000000
4925.499448 0.000000
4925.537575 0.000000
4925.575702 0.000000
4925.613829 0.000000
4925.651956 0.000000
4925.690084 0.000000
4925.728211 0.000000
4925.766338 0.000000
4925.804465 0.000000
4925.842592 0.000000
4925.880720 0.000000
4925.918847 0.000000
4925.956974 0.000000
4925.995101 0.000000
4926.033228 0.000000
4926.071355 0.000000
4926.109483 0.000000
4926.147610 0.000000
4926.185737 0.000000
4926.223864 0.000000
4926.261991 0.000000
4926.300119 0.000000
4926.338246 0.000000
4926.376373 0.000000
4926.414500 0.000000
4926.452627 0.000000
4926.490755 0.000000
4926.528882 0.000000
4926.567009 0.000000
4926.605136 0.000000
4926.643263 0.000000
4926.681391 0.000000
4926.719518 0.000000
4926.757645 0.000000
4926.795772 0.000000
4926.833899 0.000000
4926.872027 0.000000
4926.910154 0.000000
4926.948281 0.000000
4926.986408 0.000000
4927.024535 0.000000
4927.062662 0.000000
4927.100790 0.000000
4927.138917 0.000000
4927.177044 0.000000
4927.215171 0.000000
4927.253298 0.000000
4927.291426 0.000000
4927.329553 0.000000
4927.367680 0.000000
4927.405807 0.000000
4927.443934 0.000000
4927.482062 0.000000
4927.520189 0.000000
4927.558316 0.000000
4927.596443 0.000000
4927.634570 0.000000
4927.672698 0.000000
4927.710825 0.000000
4927.748952 0.000000
4927.787079 0.000000
4927.825206 0.000000
4927.863334 0.000000
4927.901461 0.000000
4927.939588 0.000000
4927.977715 0.000000
4928.015842 0.000000
4928.053969 0.000000
4928.092097 0.000000
4928.130224 0.000000
4928.168351 0.000000
4928.206478 0.000000
4928.244605 0.000000
4928.282733 0.000000
4928.320860 0.000000
4928.358987 0.000000
4928.397114 0.000000
4928.435241 0.000000
4928.473369 0.000000
4928.511496 0.000000
4928.549623 0.000000
4928.587750 0.000000
4928.625877 0.000000
4928.664005 0.000000
4928.702132 0.000000
4928.740259 0.000000
4928.778386 0.000000
4928.816513 0.000000
4928.854641 0.000000
4928.892768 0.000000
4928.930895 0.000000
4928.969022 0.000000
4929.007149 0.000000
4929.045276 0.000000
4929.083404 0.000000
4929.121531 0.000000
4929.159658 0.000000
4929.197785 0.000000
4929.235912 0.000000
4929.274040 0.000000
4929.312167 0.000000
4929.350294 0.000000
4929.388421 0.000000
4929.426548 0.000000
4929.464676 0.000000
4929.502803 0.000000
4929.540930 0.000000
4929.579057 0.000000
4929.617184 0.000000
4929.655312 0.000000
4929.693439 0.000000
4929.731566 0.000000
4929.769693 0.000000
4929.807820 0.000000
4929.845948 0.000000
4929.884075 0.000000
4929.922202 0.000000
4929.960329 0.000000
4929.998456 0.000000
4930.036583 0.000000
4930.074711 0.000000
4930.112838 0.000000
4930.150965 0.000000
4930.189092 0.000000
4930.227219 0.000000
4930.265347 0.000000
4930.303474 0.000000
4930.341601 0.000000
4930.379728 0.000000
4930.417855 0.000000
4930.455983 0.000000
4930.494110 0.000000
4930.532237 0.000000
4930.570364 0.000000
4930.608491 0.000000
4930.646619 0.000000
4930.684746 0.000000
4930.722873 0.000000
4930.761000 0.000000
4930.799127 0.000000
4930.837255 0.000000
4930.875382 0.000000
4930.913509 0.000000
4930.951636 0.000000
4930.989763 0.000000
4931.027890 0.000000
4931.066018 0.000000
4931.104145 0.000000
4931.142272 0.000000
4931.180399 0.000000
4931.218526 0.000000
4931.256654 0.000000
4931.294781 0.000000
4931.332908 0.000000
4931.371035 0.000000
4931.409162 0.000000
4931.447290 0.000000
4931.485417 0.000000
4931.523544 0.000000
4931.561671 0.000000
4931.599798 0.000000
4931.637926 0.000000
4931.676053 0.000000
4931.714180 0.000000
4931.752307 0.000000
4931.790434 0.000000
4931.828562 0.000000
4931.866689 0.000000
4931.904816 0.000000
4931.942943 0.000000
4931.981070 0.000000
4932.019197 0.000000
4932.057325 0.000000
4932.095452 0.000000
4932.133579 0.000000
4932.171706 0.000000
4932.209833 0.000000
4932.247961 0.000000
4932.286088 0.000000
4932.324215 0.000000
4932.362342 0.000000
4932.400469 0.000000
4932.438597 0.000000
4932.476724 0.000000
4932.514851 0.000000
4932.552978 0.000000
4932.591105 0.000000
4932.629233 0.000000
4932.667360 0.000000
4932.705487 0.000000
4932.743614 0.000000
4932.781741 0.000000
4932.819869 0.000000
4932.857996 0.000000
4932.896123 0.000000
4932.934250 0.000000
4932.972377 0.000000
4933.010504 0.000000
4933.048632 0.000000
4933.086759 0.000000
4933.124886 0.000000
4933.163013 0.000000
4933.201140 0.000000
4933.239268 0.000000
4933.277395 0.000000
4933.315522 0.000000
4933.353649 0.000000
4933.391776 0.000000
4933.429904 0.000000
4933.468031 0.000000
4933.506158 0.000000
4933.544285 0.000000
4933.582412 0.000000
4933.620540 0.000000
4933.658667 0.000000
4933.696794 0.000000
4933.734921 0.000000
4933.773048 0.000000
4933.811176 0.000000
4933.849303 0.000000
4933.887430 0.000000
4933.925557 0.000000
4933.963684 0.000000
4934.001811 0.000000
4934.039939 0.000000
4934.078066 0.000000
4934.116193 0.000000
4934.154320 0.000000
4934.192447 0.000000
4934.230575 0.000000
4934.268702 0.000000
4934.306829 0.000000
4934.344956 0.000000
4934.383083 0.000000
4934.421211 0.000000
4934.459338 0.000000
4934.497465 0.000000
4934.535592 0.000000
4934.573719 0.000000
4934.611847 0.000000
4934.649974 0.000000
4934.688101 0.000000
4934.726228 0.000000
4934.764355 0.000000
4934.802483 0.000000
4934.840610 0.000000
4934.878737 0.000000
4934.916864 0.000000
4934.954991 0.000000
4934.993118 0.000000
4935.031246 0.000000
4935.069373 0.000000
4935.107500 0.000000
4935.145627 0.000000
4935.183754 0.000000
4935.221882 0.000000
4935.260009 0.000000
4935.298136 0.000000
4935.336263 0.000000
4935.374390 0.000000
4935.412518 0.000000
4935.450645 0.000000
4935.488772 0.000000
4935.526899 0.000000
4935.565026 0.000000
4935.603154 0.000000
4935.641281 0.000000
4935.679408 0.000000
4935.717535 0.000000
4935.755662 0.000000
4935.793790 0.000000
4935.831917 0.000000
4935.870044 0.000000
4935.908171 0.000000
4935.946298 0.000000
4935.984425 0.000000
4936.022553 0.000000
4936.060680 0.000000
4936.098807 0.000000
4936.136934 0.000000
4936.175061 0.000000
4936.213189 0.000000
4936.251316 0.000000
4936.289443 0.000000
4936.327570 0.000000
4936.365697 0.000000
4936.403825 0.000000
4936.441952 0.000000
4936.480079 0.000000
4936.518206 0.000000
4936.556333 0.000000
4936.594461 0.000000
4936.632588 0.000000
4936.670715 0.000000
4936.708842 0.000000
4936.746969 0.000000
4936.785097 0.000000
4936.823224 0.000000
4936.861351 0.000000
4936.899478 0.000000
4936.937605 0.000000
4936.975732 0.000000
4937.013860 0.000000
4937.051987 0.000000
4937.090114 0.000000
4937.128241 0.000000
4937.166368 0.000000
4937.204496 0.000000
4937.242623 0.000000
4937.280750 0.000000
4937.318877 0.000000
4937.357004 0.000000
4937.395132 0.000000
4937.433259 0.000000
4937.471386 0.000000
4937.509513 0.000000
4937.547640 0.000000
4937.585768 0.000000
4937.623895 0.000000
4937.662022 0.000000
4937.700149 0.000000
4937.738276 0.000000
4937.776404 0.000000
4937.814531 0.000000
4937.852658 0.000000
4937.890785 0.000000
4937.928912 0.000000
4937.967039 0.000000
4938.005167 0.000000
4938.043294 0.000000
4938.081421 0.000000
4938.119548 0.000000
4938.157675 0.000000
4938.195803 0.000000
4938.233930 0.000000
4938.272057 0.000000
4938.310184 0.000000
4938.348311 0.000000
4938.386439 0.000000
4938.424566 0.000000
4938.462693 0.000000
4938.500820 0.000000
4938.538947 0.000000
4938.577075 0.000000
4938.615202 0.000000
4938.653329 0.000000
4938.691456 0.000000
4938.729583 0.000000
4938.767711 0.000000
4938.805838 0.000000
4938.843965 0.000000
4938.882092 0.000000
4938.920219 0.000000
4938.958346 0.000000
4938.996474 0.000000
4939.034601 0.000000
4939.072728 0.000000
4939.110855 0.000000
4939.148982 0.000000
4939.187110 0.000000
4939.225237 0.000000
4939.263364 0.000000
4939.301491 0.000000
4939.339618 0.000000
4939.377746 0.000000
4939.415873 0.000000
4939.454000 0.000000
4939.492127 0.000000
4939.530254 0.000000
4939.568382 0.000000
4939.606509 0.000000
4939.644636 0.000000
4939.682763 0.000000
4939.720890 0.000000
4939.759018 0.000000
4939.797145 0.000000
4939.835272 0.000000
4939.873399 0.000000
4939.911526 0.000000
4939.949653 0.000000
4939.987781 0.000000
4940.025908 0.000000
4940.064035 0.000000
4940.102162 0.000000
4940.140289 0.000000
4940.178417 0.000000
4940.216544 0.000000
4940.254671 0.000000
4940.292798 0.000000
4940.330925 0.000000
4940.369053 0.000000
4940.407180 0.000000
4940.445307 0.000000
4940.483434 0.000000
4940.521561 0.000000
4940.559689 0.000000
4940.597816 0.000000
4940.635943 0.000000
4940.674070 0.000000
4940.712197 0.000000
4940.750325 0.000000
4940.788452 0.000000
4940.826579 0.000000
4940.864706 0.000000
4940.902833 0.000000
4940.940960 0.000000
4940.979088 0.000000
4941.017215 0.000000
4941.055342 0.000000
4941.093469 0.000000
4941.131596 0.000000
4941.169724 0.000000
4941.207851 0.000000
4941.245978 0.000000
4941.284105 0.000000
4941.322232 0.000000
4941.360360 0.000000
4941.398487 0.000000
4941.436614 0.000000
4941.474741 0.000000
4941.512868 0.000000
4941.550996 0.000000
4941.589123 0.000000
4941.627250 0.000000
4941.665377 0.000000
4941.703504 0.000000
4941.741632 0.000000
4941.779759 0.000000
4941.817886 0.000000
4941.856013 0.000000
4941.894140 0.000000
4941.932267 0.000000
4941.970395 0.000000
4942.008522 0.000000
4942.046649 0.000000
4942.084776 0.000000
4942.122903 0.000000
4942.161031 0.000000
4942.199158 0.000000
4942.237285 0.000000
4942.275412 0.000000
4942.313539 0.000000
4942.351667 0.000000
4942.389794 0.000000
4942.427921 0.000000
4942.466048 0.000000
4942.504175 0.000000
4942.542303 0.000000
4942.580430 0.000000
4942.618557 0.000000
4942.656684 0.000000
4942.694811 0.000000
4942.732939 0.000000
4942.771066 0.000000
4942.809193 0.000000
4942.847320 0.000000
4942.885447 0.000000
4942.923574 0.000000
4942.961702 0.000000
4942.999829 0.000000
4943.037956 0.000000
4943.076083 0.000000
4943.114210 0.000000
4943.152338 0.000000
4943.190465 0.000000
4943.228592 0.000000
4943.266719 0.000000
4943.304846 0.000000
4943.342974 0.000000
4943.381101 0.000000
4943.419228 0.000000
4943.457355 0.000000
4943.495482 0.000000
4943.533610 0.000000
4943.571737 0.000000
4943.609864 0.000000
4943.647991 0.000000
4943.686118 0.000000
4943.724246 0.000000
4943.762373 0.000000
4943.800500 0.000000
4943.838627 0.000000
4943.876754 0.000000
4943.914881 0.000000
4943.953009 0.000000
4943.991136 0.000000
4944.029263 0.000000
4944.067390 0.000000
4944.105517 0.000000
4944.143645 0.000000
4944.181772 0.000000
4944.219899 0.000000
4944.258026 0.000000
4944.296153 0.000000
4944.334281 0.000000
4944.372408 0.000000
4944.410535 0.000000
4944.448662 0.000000
4944.486789 0.000000
4944.524917 0.000000
4944.563044 0.000000
4944.601171 0.000000
4944.639298 0.000000
4944.677425 0.000000
4944.715553 0.000000
4944.753680 0.000000
4944.791807 0.000000
4944.829934 0.000000
4944.868061 0.000000
4944.906188 0.000000
4944.944316 0.000000
4944.982443 0.000000
4945.020570 0.000000
4945.058697 0.000000
4945.096824 0.000000
4945.134952 0.000000
4945.173079 0.000000
4945.211206 0.000000
4945.249333 0.000000
4945.287460 0.000000
4945.325588 0.000000
4945.363715 0.000000
4945.401842 0.000000
4945.439969 0.000000
4945.478096 0.000000
4945.516224 0.000000
4945.554351 0.000000
4945.592478 0.000000
4945.630605 0.000000
4945.668732 0.000000
4945.706860 0.000000
4945.744987 0.000000
4945.783114 0.000000
4945.821241 0.000000
4945.859368 0.000000
4945.897495 0.000000
4945.935623 0.000000
4945.973750 0.000000
4946.011877 0.000000
4946.050004 0.000000
4946.088131 0.000000
4946.126259 0.000000
4946.164386 0.000000
4946.202513 0.000000
4946.240640 0.000000
4946.278767 0.000000
4946.316895 0.000000
4946.355022 0.000000
4946.393149 0.000000
4946.431276 0.000000
4946.469403 0.000000
4946.507531 0.000000
4946.545658 0.000000
4946.583785 0.000000
4946.621912 0.000000
4946.660039 0.000000
4946.698167 0.000000
4946.736294 0.000000
4946.774421 0.000000
4946.812548 0.000000
4946.850675 0.000000
4946.888802 0.000000
4946.926930 0.000000
4946.965057 0.000000
4947.003184 0.000000
4947.041311 0.000000
4947.079438 0.000000
4947.117566 0.000000
4947.155693 0.000000
4947.193820 0.000000
4947.231947 0.000000
4947.270074 0.000000
4947.308202 0.000000
4947.346329 0.000000
4947.384456 0.000000
4947.422583 0.000000
4947.460710 0.000000
4947.498838 0.000000
4947.536965 0.000000
4947.575092 0.000000
4947.613219 0.000000
4947.651346 0.000000
4947.689474 0.000000
4947.727601 0.000000
4947.765728 0.000000
4947.803855 0.000000
4947.841982 0.000000
4947.880109 0.000000
4947.918237 0.000000
4947.956364 0.000000
4947.994491 0.000000
4948.032618 0.000000
4948.070745 0.000000
4948.108873 0.000000
4948.147000 0.000000
4948.185127 0.000000
4948.223254 0.000000
4948.261381 0.000000
4948.299509 0.000000
4948.337636 0.000000
4948.375763 0.000000
4948.413890 0.000000
4948.452017 0.000000
4948.490145 0.000000
4948.528272 0.000000
4948.566399 0.000000
4948.604526 0.000000
4948.642653 0.000000
4948.680781 0.000000
4948.718908 0.000000
4948.757035 0.000000
4948.795162 0.000000
4948.833289 0.000000
4948.871416 0.000000
4948.909544 0.000000
4948.947671 0.000000
4948.985798 0.000000
4949.023925 0.000000
4949.062052 0.000000
4949.100180 0.000000
4949.138307 0.000000
4949.176434 0.000000
4949.214561 0.000000
4949.252688 0.000000
4949.290816 0.000000
4949.328943 0.000000
4949.367070 0.000000
4949.405197 0.000000
4949.443324 0.000000
4949.481452 0.000000
4949.519579 0.000000
4949.557706 0.000000
4949.595833 0.000000
4949.633960 0.000000
4949.672088 0.000000
4949.710215 0.000000
4949.748342 0.000000
4949.786469 0.000000
4949.824596 0.000000
4949.862723 0.000000
4949.900851 0.000000
4949.938978 0.000000
4949.977105 0.000000
4950.015232 0.000000
4950.053359 0.000000
4950.091487 0.000000
4950.129614 0.000000
4950.167741 0.000000
4950.205868 0.000000
4950.243995 0.000000
4950.282123 0.000000
4950.320250 0.000000
4950.358377 0.000000
4950.396504 0.000000
4950.434631 0.000000
4950.472759 0.000000
4950.510886 0.000000
4950.549013 0.000000
4950.587140 0.000000
4950.625267 0.000000
4950.663395 0.000000
4950.701522 0.000000
4950.739649 0.000000
4950.777776 0.000000
4950.815903 0.000000
4950.854030 0.000000
4950.892158 0.000000
4950.930285 0.000000
4950.968412 0.000000
4951.006539 0.000000
4951.044666 0.000000
4951.082794 0.000000
4951.120921 0.000000
4951.159048 0.000000
4951.197175 0.000000
4951.235302 0.000000
4951.273430 0.000000
4951.311557 0.000000
4951.349684 0.000000
4951.387811 0.000000
4951.425938 0.000000
4951.464066 0.000000
4951.502193 0.000000
4951.540320 0.000000
4951.578447 0.000000
4951.616574 0.000000
4951.654702 0.000000
4951.692829 0.000000
4951.730956 0.000000
4951.769083 0.000000
4951.807210 0.000000
4951.845337 0.000000
4951.883465 0.000000
4951.921592 0.000000
4951.959719 0.000000
4951.997846 0.000000
4952.035973 0.000000
4952.074101 0.000000
4952.112228 0.000000
4952.150355 0.000000
4952.188482 0.000000
4952.226609 0.000000
4952.264737 0.000000
4952.302864 0.000000
4952.340991 0.000000
4952.379118 0.000000
4952.417245 0.000000
4952.455373 0.000000
4952.493500 0.000000
4952.531627 0.000000
4952.569754 0.000000
4952.607881 0.000000
4952.646009 0.000000
4952.684136 0.000000
4952.722263 0.000000
4952.760390 0.000000
4952.798517 0.000000
4952.836644 0.000000
4952.874772 0.000000
4952.912899 0.000000
4952.951026 0.000000
4952.989153 0.000000
4953.027280 0.000000
4953.065408 0.000000
4953.103535 0.000000
4953.141662 0.000000
4953.179789 0.000000
4953.217916 0.000000
4953.256044 0.000000
4953.294171 0.000000
4953.332298 0.000000
4953.370425 0.000000
4953.408552 0.000000
4953.446680 0.000000
4953.484807 0.000000
4953.522934 0.000000
4953.561061 0.000000
4953.599188 0.000000
4953.637316 0.000000
4953.675443 0.000000
4953.713570 0.000000
4953.751697 0.000000
4953.789824 0.000000
4953.827951 0.000000
4953.866079 0.000000
4953.904206 0.000000
4953.942333 0.000000
4953.980460 0.000000
4954.018587 0.000000
4954.056715 0.000000
4954.094842 0.000000
4954.132969 0.000000
4954.171096 0.000000
4954.209223 0.000000
4954.247351 0.000000
4954.285478 0.000000
4954.323605 0.000000
4954.361732 0.000000
4954.399859 0.000000
4954.437987 0.000000
4954.476114 0.000000
4954.514241 0.000000
4954.552368 0.000000
4954.590495 0.000000
4954.628623 0.000000
4954.666750 0.000000
4954.704877 0.000000
4954.743004 0.000000
4954.781131 0.000000
4954.819258 0.000000
4954.857386 0.000000
4954.895513 0.000000
4954.933640 0.000000
4954.971767 0.000000
4955.009894 0.000000
4955.048022 0.000000
4955.086149 0.000000
4955.124276 0.000000
4955.162403 0.000000
4955.200530 0.000000
4955.238658 0.000000
4955.276785 0.000000
4955.314912 0.000000
4955.353039 0.000000
4955.391166 0.000000
4955.429294 0.000000
4955.467421 0.000000
4955.505548 0.000000
4955.543675 0.000000
4955.581802 0.000000
4955.619930 0.000000
4955.658057 0.000000
4955.696184 0.000000
4955.734311 0.000000
4955.772438 0.000000
4955.810565 0.000000
4955.848693 0.000000
4955.886820 0.000000
4955.924947 0.000000
4955.963074 0.000000
4956.001201 0.000000
4956.039329 0.000000
4956.077456 0.000000
4956.115583 0.000000
4956.153710 0.000000
4956.191837 0.000000
4956.229965 0.000000
4956.268092 0.000000
4956.306219 0.000000
4956.344346 0.000000
4956.382473 0.000000
4956.420601 0.000000
4956.458728 0.000000
4956.496855 0.000000
4956.534982 0.000000
4956.573109 0.000000
4956.611237 0.000000
4956.649364 0.000000
4956.687491 0.000000
4956.725618 0.000000
4956.763745 0.000000
4956.801872 0.000000
4956.840000 0.000000
4956.878127 0.000000
4956.916254 0.000000
4956.954381 0.000000
4956.992508 0.000000
4957.030636 0.000000
4957.068763 0.000000
4957.106890 0.000000
4957.145017 0.000000
4957.183144 0.000000
4957.221272 0.000000
4957.259399 0.000000
4957.297526 0.000000
4957.335653 0.000000
4957.373780 0.000000
4957.411908 0.000000
4957.450035 0.000000
4957.488162 0.000000
4957.526289 0.000000
4957.564416 0.000000
4957.602544 0.000000
4957.640671 0.000000
4957.678798 0.000000
4957.716925 0.000000
4957.755052 0.000000
4957.793179 0.000000
4957.831307 0.000000
4957.869434 0.000000
4957.907561 0.000000
4957.945688 0.000000
4957.983815 0.000000
4958.021943 0.000000
4958.060070 0.000000
4958.098197 0.000000
4958.136324 0.000000
4958.174451 0.000000
4958.212579 0.000000
4958.250706 0.000000
4958.288833 0.000000
4958.326960 0.000000
4958.365087 0.000000
4958.403215 0.000000
4958.441342 0.000000
4958.479469 0.000000
4958.517596 0.000000
4958.555723 0.000000
4958.593851 0.000000
4958.631978 0.000000
4958.670105 0.000000
4958.708232 0.000000
4958.746359 0.000000
4958.784486 0.000000
4958.822614 0.000000
4958.860741 0.000000
4958.898868 0.000000
4958.936995 0.000000
4958.975122 0.000000
4959.013250 0.000000
4959.051377 0.000000
4959.089504 0.000000
4959.127631 0.000000
4959.165758 0.000000
4959.203886 0.000000
4959.242013 0.000000
4959.280140 0.000000
4959.318267 0.000000
4959.356394 0.000000
4959.394522 0.000000
4959.432649 0.000000
4959.470776 0.000000
4959.508903 0.000000
4959.547030 0.000000
4959.585158 0.000000
4959.623285 0.000000
4959.661412 0.000000
4959.699539 0.000000
4959.737666 0.000000
4959.775793 0.000000
4959.813921 0.000000
4959.852048 0.000000
4959.890175 0.000000
4959.928302 0.000000
4959.966429 0.000000
4960.004557 0.000000
4960.042684 0.000000
4960.080811 0.000000
4960.118938 0.000000
4960.157065 0.000000
4960.195193 0.000000
4960.233320 0.000000
4960.271447 0.000000
4960.309574 0.000000
4960.347701 0.000000
4960.385829 0.000000
4960.423956 0.000000
4960.462083 0.000000
4960.500210 0.000000
4960.538337 0.000000
4960.576465 0.000000
4960.614592 0.000000
4960.652719 0.000000
4960.690846 0.000000
4960.728973 0.000000
4960.767100 0.000000
4960.805228 0.000000
4960.843355 0.000000
4960.881482 0.000000
4960.919609 0.000000
4960.957736 0.000000
4960.995864 0.000000
4961.033991 0.000000
4961.072118 0.000000
4961.110245 0.000000
4961.148372 0.000000
4961.186500 0.000000
4961.224627 0.000000
4961.262754 0.000000
4961.300881 0.000000
4961.339008 0.000000
4961.377136 0.000000
4961.415263 0.000000
4961.453390 0.000000
4961.491517 0.000000
4961.529644 0.000000
4961.567772 0.000000
4961.605899 0.000000
4961.644026 0.000000
4961.682153 0.000000
4961.720280 0.000000
4961.758407 0.000000
4961.796535 0.000000
4961.834662 0.000000
4961.872789 0.000000
4961.910916 0.000000
4961.949043 0.000000
4961.987171 0.000000
4962.025298 0.000000
4962.063425 0.000000
4962.101552 0.000000
4962.139679 0.000000
4962.177807 0.000000
4962.215934 0.000000
4962.254061 0.000000
4962.292188 0.000000
4962.330315 0.000000
4962.368443 0.000000
4962.406570 0.000000
4962.444697 0.000000
4962.482824 0.000000
4962.520951 0.000000
4962.559079 0.000000
4962.597206 0.000000
4962.635333 0.000000
4962.673460 0.000000
4962.711587 0.000000
4962.749714 0.000000
4962.787842 0.000000
4962.825969 0.000000
4962.864096 0.000000
4962.902223 0.000000
4962.940350 0.000000
4962.978478 0.000000
4963.016605 0.000000
4963.054732 0.000000
4963.092859 0.000000
4963.130986 0.000000
4963.169114 0.000000
4963.207241 0.000000
4963.245368 0.000000
4963.283495 0.000000
4963.321622 0.000000
4963.359750 0.000000
4963.397877 0.000000
4963.436004 0.000000
4963.474131 0.000000
4963.512258 0.000000
4963.550386 0.000000
4963.588513 0.000000
4963.626640 0.000000
4963.664767 0.000000
4963.702894 0.000000
4963.741021 0.000000
4963.779149 0.000000
4963.817276 0.000000
4963.855403 0.000000
4963.893530 0.000000
4963.931657 0.000000
4963.969785 0.000000
4964.007912 0.000000
4964.046039 0.000000
4964.084166 0.000000
4964.122293 0.000000
4964.160421 0.000000
4964.198548 0.000000
4964.236675 0.000000
4964.274802 0.000000
4964.312929 0.000000
4964.351057 0.000000
4964.389184 0.000000
4964.427311 0.000000
4964.465438 0.000000
4964.503565 0.000000
4964.541693 0.000000
4964.579820 0.000000
4964.617947 0.000000
4964.656074 0.000000
4964.694201 0.000000
4964.732328 0.000000
4964.770456 0.000000
4964.808583 0.000000
4964.846710 0.000000
4964.884837 0.000000
4964.922964 0.000000
4964.961092 0.000000
4964.999219 0.000000
4965.037346 0.000000
4965.075473 0.000000
4965.113600 0.000000
4965.151728 0.000000
4965.189855 0.000000
4965.227982 0.000000
4965.266109 0.000000
4965.304236 0.000000
4965.342364 0.000000
4965.380491 0.000000
4965.418618 0.000000
4965.456745 0.000000
4965.494872 0.000000
4965.533000 0.000000
4965.571127 0.000000
4965.609254 0.000000
4965.647381 0.000000
4965.685508 0.000000
4965.723635 0.000000
4965.761763 0.000000
4965.799890 0.000000
4965.838017 0.000000
4965.876144 0.000000
4965.914271 0.000000
4965.952399 0.000000
4965.990526 0.000000
4966.028653 0.000000
4966.066780 0.000000
4966.104907 0.000000
4966.143035 0.000000
4966.181162 0.000000
4966.219289 0.000000
4966.257416 0.000000
4966.295543 0.000000
4966.333671 0.000000
4966.371798 0.000000
4966.409925 0.000000
4966.448052 0.000000
4966.486179 0.000000
4966.524307 0.000000
4966.562434 0.000000
4966.600561 0.000000
4966.638688 0.000000
4966.676815 0.000000
4966.714942 0.000000
4966.753070 0.000000
4966.791197 0.000000
4966.829324 0.000000
4966.867451 0.000000
4966.905578 0.000000
4966.943706 0.000000
4966.981833 0.000000
4967.019960 0.000000
4967.058087 0.000000
4967.096214 0.000000
4967.134342 0.000000
4967.172469 0.000000
4967.210596 0.000000
4967.248723 0.000000
4967.286850 0.000000
4967.324978 0.000000
4967.363105 0.000000
4967.401232 0.000000
4967.439359 0.000000
4967.477486 0.000000
4967.515614 0.000000
4967.553741 0.000000
4967.591868 0.000000
4967.629995 0.000000
4967.668122 0.000000
4967.706249 0.000000
4967.744377 0.000000
4967.782504 0.000000
4967.820631 0.000000
4967.858758 0.000000
4967.896885 0.000000
4967.935013 0.000000
4967.973140 0.000000
4968.011267 0.000000
4968.049394 0.000000
4968.087521 0.000000
4968.125649 0.000000
4968.163776 0.000000
4968.201903 0.000000
4968.240030 0.000000
4968.278157 0.000000
4968.316285 0.000000
4968.354412 0.000000
4968.392539 0.000000
4968.430666 0.000000
4968.468793 0.000000
4968.506921 0.000000
4968.545048 0.000000
4968.583175 0.000000
4968.621302 0.000000
4968.659429 0.000000
4968.697556 0.000000
4968.735684 0.000000
4968.773811 0.000000
4968.811938 0.000000
4968.850065 0.000000
4968.888192 0.000000
4968.926320 0.000000
4968.964447 0.000000
4969.002574 0.000000
4969.040701 0.000000
4969.078828 0.000000
4969.116956 0.000000
4969.155083 0.000000
4969.193210 0.000000
4969.231337 0.000000
4969.269464 0.000000
4969.307592 0.000000
4969.345719 0.000000
4969.383846 0.000000
4969.421973 0.000000
4969.460100 0.000000
4969.498228 0.000000
4969.536355 0.000000
4969.574482 0.000000
4969.612609 0.000000
4969.650736 0.000000
4969.688863 0.000000
4969.726991 0.000000
4969.765118 0.000000
4969.803245 0.000000
4969.841372 0.000000
4969.879499 0.000000
4969.917627 0.000000
4969.955754 0.000000
4969.993881 0.000000
4970.032008 0.000000
4970.070135 0.000000
4970.108263 0.000000
4970.146390 0.000000
4970.184517 0.000000
4970.222644 0.000000
4970.260771 0.000000
4970.298899 0.000000
4970.337026 0.000000
4970.375153 0.000000
4970.413280 0.000000
4970.451407 0.000000
4970.489535 0.000000
4970.527662 0.000000
4970.565789 0.000000
4970.603916 0.000000
4970.642043 0.000000
4970.680170 0.000000
4970.718298 0.000000
4970.756425 0.000000
4970.794552 0.000000
4970.832679 0.000000
4970.870806 0.000000
4970.908934 0.000000
4970.947061 0.000000
4970.985188 0.000000
4971.023315 0.000000
4971.061442 0.000000
4971.099570 0.000000
4971.137697 0.000000
4971.175824 0.000000
4971.213951 0.000000
4971.252078 0.000000
4971.290206 0.000000
4971.328333 0.000000
4971.366460 0.000000
4971.404587 0.000000
4971.442714 0.000000
4971.480842 0.000000
4971.518969 0.000000
4971.557096 0.000000
4971.595223 0.000000
4971.633350 0.000000
4971.671477 0.000000
4971.709605 0.000000
4971.747732 0.000000
4971.785859 0.000000
4971.823986 0.000000
4971.862113 0.000000
4971.900241 0.000000
4971.938368 0.000000
4971.976495 0.000000
4972.014622 0.000000
4972.052749 0.000000
4972.090877 0.000000
4972.129004 0.000000
4972.167131 0.000000
4972.205258 0.000000
4972.243385 0.000000
4972.281513 0.000000
4972.319640 0.000000
4972.357767 0.000000
4972.395894 0.000000
4972.434021 0.000000
4972.472149 0.000000
4972.510276 0.000000
4972.548403 0.000000
4972.586530 0.000000
4972.624657 0.000000
4972.662784 0.000000
4972.700912 0.000000
4972.739039 0.000000
4972.777166 0.000000
4972.815293 0.000000
4972.853420 0.000000
4972.891548 0.000000
4972.929675 0.000000
4972.967802 0.000000
4973.005929 0.000000
4973.044056 0.000000
4973.082184 0.000000
4973.120311 0.000000
4973.158438 0.000000
4973.196565 0.000000
4973.234692 0.000000
4973.272820 0.000000
4973.310947 0.000000
4973.349074 0.000000
4973.387201 0.000000
4973.425328 0.000000
4973.463456 0.000000
4973.501583 0.000000
4973.539710 0.000000
4973.577837 0.000000
4973.615964 0.000000
4973.654091 0.000000
4973.692219 0.000000
4973.730346 0.000000
4973.768473 0.000000
4973.806600 0.000000
4973.844727 0.000000
4973.882855 0.000000
4973.920982 0.000000
4973.959109 0.000000
4973.997236 0.000000
4974.035363 0.000000
4974.073491 0.000000
4974.111618 0.000000
4974.149745 0.000000
4974.187872 0.000000
4974.225999 0.000000
4974.264127 0.000000
4974.302254 0.000000
4974.340381 0.000000
4974.378508 0.000000
4974.416635 0.000000
4974.454763 0.000000
4974.492890 0.000000
4974.531017 0.000000
4974.569144 0.000000
4974.607271 0.000000
4974.645398 0.000000
4974.683526 0.000000
4974.721653 0.000000
4974.759780 0.000000
4974.797907 0.000000
4974.836034 0.000000
4974.874162 0.000000
4974.912289 0.000000
4974.950416 0.000000
4974.988543 0.000000
4975.026670 0.000000
4975.064798 0.000000
4975.102925 0.000000
4975.141052 0.000000
4975.179179 0.000000
4975.217306 0.000000
4975.255434 0.000000
4975.293561 0.000000
4975.331688 0.000000
4975.369815 0.000000
4975.407942 0.000000
4975.446070 0.000000
4975.484197 0.000000
4975.522324 0.000000
4975.560451 0.000000
4975.598578 0.000000
4975.636705 0.000000
4975.674833 0.000000
4975.712960 0.000000
4975.751087 0.000000
4975.789214 0.000000
4975.827341 0.000000
4975.865469 0.000000
4975.903596 0.000000
4975.941723 0.000000
4975.979850 0.000000
4976.017977 0.000000
4976.056105 0.000000
4976.094232 0.000000
4976.132359 0.000000
4976.170486 0.000000
4976.208613 0.000000
4976.246741 0.000000
4976.284868 0.000000
4976.322995 0.000000
4976.361122 0.000000
4976.399249 0.000000
4976.437377 0.000000
4976.475504 0.000000
4976.513631 0.000000
4976.551758 0.000000
4976.589885 0.000000
4976.628012 0.000000
4976.666140 0.000000
4976.704267 0.000000
4976.742394 0.000000
4976.780521 0.000000
4976.818648 0.000000
4976.856776 0.000000
4976.894903 0.000000
4976.933030 0.000000
4976.971157 0.000000
4977.009284 0.000000
4977.047412 0.000000
4977.085539 0.000000
4977.123666 0.000000
4977.161793 0.000000
4977.199920 0.000000
4977.238048 0.000000
4977.276175 0.000000
4977.314302 0.000000
4977.352429 0.000000
4977.390556 0.000000
4977.428684 0.000000
4977.466811 0.000000
4977.504938 0.000000
4977.543065 0.000000
4977.581192 0.000000
4977.619319 0.000000
4977.657447 0.000000
4977.695574 0.000000
4977.733701 0.000000
4977.771828 0.000000
4977.809955 0.000000
4977.848083 0.000000
4977.886210 0.000000
4977.924337 0.000000
4977.962464 0.000000
4978.000591 0.000000
4978.038719 0.000000
4978.076846 0.000000
4978.114973 0.000000
4978.153100 0.000000
4978.191227 0.000000
4978.229355 0.000000
4978.267482 0.000000
4978.305609 0.000000
4978.343736 0.000000
4978.381863 0.000000
4978.419991 0.000000
4978.458118 0.000000
4978.496245 0.000000
4978.534372 0.000000
4978.572499 0.000000
4978.610626 0.000000
4978.648754 0.000000
4978.686881 0.000000
4978.725008 0.000000
4978.763135 0.000000
4978.801262 0.000000
4978.839390 0.000000
4978.877517 0.000000
4978.915644 0.000000
4978.953771 0.000000
4978.991898 0.000000
4979.030026 0.000000
4979.068153 0.000000
4979.106280 0.000000
4979.144407 0.000000
4979.182534 0.000000
4979.220662 0.000000
4979.258789 0.000000
4979.296916 0.000000
4979.335043 0.000000
4979.373170 0.000000
4979.411298 0.000000
4979.449425 0.000000
4979.487552 0.000000
4979.525679 0.000000
4979.563806 0.000000
4979.601933 0.000000
4979.640061 0.000000
4979.678188 0.000000
4979.716315 0.000000
4979.754442 0.000000
4979.792569 0.000000
4979.830697 0.000000
4979.868824 0.000000
4979.906951 0.000000
4979.945078 0.000000
4979.983205 0.000000
4980.021333 0.000000
4980.059460 0.000000
4980.097587 0.000000
4980.135714 0.000000
4980.173841 0.000000
4980.211969 0.000000
4980.250096 0.000000
4980.288223 0.000000
4980.326350 0.000000
4980.364477 0.000000
4980.402605 0.000000
4980.440732 0.000000
4980.478859 0.000000
4980.516986 0.000000
4980.555113 0.000000
4980.593240 0.000000
4980.631368 0.000000
4980.669495 0.000000
4980.707622 0.000000
4980.745749 0.000000
4980.783876 0.000000
4980.822004 0.000000
4980.860131 0.000000
4980.898258 0.000000
4980.936385 0.000000
4980.974512 0.000000
4981.012640 0.000000
4981.050767 0.000000
4981.088894 0.000000
4981.127021 0.000000
4981.165148 0.000000
4981.203276 0.000000
4981.241403 0.000000
4981.279530 0.000000
4981.317657 0.000000
4981.355784 0.000000
4981.393912 0.000000
4981.432039 0.000000
4981.470166 0.000000
4981.508293 0.000000
4981.546420 0.000000
4981.584547 0.000000
4981.622675 0.000000
4981.660802 0.000000
4981.698929 0.000000
4981.737056 0.000000
4981.775183 0.000000
4981.813311 0.000000
4981.851438 0.000000
4981.889565 0.000000
4981.927692 0.000000
4981.965819 0.000000
4982.003947 0.000000
4982.042074 0.000000
4982.080201 0.000000
4982.118328 0.000000
4982.156455 0.000000
4982.194583 0.000000
4982.232710 0.000000
4982.270837 0.000000
4982.308964 0.000000
4982.347091 0.000000
4982.385219 0.000000
4982.423346 0.000000
4982.461473 0.000000
4982.499600 0.000000
4982.537727 0.000000
4982.575854 0.000000
4982.613982 0.000000
4982.652109 0.000000
4982.690236 0.000000
4982.728363 0.000000
4982.766490 0.000000
4982.804618 0.000000
4982.842745 0.000000
4982.880872 0.000000
4982.918999 0.000000
4982.957126 0.000000
4982.995254 0.000000
4983.033381 0.000000
4983.071508 0.000000
4983.109635 0.000000
4983.147762 0.000000
4983.185890 0.000000
4983.224017 0.000000
4983.262144 0.000000
4983.300271 0.000000
4983.338398 0.000000
4983.376526 0.000000
4983.414653 0.000000
4983.452780 0.000000
4983.490907 0.000000
4983.529034 0.000000
4983.567161 0.000000
4983.605289 0.000000
4983.643416 0.000000
4983.681543 0.000000
4983.719670 0.000000
4983.757797 0.000001
4983.795925 0.000001
4983.834052 0.000001
4983.872179 0.000001
4983.910306 0.000001
4983.948433 0.000001
4983.986561 0.000001
4984.024688 0.000001
4984.062815 0.000001
4984.100942 0.000001
4984.139069 0.000001
4984.177197 0.000001
4984.215324 0.000001
4984.253451 0.000001
4984.291578 0.000001
4984.329705 0.000001
4984.367833 0.000001
4984.405960 0.000001
4984.444087 0.000001
4984.482214 0.000001
4984.520341 0.000001
4984.558468 0.000001
4984.596596 0.000001
4984.634723 0.000001
4984.672850 0.000001
4984.710977 0.000001
4984.749104 0.000002
4984.787232 0.000002
4984.825359 0.000002
4984.863486 0.000002
4984.901613 0.000002
4984.939740 0.000002
4984.977868 0.000002
4985.015995 0.000002
4985.054122 0.000002
4985.092249 0.000002
4985.130376 0.000002
4985.168504 0.000002
4985.206631 0.000002
4985.244758 0.000003
4985.282885 0.000003
4985.321012 0.000003
4985.359140 0.000003
4985.397267 0.000003
4985.435394 0.000003
4985.473521 0.000003
4985.511648 0.000003
4985.549775 0.000004
4985.587903 0.000004
4985.626030 0.000004
4985.664157 0.000004
4985.702284 0.000004
4985.740411 0.000004
4985.778539 0.000005
4985.816666 0.000005
4985.854793 0.000005
4985.892920 0.000005
4985.931047 0.000005
4985.969175 0.000006
4986.007302 0.000006
4986.045429 0.000006
4986.083556 0.000006
4986.121683 0.000007
4986.159811 0.000007
4986.197938 0.000007
4986.236065 0.000007
4986.274192 0.000008
4986.312319 0.000008
4986.350447 0.000008
4986.388574 0.000009
4986.426701 0.000009
4986.464828 0.000009
4986.502955 0.000010
4986.541082 0.000010
4986.579210 0.000010
4986.617337 0.000011
4986.655464 0.000011
4986.693591 0.000012
4986.731718 0.000012
4986.769846 0.000013
4986.807973 0.000013
4986.846100 0.000014
4986.884227 0.000014
4986.922354 0.000015
4986.960482 0.000015
4986.998609 0.000016
4987.036736 0.000016
4987.074863 0.000017
4987.112990 0.000018
4987.151118 0.000018
4987.189245 0.000019
4987.227372 0.000020
4987.265499 0.000020
4987.303626 0.000021
4987.341754 0.000022
4987.379881 0.000023
4987.418008 0.000024
4987.456135 0.000025
4987.494262 0.000025
4987.532389 0.000026
4987.570517 0.000027
4987.608644 0.000028
4987.646771 0.000029
4987.684898 0.000031
4987.723025 0.000032
4987.761153 0.000033
4987.799280 0.000034
4987.837407 0.000035
4987.875534 0.000037
4987.913661 0.000038
4987.951789 0.000039
4987.989916 0.000041
4988.028043 0.000042
4988.066170 0.000044
4988.104297 0.000045
4988.142425 0.000047
4988.180552 0.000049
4988.218679 0.000050
4988.256806 0.000052
4988.294933 0.000054
4988.333061 0.000056
4988.371188 0.000058
4988.409315 0.000060
4988.447442 0.000062
4988.485569 0.000064
4988.523696 0.000067
4988.561824 0.000069
4988.599951 0.000071
4988.638078 0.000074
4988.676205 0.000077
4988.714332 0.000079
4988.752460 0.000082
4988.790587 0.000085
4988.828714 0.000088
4988.866841 0.000091
4988.904968 0.000094
4988.943096 0.000097
4988.981223 0.000101
4989.019350 0.000104
4989.057477 0.000108
4989.095604 0.000112
4989.133732 0.000115
4989.171859 0.000119
4989.209986 0.000123
4989.248113 0.000128
4989.286240 0.000132
4989.324368 0.000136
4989.362495 0.000141
4989.400622 0.000146
4989.438749 0.000151
4989.476876 0.000156
4989.515003 0.000161
4989.553131 0.000166
4989.591258 0.000172
4989.629385 0.000178
4989.667512 0.000184
4989.705639 0.000190
4989.743767 0.000196
4989.781894 0.000203
4989.820021 0.000209
4989.858148 0.000216
4989.896275 0.000223
4989.934403 0.000231
4989.972530 0.000238
4990.010657 0.000246
4990.048784 0.000254
4990.086911 0.000262
4990.125039 0.000271
4990.163166 0.000279
4990.201293 0.000288
4990.239420 0.000298
4990.277547 0.000307
4990.315675 0.000317
4990.353802 0.000327
4990.391929 0.000338
4990.430056 0.000349
4990.468183 0.000360
4990.506310 0.000371
4990.544438 0.000383
4990.582565 0.000395
4990.620692 0.000408
4990.658819 0.000420
4990.696946 0.000434
4990.735074 0.000447
4990.773201 0.000461
4990.811328 0.000476
4990.849455 0.000490
4990.887582 0.000506
4990.925710 0.000521
4990.963837 0.000537
4991.001964 0.000554
4991.040091 0.000571
4991.078218 0.000588
4991.116346 0.000607
4991.154473 0.000625
4991.192600 0.000644
4991.230727 0.000664
4991.268854 0.000684
4991.306982 0.000705
4991.345109 0.000726
4991.383236 0.000748
4991.421363 0.000770
4991.459490 0.000793
4991.497617 0.000817
4991.535745 0.000842
4991.573872 0.000867
4991.611999 0.000892
4991.650126 0.000919
4991.688253 0.000946
4991.726381 0.000974
4991.764508 0.001003
4991.802635 0.001032
4991.840762 0.001062
4991.878889 0.001093
4991.917017 0.001125
4991.955144 0.001158
4991.993271 0.001192
4992.031398 0.001226
4992.069525 0.001262
4992.107653 0.001298
4992.145780 0.001335
4992.183907 0.001374
4992.222034 0.001413
4992.260161 0.001453
4992.298289 0.001495
4992.336416 0.001537
4992.374543 0.001581
4992.412670 0.001625
4992.450797 0.001671
4992.488924 0.001718
4992.527052 0.001766
4992.565179 0.001816
4992.603306 0.001866
4992.641433 0.001918
4992.679560 0.001972
4992.717688 0.002026
4992.755815 0.002082
4992.793942 0.002140
4992.832069 0.002198
4992.870196 0.002259
4992.908324 0.002320
4992.946451 0.002384
4992.984578 0.002449
4993.022705 0.002515
4993.060832 0.002583
4993.098960 0.002653
4993.137087 0.002724
4993.175214 0.002798
4993.213341 0.002872
4993.251468 0.002949
4993.289596 0.003028
4993.327723 0.003108
4993.365850 0.003191
4993.403977 0.003275
4993.442104 0.003361
4993.480231 0.003450
4993.518359 0.003540
4993.556486 0.003633
4993.594613 0.003728
4993.632740 0.003825
4993.670867 0.003924
4993.708995 0.004026
4993.747122 0.004129
4993.785249 0.004236
4993.823376 0.004344
4993.861503 0.004456
4993.899631 0.004569
4993.937758 0.004686
4993.975885 0.004805
4994.014012 0.004926
4994.052139 0.005051
4994.090267 0.005178
4994.128394 0.005308
4994.166521 0.005441
4994.204648 0.005577
4994.242775 0.005716
4994.280903 0.005858
4994.319030 0.006003
4994.357157 0.006151
4994.395284 0.006302
4994.433411 0.006457
4994.471538 0.006615
4994.509666 0.006777
4994.547793 0.006942
4994.585920 0.007110
4994.624047 0.007282
4994.662174 0.007458
4994.700302 0.007637
4994.738429 0.007821
4994.776556 0.008008
4994.814683 0.008199
4994.852810 0.008394
4994.890938 0.008593
4994.929065 0.008796
4994.967192 0.009004
4995.005319 0.009215
4995.043446 0.009431
4995.081574 0.009652
4995.119701 0.009876
4995.157828 0.010106
4995.195955 0.010340
4995.234082 0.010579
4995.272210 0.010822
4995.310337 0.011070
4995.348464 0.011324
4995.386591 0.011582
4995.424718 0.011845
4995.462845 0.012114
4995.500973 0.012388
4995.539100 0.012667
4995.577227 0.012951
4995.615354 0.013241
4995.653481 0.013537
4995.691609 0.013838
4995.729736 0.014145
4995.767863 0.014458
4995.805990 0.014777
4995.844117 0.015101
4995.882245 0.015432
4995.920372 0.015769
4995.958499 0.016112
4995.996626 0.016462
4996.034753 0.016818
4996.072881 0.017180
4996.111008 0.017550
4996.149135 0.017925
4996.187262 0.018308
4996.225389 0.018698
4996.263517 0.019094
4996.301644 0.019498
4996.339771 0.019909
4996.377898 0.020327
4996.416025 0.020752
4996.454152 0.021185
4996.492280 0.021625
4996.530407 0.022074
4996.568534 0.022529
4996.606661 0.022993
4996.644788 0.023465
4996.682916 0.023945
4996.721043 0.024432
4996.759170 0.024928
4996.797297 0.025433
4996.835424 0.025946
4996.873552 0.026467
4996.911679 0.026997
4996.949806 0.027536
4996.987933 0.028084
4997.026060 0.028640
4997.064188 0.029206
4997.102315 0.029780
4997.140442 0.030364
4997.178569 0.030958
4997.216696 0.031561
4997.254824 0.032173
4997.292951 0.032795
4997.331078 0.033427
4997.369205 0.034068
4997.407332 0.034720
4997.445459 0.035381
4997.483587 0.036053
4997.521714 0.036735
4997.559841 0.037427
4997.597968 0.038130
4997.636095 0.038843
4997.674223 0.039567
4997.712350 0.040302
4997.750477 0.041047
4997.788604 0.041804
4997.826731 0.042571
4997.864859 0.043350
4997.902986 0.044140
4997.941113 0.044941
4997.979240 0.045754
4998.017367 0.046578
4998.055495 0.047414
4998.093622 0.048261
4998.131749 0.049120
4998.169876 0.049992
4998.208003 0.050875
4998.246131 0.051770
4998.284258 0.052678
4998.322385 0.053597
4998.360512 0.054529
4998.398639 0.055474
4998.436766 0.056431
4998.474894 0.057400
4998.513021 0.058382
4998.551148 0.059377
4998.589275 0.060385
4998.627402 0.061406
4998.665530 0.062440
4998.703657 0.063487
4998.741784 0.064547
4998.779911 0.065620
4998.818038 0.066706
4998.856166 0.067806
4998.894293 0.068920
4998.932420 0.070047
4998.970547 0.071187
4999.008674 0.072341
4999.046802 0.073509
4999.084929 0.074690
4999.123056 0.075886
4999.161183 0.077095
4999.199310 0.078318
4999.237438 0.079555
4999.275565 0.080806
4999.313692 0.082072
4999.351819 0.083351
4999.389946 0.084645
4999.428073 0.085952
4999.466201 0.087274
4999.504328 0.088611
4999.542455 0.089961
4999.580582 0.091327
4999.618709 0.092706
4999.656837 0.094100
4999.694964 0.095508
4999.733091 0.096931
4999.771218 0.098368
4999.809345 0.099820
4999.847473 0.101286
4999.885600 0.102767
4999.923727 0.104263
4999.961854 0.105773
4999.999981 0.107297
5000.038109 0.108836
5000.076236 0.110390
5000.114363 0.111958
5000.152490 0.113541
5000.190617 0.115138
5000.228745 0.116750
5000.266872 0.118376
5000.304999 0.120017
5000.343126 0.121672
5000.381253 0.123342
5000.419380 0.125026
5000.457508 0.126724
5000.495635 0.128437
5000.533762 0.130164
5000.571889 0.131905
5000.610016 0.133661
5000.648144 0.135430
5000.686271 0.137214
5000.724398 0.139012
5000.762525 0.140823
5000.800652 0.142649
5000.838780 0.144488
5000.876907 0.146341
5000.915034 0.148208
5000.953161 0.150088
5000.991288 0.151982
5001.029416 0.153889
5001.067543 0.155810
5001.105670 0.157744
5001.143797 0.159691
5001.181924 0.161651
5001.220052 0.163623
5001.258179 0.165609
5001.296306 0.167607
5001.334433 0.169618
5001.372560 0.171642
5001.410687 0.173677
5001.448815 0.175725
5001.486942 0.177785
5001.525069 0.179856
5001.563196 0.181940
5001.601323 0.184035
5001.639451 0.186141
5001.677578 0.188259
5001.715705 0.190388
5001.753832 0.192528
5001.791959 0.194678
5001.830087 0.196840
5001.868214 0.199011
5001.906341 0.201193
5001.944468 0.203385
5001.982595 0.205587
5002.020723 0.207799
5002.058850 0.210020
5002.096977 0.212250
5002.135104 0.214490
5002.173231 0.216738
5002.211359 0.218995
5002.249486 0.221260
5002.287613 0.223534
5002.325740 0.225815
5002.363867 0.228104
5002.401994 0.230401
5002.440122 0.232705
5002.478249 0.235016
5002.516376 0.237334
5002.554503 0.239658
5002.592630 0.241989
5002.630758 0.244326
5002.668885 0.246668
5002.707012 0.249016
5002.745139 0.251369
5002.783266 0.253727
5002.821394 0.256090
5002.859521 0.258457
5002.897648 0.260829
5002.935775 0.263204
5002.973902 0.265583
5003.012030 0.267964
5003.050157 0.270349
5003.088284 0.272737
5003.126411 0.275127
5003.164538 0.277518
5003.202666 0.279912
5003.240793 0.282307
5003.278920 0.284703
5003.317047 0.287100
5003.355174 0.289497
5003.393301 0.291895
5003.431429 0.294292
5003.469556 0.296689
5003.507683 0.299085
5003.545810 0.301479
5003.583937 0.303873
5003.622065 0.306264
5003.660192 0.308653
5003.698319 0.311039
5003.736446 0.313423
5003.774573 0.315803
5003.812701 0.318180
5003.850828 0.320553
5003.888955 0.322922
5003.927082 0.325285
5003.965209 0.327644
5004.003337 0.329998
5004.041464 0.332346
5004.079591 0.334687
5004.117718 0.337022
5004.155845 0.339351
5004.193973 0.341672
5004.232100 0.343986
5004.270227 0.346291
5004.308354 0.348589
5004.346481 0.350877
5004.384608 0.353157
5004.422736 0.355427
5004.460863 0.357688
5004.498990 0.359938
5004.537117 0.362178
5004.575244 0.364407
5004.613372 0.366625
5004.651499 0.368831
5004.689626 0.371025
5004.727753 0.373207
5004.765880 0.375376
5004.804008 0.377531
5004.842135 0.379674
5004.880262 0.381802
5004.918389 0.383917
5004.956516 0.386016
5004.994644 0.388101
5005.032771 0.390170
5005.070898 0.392224
5005.109025 0.394262
5005.147152 0.396283
5005.185280 0.398288
5005.223407 0.400275
5005.261534 0.402245
5005.299661 0.404197
5005.337788 0.406131
5005.375915 0.408046
5005.414043 0.409942
5005.452170 0.411819
5005.490297 0.413677
5005.528424 0.415515
5005.566551 0.417332
5005.604679 0.419129
5005.642806 0.420905
5005.680933 0.422659
5005.719060 0.424392
5005.757187 0.426103
5005.795315 0.427792
5005.833442 0.429458
5005.871569 0.431102
5005.909696 0.432722
5005.947823 0.434318
5005.985951 0.435891
5006.024078 0.437440
5006.062205 0.438964
5006.100332 0.440464
5006.138459 0.441939
5006.176587 0.443388
5006.214714 0.444812
5006.252841 0.446210
5006.290968 0.447582
5006.329095 0.448927
5006.367222 0.450246
5006.405350 0.451538
5006.443477 0.452803
5006.481604 0.454041
5006.519731 0.455250
5006.557858 0.456432
5006.595986 0.457586
5006.634113 0.458712
5006.672240 0.459809
5006.710367 0.460877
5006.748494 0.461916
5006.786622 0.462926
5006.824749 0.463907
5006.862876 0.464858
5006.901003 0.465779
5006.939130 0.466671
5006.977258 0.467532
5007.015385 0.468363
5007.053512 0.469163
5007.091639 0.469933
5007.129766 0.470672
5007.167894 0.471380
5007.206021 0.472057
5007.244148 0.472702
5007.282275 0.473316
5007.320402 0.473899
5007.358529 0.474450
5007.396657 0.474970
5007.434784 0.475457
5007.472911 0.475913
5007.511038 0.476337
5007.549165 0.476728
5007.587293 0.477088
5007.625420 0.477415
5007.663547 0.477710
5007.701674 0.477972
5007.739801 0.478202
5007.777929 0.478400
5007.816056 0.478565
5007.854183 0.478697
5007.892310 0.478797
5007.930437 0.478865
5007.968565 0.478899
5008.006692 0.478901
5008.044819 0.478871
5008.082946 0.478807
5008.121073 0.478712
5008.159201 0.478583
5008.197328 0.478422
5008.235455 0.478229
5008.273582 0.478003
5008.311709 0.477744
5008.349836 0.477454
5008.387964 0.477131
5008.426091 0.476775
5008.464218 0.476388
5008.502345 0.475968
5008.540472 0.475516
5008.578600 0.475033
5008.616727 0.474517
5008.654854 0.473970
5008.692981 0.473391
5008.731108 0.472781
5008.769236 0.472139
5008.807363 0.471466
5008.845490 0.470762
5008.883617 0.470027
5008.921744 0.469261
5008.959872 0.468465
5008.997999 0.467638
5009.036126 0.466780
5009.074253 0.465893
5009.112380 0.464975
5009.150508 0.464028
5009.188635 0.463051
5009.226762 0.462044
5009.264889 0.461009
5009.303016 0.459944
5009.341144 0.458851
5009.379271 0.457729
5009.417398 0.456578
5009.455525 0.455400
5009.493652 0.454194
5009.531779 0.452959
5009.569907 0.451698
5009.608034 0.450409
5009.646161 0.449094
5009.684288 0.447752
5009.722415 0.446383
5009.760543 0.444988
5009.798670 0.443568
5009.836797 0.442121
5009.874924 0.440650
5009.913051 0.439153
5009.951179 0.437632
5009.989306 0.436086
5010.027433 0.434516
5010.065560 0.432923
5010.103687 0.431306
5010.141815 0.429665
5010.179942 0.428002
5010.218069 0.426316
5010.256196 0.424607
5010.294323 0.422877
5010.332451 0.421125
5010.370578 0.419352
5010.408705 0.417558
5010.446832 0.415743
5010.484959 0.413908
5010.523086 0.412053
5010.561214 0.410178
5010.599341 0.408284
5010.637468 0.406371
5010.675595 0.404440
5010.713722 0.402490
5010.751850 0.400522
5010.789977 0.398537
5010.828104 0.396535
5010.866231 0.394516
5010.904358 0.392480
5010.942486 0.390428
5010.980613 0.388361
5011.018740 0.386278
5011.056867 0.384180
5011.094994 0.382068
5011.133122 0.379941
5011.171249 0.377800
5011.209376 0.375646
5011.247503 0.373479
5011.285630 0.371299
5011.323758 0.369106
5011.361885 0.366901
5011.400012 0.364685
5011.438139 0.362458
5011.476266 0.360219
5011.514393 0.357970
5011.552521 0.355711
5011.590648 0.353442
5011.628775 0.351163
5011.666902 0.348875
5011.705029 0.346579
5011.743157 0.344274
5011.781284 0.341962
5011.819411 0.339642
5011.857538 0.337314
5011.895665 0.334980
5011.933793 0.332639
5011.971920 0.330292
5012.010047 0.327939
5012.048174 0.325581
5012.086301 0.323218
5012.124429 0.320850
5012.162556 0.318477
5012.200683 0.316101
5012.238810 0.313721
5012.276937 0.311338
5012.315065 0.308952
5012.353192 0.306563
5012.391319 0.304172
5012.429446 0.301779
5012.467573 0.299384
5012.505700 0.296989
5012.543828 0.294592
5012.581955 0.292195
5012.620082 0.289797
5012.658209 0.287400
5012.696336 0.285003
5012.734464 0.282607
5012.772591 0.280212
5012.810718 0.277818
5012.848845 0.275426
5012.886972 0.273036
5012.925100 0.270648
5012.963227 0.268263
5013.001354 0.265880
5013.039481 0.263501
5013.077608 0.261126
5013.115736 0.258754
5013.153863 0.256386
5013.191990 0.254023
5013.230117 0.251664
5013.268244 0.249310
5013.306372 0.246962
5013.344499 0.244619
5013.382626 0.242281
5013.420753 0.239950
5013.458880 0.237625
5013.497007 0.235306
5013.535135 0.232994
5013.573262 0.230689
5013.611389 0.228391
5013.649516 0.226101
5013.687643 0.223819
5013.725771 0.221544
5013.763898 0.219278
5013.802025 0.217020
5013.840152 0.214770
5013.878279 0.212530
5013.916407 0.210298
5013.954534 0.208076
5013.992661 0.205863
5014.030788 0.203660
5014.068915 0.201467
5014.107043 0.199284
5014.145170 0.197111
5014.183297 0.194948
5014.221424 0.192796
5014.259551 0.190655
5014.297679 0.188525
5014.335806 0.186406
5014.373933 0.184298
5014.412060 0.182201
5014.450187 0.180116
5014.488314 0.178043
5014.526442 0.175982
5014.564569 0.173933
5014.602696 0.171896
5014.640823 0.169871
5014.678950 0.167858
5014.717078 0.165858
5014.755205 0.163871
5014.793332 0.161897
5014.831459 0.159935
5014.869586 0.157987
5014.907714 0.156051
5014.945841 0.154129
5014.983968 0.152220
5015.022095 0.150325
5015.060222 0.148442
5015.098350 0.146574
5015.136477 0.144719
5015.174604 0.142878
5015.212731 0.141051
5015.250858 0.139238
5015.288986 0.137438
5015.327113 0.135653
5015.365240 0.133881
5015.403367 0.132124
5015.441494 0.130381
5015.479621 0.128652
5015.517749 0.126938
5015.555876 0.125238
5015.594003 0.123552
5015.632130 0.121880
5015.670257 0.120223
5015.708385 0.118581
5015.746512 0.116953
5015.784639 0.115339
5015.822766 0.113740
5015.860893 0.112155
5015.899021 0.110585
5015.937148 0.109030
5015.975275 0.107489
5016.013402 0.105963
5016.051529 0.104451
5016.089657 0.102954
5016.127784 0.101471
5016.165911 0.100003
5016.204038 0.098549
5016.242165 0.097110
5016.280293 0.095685
5016.318420 0.094275
5016.356547 0.092880
5016.394674 0.091498
5016.432801 0.090131
5016.470928 0.088779
5016.509056 0.087441
5016.547183 0.086117
5016.585310 0.084807
5016.623437 0.083512
5016.661564 0.082231
5016.699692 0.080964
5016.737819 0.079711
5016.775946 0.078472
5016.814073 0.077247
5016.852200 0.076036
5016.890328 0.074839
5016.928455 0.073656
5016.966582 0.072486
5017.004709 0.071331
5017.042836 0.070188
5017.080964 0.069060
5017.119091 0.067945
5017.157218 0.066843
5017.195345 0.065755
5017.233472 0.064680
5017.271600 0.063619
5017.309727 0.062570
5017.347854 0.061535
5017.385981 0.060512
5017.424108 0.059503
5017.462235 0.058506
5017.500363 0.057522
5017.538490 0.056551
5017.576617 0.055593
5017.614744 0.054647
5017.652871 0.053713
5017.690999 0.052792
5017.729126 0.051883
5017.767253 0.050986
5017.805380 0.050102
5017.843507 0.049229
5017.881635 0.048368
5017.919762 0.047519
5017.957889 0.046682
5017.996016 0.045856
5018.034143 0.045042
5018.072271 0.044239
5018.110398 0.043448
5018.148525 0.042668
5018.186652 0.041899
5018.224779 0.041141
5018.262907 0.040394
5018.301034 0.039658
5018.339161 0.038933
5018.377288 0.038219
5018.415415 0.037514
5018.453542 0.036821
5018.491670 0.036138
5018.529797 0.035465
5018.567924 0.034802
5018.606051 0.034149
5018.644178 0.033506
5018.682306 0.032873
5018.720433 0.032250
5018.758560 0.031637
5018.796687 0.031033
5018.834814 0.030438
5018.872942 0.029853
5018.911069 0.029277
5018.949196 0.028710
5018.987323 0.028153
5019.025450 0.027604
5019.063578 0.027064
5019.101705 0.026533
5019.139832 0.026011
5019.177959 0.025497
5019.216086 0.024991
5019.254214 0.024494
5019.292341 0.024005
5019.330468 0.023524
5019.368595 0.023052
5019.406722 0.022587
5019.444849 0.022130
5019.482977 0.021681
5019.521104 0.021240
5019.559231 0.020806
5019.597358 0.020380
5019.635485 0.019961
5019.673613 0.019549
5019.711740 0.019144
5019.749867 0.018747
5019.787994 0.018356
5019.826121 0.017973
5019.864249 0.017596
5019.902376 0.017226
5019.940503 0.016863
5019.978630 0.016506
5020.016757 0.016156
5020.054885 0.015812
5020.093012 0.015474
5020.131139 0.015142
5020.169266 0.014817
5020.207393 0.014497
5020.245521 0.014184
5020.283648 0.013876
5020.321775 0.013574
5020.359902 0.013278
5020.398029 0.012987
5020.436156 0.012702
5020.474284 0.012422
5020.512411 0.012148
5020.550538 0.011879
5020.588665 0.011615
5020.626792 0.011356
5020.664920 0.011102
5020.703047 0.010853
5020.741174 0.010609
5020.779301 0.010369
5020.817428 0.010135
5020.855556 0.009905
5020.893683 0.009679
5020.931810 0.009458
5020.969937 0.009242
5021.008064 0.009030
5021.046192 0.008822
5021.084319 0.008618
5021.122446 0.008419
5021.160573 0.008223
5021.198700 0.008032
5021.236828 0.007844
5021.274955 0.007660
5021.313082 0.007480
5021.351209 0.007304
5021.389336 0.007131
5021.427463 0.006963
5021.465591 0.006797
5021.503718 0.006635
5021.541845 0.006477
5021.579972 0.006322
5021.618099 0.006170
5021.656227 0.006021
5021.694354 0.005876
5021.732481 0.005733
5021.770608 0.005594
5021.808735 0.005458
5021.846863 0.005324
5021.884990 0.005194
5021.923117 0.005067
5021.961244 0.004942
5021.999371 0.004820
5022.037499 0.004701
5022.075626 0.004584
5022.113753 0.004470
5022.151880 0.004358
5022.190007 0.004249
5022.228135 0.004143
5022.266262 0.004038
5022.304389 0.003937
5022.342516 0.003837
5022.380643 0.003740
5022.418770 0.003645
5022.456898 0.003552
5022.495025 0.003461
5022.533152 0.003372
5022.571279 0.003286
5022.609406 0.003201
5022.647534 0.003119
5022.685661 0.003038
5022.723788 0.002959
5022.761915 0.002882
5022.800042 0.002807
5022.838170 0.002733
5022.876297 0.002662
5022.914424 0.002592
5022.952551 0.002524
5022.990678 0.002457
5023.028806 0.002392
5023.066933 0.002328
5023.105060 0.002266
5023.143187 0.002206
5023.181314 0.002147
5023.219442 0.002089
5023.257569 0.002033
5023.295696 0.001978
5023.333823 0.001925
5023.371950 0.001873
5023.410077 0.001822
5023.448205 0.001772
5023.486332 0.001724
5023.524459 0.001677
5023.562586 0.001631
5023.600713 0.001586
5023.638841 0.001542
5023.676968 0.001500
5023.715095 0.001458
5023.753222 0.001418
5023.791349 0.001379
5023.829477 0.001340
5023.867604 0.001303
5023.905731 0.001266
5023.943858 0.001231
5023.981985 0.001196
5024.020113 0.001162
5024.058240 0.001129
5024.096367 0.001097
5024.134494 0.001066
5024.172621 0.001036
5024.210749 0.001006
5024.248876 0.000978
5024.287003 0.000950
5024.325130 0.000922
5024.363257 0.000896
5024.401384 0.000870
5024.439512 0.000845
5024.477639 0.000820
5024.515766 0.000796
5024.553893 0.000773
5024.592020 0.000751
5024.630148 0.000729
5024.668275 0.000707
5024.706402 0.000686
5024.744529 0.000666
5024.782656 0.000647
5024.820784 0.000627
5024.858911 0.000609
5024.897038 0.000591
5024.935165 0.000573
5024.973292 0.000556
5025.011420 0.000539
5025.049547 0.000523
5025.087674 0.000507
5025.125801 0.000492
5025.163928 0.000477
5025.202056 0.000463
5025.240183 0.000449
5025.278310 0.000435
5025.316437 0.000422
5025.354564 0.000409
5025.392691 0.000397
5025.430819 0.000384
5025.468946 0.000373
5025.507073 0.000361
5025.545200 0.000350
5025.583327 0.000339
5025.621455 0.000329
5025.659582 0.000318
5025.697709 0.000309
5025.735836 0.000299
5025.773963 0.000290
5025.812091 0.000281
5025.850218 0.000272
5025.888345 0.000263
5025.926472 0.000255
5025.964599 0.000247
5026.002727 0.000239
5026.040854 0.000231
5026.078981 0.000224
5026.117108 0.000217
5026.155235 0.000210
5026.193363 0.000203
5026.231490 0.000197
5026.269617 0.000191
5026.307744 0.000184
5026.345871 0.000178
5026.383998 0.000173
5026.422126 0.000167
5026.460253 0.000162
5026.498380 0.000156
5026.536507 0.000151
5026.574634 0.000146
5026.612762 0.000142
5026.650889 0.000137
5026.689016 0.000132
5026.727143 0.000128
5026.765270 0.000124
5026.803398 0.000120
5026.841525 0.000116
5026.879652 0.000112
5026.917779 0.000108
5026.955906 0.000105
5026.994034 0.000101
5027.032161 0.000098
5027.070288 0.000095
5027.108415 0.000091
5027.146542 0.000088
5027.184670 0.000085
5027.222797 0.000082
5027.260924 0.000080
5027.299051 0.000077
5027.337178 0.000074
5027.375305 0.000072
5027.413433 0.000069
5027.451560 0.000067
5027.489687 0.000065
5027.527814 0.000062
5027.565941 0.000060
5027.604069 0.000058
5027.642196 0.000056
5027.680323 0.000054
5027.718450 0.000052
5027.756577 0.000051
5027.794705 0.000049
5027.832832 0.000047
5027.870959 0.000046
5027.909086 0.000044
5027.947213 0.000042
5027.985341 0.000041
5028.023468 0.000039
5028.061595 0.000038
5028.099722 0.000037
5028.137849 0.000035
5028.175977 0.000034
5028.214104 0.000033
5028.252231 0.000032
5028.290358 0.000031
5028.328485 0.000030
5028.366612 0.000029
5028.404740 0.000027
5028.442867 0.000027
5028.480994 0.000026
5028.519121 0.000025
5028.557248 0.000024
5028.595376 0.000023
5028.633503 0.000022
5028.671630 0.000021
5028.709757 0.000020
5028.747884 0.000020
5028.786012 0.000019
5028.824139 0.000018
5028.862266 0.000018
5028.900393 0.000017
5028.938520 0.000016
5028.976648 0.000016
5029.014775 0.000015
5029.052902 0.000015
5029.091029 0.000014
5029.129156 0.000014
5029.167284 0.000013
5029.205411 0.000013
5029.243538 0.000012
5029.281665 0.000012
5029.319792 0.000011
5029.357919 0.000011
5029.396047 0.000010
5029.434174 0.000010
5029.472301 0.000010
5029.510428 0.000009
5029.548555 0.000009
5029.586683 0.000009
5029.624810 0.000008
5029.662937 0.000008
5029.701064 0.000008
5029.739191 0.000007
5029.777319 0.000007
5029.815446 0.000007
5029.853573 0.000007
5029.891700 0.000006
5029.929827 0.000006
5029.967955 0.000006
5030.006082 0.000006
5030.044209 0.000005
5030.082336 0.000005
5030.120463 0.000005
5030.158591 0.000005
5030.196718 0.000005
5030.234845 0.000004
5030.272972 0.000004
5030.311099 0.000004
5030.349226 0.000004
5030.387354 0.000004
5030.425481 0.000004
5030.463608 0.000003
5030.501735 0.000003
5030.539862 0.000003
5030.577990 0.000003
5030.616117 0.000003
5030.654244 0.000003
5030.692371 0.000003
5030.730498 0.000003
5030.768626 0.000003
5030.806753 0.000002
5030.844880 0.000002
5030.883007 0.000002
5030.921134 0.000002
5030.959262 0.000002
5030.997389 0.000002
5031.035516 0.000002
5031.073643 0.000002
5031.111770 0.000002
5031.149898 0.000002
5031.188025 0.000002
5031.226152 0.000002
5031.264279 0.000001
5031.302406 0.000001
5031.340533 0.000001
5031.378661 0.000001
5031.416788 0.000001
5031.454915 0.000001
5031.493042 0.000001
5031.531169 0.000001
5031.569297 0.000001
5031.607424 0.000001
5031.645551 0.000001
5031.683678 0.000001
5031.721805 0.000001
5031.759933 0.000001
5031.798060 0.000001
5031.836187 0.000001
5031.874314 0.000001
5031.912441 0.000001
5031.950569 0.000001
5031.988696 0.000001
5032.026823 0.000001
5032.064950 0.000001
5032.103077 0.000001
5032.141205 0.000001
5032.179332 0.000001
5032.217459 0.000001
5032.255586 0.000000
5032.293713 0.000000
5032.331840 0.000000
5032.369968 0.000000
5032.408095 0.000000
5032.446222 0.000000
5032.484349 0.000000
5032.522476 0.000000
5032.560604 0.000000
5032.598731 0.000000
5032.636858 0.000000
5032.674985 0.000000
5032.713112 0.000000
5032.751240 0.000000
5032.789367 0.000000
5032.827494 0.000000
5032.865621 0.000000
5032.903748 0.000000
5032.941876 0.000000
5032.980003 0.000000
5033.018130 0.000000
5033.056257 0.000000
5033.094384 0.000000
5033.132512 0.000000
5033.170639 0.000000
5033.208766 0.000000
5033.246893 0.000000
5033.285020 0.000000
5033.323147 0.000000
5033.361275 0.000000
5033.399402 0.000000
5033.437529 0.000000
5033.475656 0.000000
5033.513783 0.000000
5033.551911 0.000000
5033.590038 0.000000
5033.628165 0.000000
5033.666292 0.000000
5033.704419 0.000000
5033.742547 0.000000
5033.780674 0.000000
5033.818801 0.000000
5033.856928 0.000000
5033.895055 0.000000
5033.933183 0.000000
5033.971310 0.000000
5034.009437 0.000000
5034.047564 0.000000
5034.085691 0.000000
5034.123819 0.000000
5034.161946 0.000000
5034.200073 0.000000
5034.238200 0.000000
5034.276327 0.000000
5034.314454 0.000000
5034.352582 0.000000
5034.390709 0.000000
5034.428836 0.000000
5034.466963 0.000000
5034.505090 0.000000
5034.543218 0.000000
5034.581345 0.000000
5034.619472 0.000000
5034.657599 0.000000
5034.695726 0.000000
5034.733854 0.000000
5034.771981 0.000000
5034.810108 0.000000
5034.848235 0.000000
5034.886362 0.000000
5034.924490 0.000000
5034.962617 0.000000
5035.000744 0.000000
5035.038871 0.000000
5035.076998 0.000000
5035.115126 0.000000
5035.153253 0.000000
5035.191380 0.000000
5035.229507 0.000000
5035.267634 0.000000
5035.305761 0.000000
5035.343889 0.000000
5035.382016 0.000000
5035.420143 0.000000
5035.458270 0.000000
5035.496397 0.000000
5035.534525 0.000000
5035.572652 0.000000
5035.610779 0.000000
5035.648906 0.000000
5035.687033 0.000000
5035.725161 0.000000
5035.763288 0.000000
5035.801415 0.000000
5035.839542 0.000000
5035.877669 0.000000
5035.915797 0.000000
5035.953924 0.000000
5035.992051 0.000000
5036.030178 0.000000
5036.068305 0.000000
5036.106433 0.000000
5036.144560 0.000000
5036.182687 0.000000
5036.220814 0.000000
5036.258941 0.000000
5036.297068 0.000000
5036.335196 0.000000
5036.373323 0.000000
5036.411450 0.000000
5036.449577 0.000000
5036.487704 0.000000
5036.525832 0.000000
5036.563959 0.000000
5036.602086 0.000000
5036.640213 0.000000
5036.678340 0.000000
5036.716468 0.000000
5036.754595 0.000000
5036.792722 0.000000
5036.830849 0.000000
5036.868976 0.000000
5036.907104 0.000000
5036.945231 0.000000
5036.983358 0.000000
5037.021485 0.000000
5037.059612 0.000000
5037.097740 0.000000
5037.135867 0.000000
5037.173994 0.000000
5037.212121 0.000000
5037.250248 0.000000
5037.288375 0.000000
5037.326503 0.000000
5037.364630 0.000000
5037.402757 0.000000
5037.440884 0.000000
5037.479011 0.000000
5037.517139 0.000000
5037.555266 0.000000
5037.593393 0.000000
5037.631520 0.000000
5037.669647 0.000000
5037.707775 0.000000
5037.745902 0.000000
5037.784029 0.000000
5037.822156 0.000000
5037.860283 0.000000
5037.898411 0.000000
5037.936538 0.000000
5037.974665 0.000000
5038.012792 0.000000
5038.050919 0.000000
5038.089047 0.000000
5038.127174 0.000000
5038.165301 0.000000
5038.203428 0.000000
5038.241555 0.000000
5038.279682 0.000000
5038.317810 0.000000
5038.355937 0.000000
5038.394064 0.000000
5038.432191 0.000000
5038.470318 0.000000
5038.508446 0.000000
5038.546573 0.000000
5038.584700 0.000000
5038.622827 0.000000
5038.660954 0.000000
5038.699082 0.000000
5038.737209 0.000000
5038.775336 0.000000
5038.813463 0.000000
5038.851590 0.000000
5038.889718 0.000000
5038.927845 0.000000
5038.965972 0.000000
5039.004099 0.000000
5039.042226 0.000000
5039.080354 0.000000
5039.118481 0.000000
5039.156608 0.000000
5039.194735 0.000000
5039.232862 0.000000
5039.270989 0.000000
5039.309117 0.000000
5039.347244 0.000000
5039.385371 0.000000
5039.423498 0.000000
5039.461625 0.000000
5039.499753 0.000000
5039.537880 0.000000
5039.576007 0.000000
5039.614134 0.000000
5039.652261 0.000000
5039.690389 0.000000
5039.728516 0.000000
5039.766643 0.000000
5039.804770 0.000000
5039.842897 0.000000
5039.881025 0.000000
5039.919152 0.000000
5039.957279 0.000000
5039.995406 0.000000
5040.033533 0.000000
5040.071661 0.000000
5040.109788 0.000000
5040.147915 0.000000
5040.186042 0.000000
5040.224169 0.000000
5040.262296 0.000000
5040.300424 0.000000
5040.338551 0.000000
5040.376678 0.000000
5040.414805 0.000000
5040.452932 0.000000
5040.491060 0.000000
5040.529187 0.000000
5040.567314 0.000000
5040.605441 0.000000
5040.643568 0.000000
5040.681696 0.000000
5040.719823 0.000000
5040.757950 0.000000
5040.796077 0.000000
5040.834204 0.000000
5040.872332 0.000000
5040.910459 0.000000
5040.948586 0.000000
5040.986713 0.000000
5041.024840 0.000000
5041.062968 0.000000
5041.101095 0.000000
5041.139222 0.000000
5041.177349 0.000000
5041.215476 0.000000
5041.253603 0.000000
5041.291731 0.000000
5041.329858 0.000000
5041.367985 0.000000
5041.406112 0.000000
5041.444239 0.000000
5041.482367 0.000000
5041.520494 0.000000
5041.558621 0.000000
5041.596748 0.000000
5041.634875 0.000000
5041.673003 0.000000
5041.711130 0.000000
5041.749257 0.000000
5041.787384 0.000000
5041.825511 0.000000
5041.863639 0.000000
5041.901766 0.000000
5041.939893 0.000000
5041.978020 0.000000
5042.016147 0.000000
5042.054275 0.000000
5042.092402 0.000000
5042.130529 0.000000
5042.168656 0.000000
5042.206783 0.000000
5042.244910 0.000000
5042.283038 0.000000
5042.321165 0.000000
5042.359292 0.000000
5042.397419 0.000000
5042.435546 0.000000
5042.473674 0.000000
5042.511801 0.000000
5042.549928 0.000000
5042.588055 0.000000
5042.626182 0.000000
5042.664310 0.000000
5042.702437 0.000000
5042.740564 0.000000
5042.778691 0.000000
5042.816818 0.000000
5042.854946 0.000000
5042.893073 0.000000
5042.931200 0.000000
5042.969327 0.000000
5043.007454 0.000000
5043.045582 0.000000
5043.083709 0.000000
5043.121836 0.000000
5043.159963 0.000000
5043.198090 0.000000
5043.236217 0.000000
5043.274345 0.000000
5043.312472 0.000000
5043.350599 0.000000
5043.388726 0.000000
5043.426853 0.000000
5043.464981 0.000000
5043.503108 0.000000
5043.541235 0.000000
5043.579362 0.000000
5043.617489 0.000000
5043.655617 0.000000
5043.693744 0.000000
5043.731871 0.000000
5043.769998 0.000000
5043.808125 0.000000
5043.846253 0.000000
5043.884380 0.000000
5043.922507 0.000000
5043.960634 0.000000
5043.998761 0.000000
5044.036889 0.000000
5044.075016 0.000000
5044.113143 0.000000
5044.151270 0.000000
5044.189397 0.000000
5044.227524 0.000000
5044.265652 0.000000
5044.303779 0.000000
5044.341906 0.000000
5044.380033 0.000000
5044.418160 0.000000
5044.456288 0.000000
5044.494415 0.000000
5044.532542 0.000000
5044.570669 0.000000
5044.608796 0.000000
5044.646924 0.000000
5044.685051 0.000000
5044.723178 0.000000
5044.761305 0.000000
5044.799432 0.000000
5044.837560 0.000000
5044.875687 0.000000
5044.913814 0.000000
5044.951941 0.000000
5044.990068 0.000000
5045.028196 0.000000
5045.066323 0.000000
5045.104450 0.000000
5045.142577 0.000000
5045.180704 0.000000
5045.218831 0.000000
5045.256959 0.000000
5045.295086 0.000000
5045.333213 0.000000
5045.371340 0.000000
5045.409467 0.000000
5045.447595 0.000000
5045.485722 0.000000
5045.523849 0.000000
5045.561976 0.000000
5045.600103 0.000000
5045.638231 0.000000
5045.676358 0.000000
5045.714485 0.000000
5045.752612 0.000000
5045.790739 0.000000
5045.828867 0.000000
5045.866994 0.000000
5045.905121 0.000000
5045.943248 0.000000
5045.981375 0.000000
5046.019503 0.000000
5046.057630 0.000000
5046.095757 0.000000
5046.133884 0.000000
5046.172011 0.000000
5046.210138 0.000000
5046.248266 0.000000
5046.286393 0.000000
5046.324520 0.000000
5046.362647 0.000000
5046.400774 0.000000
5046.438902 0.000000
5046.477029 0.000000
5046.515156 0.000000
5046.553283 0.000000
5046.591410 0.000000
5046.629538 0.000000
5046.667665 0.000000
5046.705792 0.000000
5046.743919 0.000000
5046.782046 0.000000
5046.820174 0.000000
5046.858301 0.000000
5046.896428 0.000000
5046.934555 0.000000
5046.972682 0.000000
5047.010810 0.000000
5047.048937 0.000000
5047.087064 0.000000
5047.125191 0.000000
5047.163318 0.000000
5047.201445 0.000000
5047.239573 0.000000
5047.277700 0.000000
5047.315827 0.000000
5047.353954 0.000000
5047.392081 0.000000
5047.430209 0.000000
5047.468336 0.000000
5047.506463 0.000000
5047.544590 0.000000
5047.582717 0.000000
5047.620845 0.000000
5047.658972 0.000000
5047.697099 0.000000
5047.735226 0.000000
5047.773353 0.000000
5047.811481 0.000000
5047.849608 0.000000
5047.887735 0.000000
5047.925862 0.000000
5047.963989 0.000000
5048.002117 0.000000
5048.040244 0.000000
5048.078371 0.000000
5048.116498 0.000000
5048.154625 0.000000
5048.192752 0.000000
5048.230880 0.000000
5048.269007 0.000000
5048.307134 0.000000
5048.345261 0.000000
5048.383388 0.000000
5048.421516 0.000000
5048.459643 0.000000
5048.497770 0.000000
5048.535897 0.000000
5048.574024 0.000000
5048.612152 0.000000
5048.650279 0.000000
5048.688406 0.000000
5048.726533 0.000000
5048.764660 0.000000
5048.802788 0.000000
5048.840915 0.000000
5048.879042 0.000000
5048.917169 0.000000
5048.955296 0.000000
5048.993424 0.000000
5049.031551 0.000000
5049.069678 0.000000
5049.107805 0.000000
5049.145932 0.000000
5049.184059 0.000000
5049.222187 0.000000
5049.260314 0.000000
5049.298441 0.000000
5049.336568 0.000000
5049.374695 0.000000
5049.412823 0.000000
5049.450950 0.000000
5049.489077 0.000000
5049.527204 0.000000
5049.565331 0.000000
5049.603459 0.000000
5049.641586 0.000000
5049.679713 0.000000
5049.717840 0.000000
5049.755967 0.000000
5049.794095 0.000000
5049.832222 0.000000
5049.870349 0.000000
5049.908476 0.000000
5049.946603 0.000000
5049.984731 0.000000
5050.022858 0.000000
5050.060985 0.000000
5050.099112 0.000000
5050.137239 0.000000
5050.175366 0.000000
5050.213494 0.000000
5050.251621 0.000000
5050.289748 0.000000
5050.327875 0.000000
5050.366002 0.000000
5050.404130 0.000000
5050.442257 0.000000
5050.480384 0.000000
5050.518511 0.000000
5050.556638 0.000000
5050.594766 0.000000
5050.632893 0.000000
5050.671020 0.000000
5050.709147 0.000000
5050.747274 0.000000
5050.785402 0.000000
5050.823529 0.000000
5050.861656 0.000000
5050.899783 0.000000
5050.937910 0.000000
5050.976038 0.000000
5051.014165 0.000000
5051.052292 0.000000
5051.090419 0.000000
5051.128546 0.000000
5051.166673 0.000000
5051.204801 0.000000
5051.242928 0.000000
5051.281055 0.000000
5051.319182 0.000000
5051.357309 0.000000
5051.395437 0.000000
5051.433564 0.000000
5051.471691 0.000000
5051.509818 0.000000
5051.547945 0.000000
5051.586073 0.000000
5051.624200 0.000000
5051.662327 0.000000
5051.700454 0.000000
5051.738581 0.000000
5051.776709 0.000000
5051.814836 0.000000
5051.852963 0.000000
5051.891090 0.000000
5051.929217 0.000000
5051.967345 0.000000
5052.005472 0.000000
5052.043599 0.000000
5052.081726 0.000000
5052.119853 0.000000
5052.157980 0.000000
5052.196108 0.000000
5052.234235 0.000000
5052.272362 0.000000
5052.310489 0.000000
5052.348616 0.000000
5052.386744 0.000000
5052.424871 0.000000
5052.462998 0.000000
5052.501125 0.000000
5052.539252 0.000000
5052.577380 0.000000
5052.615507 0.000000
5052.653634 0.000000
5052.691761 0.000000
5052.729888 0.000000
5052.768016 0.000000
5052.806143 0.000000
5052.844270 0.000000
5052.882397 0.000000
5052.920524 0.000000
5052.958652 0.000000
5052.996779 0.000000
5053.034906 0.000000
5053.073033 0.000000
5053.111160 0.000000
5053.149287 0.000000
5053.187415 0.000000
5053.225542 0.000000
5053.263669 0.000000
5053.301796 0.000000
5053.339923 0.000000
5053.378051 0.000000
5053.416178 0.000000
5053.454305 0.000000
5053.492432 0.000000
5053.530559 0.000000
5053.568687 0.000000
5053.606814 0.000000
5053.644941 0.000000
5053.683068 0.000000
5053.721195 0.000000
5053.759323 0.000000
5053.797450 0.000000
5053.835577 0.000000
5053.873704 0.000000
5053.911831 0.000000
5053.949959 0.000000
5053.988086 0.000000
5054.026213 0.000000
5054.064340 0.000000
5054.102467 0.000000
5054.140594 0.000000
5054.178722 0.000000
5054.216849 0.000000
5054.254976 0.000000
5054.293103 0.000000
5054.331230 0.000000
5054.369358 0.000000
5054.407485 0.000000
5054.445612 0.000000
5054.483739 0.000000
5054.521866 0.000000
5054.559994 0.000000
5054.598121 0.000000
5054.636248 0.000000
5054.674375 0.000000
5054.712502 0.000000
5054.750630 0.000000
5054.788757 0.000000
5054.826884 0.000000
5054.865011 0.000000
5054.903138 0.000000
5054.941266 0.000000
5054.979393 0.000000
5055.017520 0.000000
5055.055647 0.000000
5055.093774 0.000000
5055.131901 0.000000
5055.170029 0.000000
5055.208156 0.000000
5055.246283 0.000000
5055.284410 0.000000
5055.322537 0.000000
5055.360665 0.000000
5055.398792 0.000000
5055.436919 0.000000
5055.475046 0.000000
5055.513173 0.000000
5055.551301 0.000000
5055.589428 0.000000
5055.627555 0.000000
5055.665682 0.000000
5055.703809 0.000000
5055.741937 0.000000
5055.780064 0.000000
5055.818191 0.000000
5055.856318 0.000000
5055.894445 0.000000
5055.932573 0.000000
5055.970700 0.000000
5056.008827 0.000000
5056.046954 0.000000
5056.085081 0.000000
5056.123208 0.000000
5056.161336 0.000000
5056.199463 0.000000
5056.237590 0.000000
5056.275717 0.000000
5056.313844 0.000000
5056.351972 0.000000
5056.390099 0.000000
5056.428226 0.000000
5056.466353 0.000000
5056.504480 0.000000
5056.542608 0.000000
5056.580735 0.000000
5056.618862 0.000000
5056.656989 0.000000
5056.695116 0.000000
5056.733244 0.000000
5056.771371 0.000000
5056.809498 0.000000
5056.847625 0.000000
5056.885752 0.000000
5056.923880 0.000000
5056.962007 0.000000
5057.000134 0.000000
5057.038261 0.000000
5057.076388 0.000000
5057.114515 0.000000
5057.152643 0.000000
5057.190770 0.000000
5057.228897 0.000000
5057.267024 0.000000
5057.305151 0.000000
5057.343279 0.000000
5057.381406 0.000000
5057.419533 0.000000
5057.457660 0.000000
5057.495787 0.000000
5057.533915 0.000000
5057.572042 0.000000
5057.610169 0.000000
5057.648296 0.000000
5057.686423 0.000000
5057.724551 0.000000
5057.762678 0.000000
5057.800805 0.000000
5057.838932 0.000000
5057.877059 0.000000
5057.915187 0.000000
5057.953314 0.000000
5057.991441 0.000000
5058.029568 0.000000
5058.067695 0.000000
5058.105822 0.000000
5058.143950 0.000000
5058.182077 0.000000
5058.220204 0.000000
5058.258331 0.000000
5058.296458 0.000000
5058.334586 0.000000
5058.372713 0.000000
5058.410840 0.000000
5058.448967 0.000000
5058.487094 0.000000
5058.525222 0.000000
5058.563349 0.000000
5058.601476 0.000000
5058.639603 0.000000
5058.677730 0.000000
5058.715858 0.000000
5058.753985 0.000000
5058.792112 0.000000
5058.830239 0.000000
5058.868366 0.000000
5058.906494 0.000000
5058.944621 0.000000
5058.982748 0.000000
5059.020875 0.000000
5059.059002 0.000000
5059.097129 0.000000
5059.135257 0.000000
5059.173384 0.000000
5059.211511 0.000000
5059.249638 0.000000
5059.287765 0.000000
5059.325893 0.000000
5059.364020 0.000000
5059.402147 0.000000
5059.440274 0.000000
5059.478401 0.000000
5059.516529 0.000000
5059.554656 0.000000
5059.592783 0.000000
5059.630910 0.000000
5059.669037 0.000000
5059.707165 0.000000
5059.745292 0.000000
5059.783419 0.000000
5059.821546 0.000000
5059.859673 0.000000
5059.897801 0.000000
5059.935928 0.000000
5059.974055 0.000000
5060.012182 0.000000
5060.050309 0.000000
5060.088436 0.000000
5060.126564 0.000000
5060.164691 0.000000
5060.202818 0.000000
5060.240945 0.000000
5060.279072 0.000000
5060.317200 0.000000
5060.355327 0.000000
5060.393454 0.000000
5060.431581 0.000000
5060.469708 0.000000
5060.507836 0.000000
5060.545963 0.000000
5060.584090 0.000000
5060.622217 0.000000
5060.660344 0.000000
5060.698472 0.000000
5060.736599 0.000000
5060.774726 0.000000
5060.812853 0.000000
5060.850980 0.000000
5060.889108 0.000000
5060.927235 0.000000
5060.965362 0.000000
5061.003489 0.000000
5061.041616 0.000000
5061.079743 0.000000
5061.117871 0.000000
5061.155998 0.000000
5061.194125 0.000000
5061.232252 0.000000
5061.270379 0.000000
5061.308507 0.000000
5061.346634 0.000000
5061.384761 0.000000
5061.422888 0.000000
5061.461015 0.000000
5061.499143 0.000000
5061.537270 0.000000
5061.575397 0.000000
5061.613524 0.000000
5061.651651 0.000000
5061.689779 0.000000
5061.727906 0.000000
5061.766033 0.000000
5061.804160 0.000000
5061.842287 0.000000
5061.880415 0.000000
5061.918542 0.000000
5061.956669 0.000000
5061.994796 0.000000
5062.032923 0.000000
5062.071050 0.000000
5062.109178 0.000000
5062.147305 0.000000
5062.185432 0.000000
5062.223559 0.000000
5062.261686 0.000000
5062.299814 0.000000
5062.337941 0.000000
5062.376068 0.000000
5062.414195 0.000000
5062.452322 0.000000
5062.490450 0.000000
5062.528577 0.000000
5062.566704 0.000000
5062.604831 0.000000
5062.642958 0.000000
5062.681086 0.000000
5062.719213 0.000000
5062.757340 0.000000
5062.795467 0.000000
5062.833594 0.000000
5062.871722 0.000000
5062.909849 0.000000
5062.947976 0.000000
5062.986103 0.000000
5063.024230 0.000000
5063.062357 0.000000
5063.100485 0.000000
5063.138612 0.000000
5063.176739 0.000000
5063.214866 0.000000
5063.252993 0.000000
5063.291121 0.000000
5063.329248 0.000000
5063.367375 0.000000
5063.405502 0.000000
5063.443629 0.000000
5063.481757 0.000000
5063.519884 0.000000
5063.558011 0.000000
5063.596138 0.000000
5063.634265 0.000000
5063.672393 0.000000
5063.710520 0.000000
5063.748647 0.000000
5063.786774 0.000000
5063.824901 0.000000
5063.863029 0.000000
5063.901156 0.000000
5063.939283 0.000000
5063.977410 0.000000
5064.015537 0.000000
5064.053664 0.000000
5064.091792 0.000000
5064.129919 0.000000
5064.168046 0.000000
5064.206173 0.000000
5064.244300 0.000000
5064.282428 0.000000
5064.320555 0.000000
5064.358682 0.000000
5064.396809 0.000000
5064.434936 0.000000
5064.473064 0.000000
5064.511191 0.000000
5064.549318 0.000000
5064.587445 0.000000
5064.625572 0.000000
5064.663700 0.000000
5064.701827 0.000000
5064.739954 0.000000
5064.778081 0.000000
5064.816208 0.000000
5064.854336 0.000000
5064.892463 0.000000
5064.930590 0.000000
5064.968717 0.000000
5065.006844 0.000000
5065.044971 0.000000
5065.083099 0.000000
5065.121226 0.000000
5065.159353 0.000000
5065.197480 0.000000
5065.235607 0.000000
5065.273735 0.000000
5065.311862 0.000000
5065.349989 0.000000
5065.388116 0.000000
5065.426243 0.000000
5065.464371 0.000000
5065.502498 0.000000
5065.540625 0.000000
5065.578752 0.000000
5065.616879 0.000000
5065.655007 0.000000
5065.693134 0.000000
5065.731261 0.000000
5065.769388 0.000000
5065.807515 0.000000
5065.845643 0.000000
5065.883770 0.000000
5065.921897 0.000000
5065.960024 0.000000
5065.998151 0.000000
5066.036278 0.000000
5066.074406 0.000000
5066.112533 0.000000
5066.150660 0.000000
5066.188787 0.000000
5066.226914 0.000000
5066.265042 0.000000
5066.303169 0.000000
5066.341296 0.000000
5066.379423 0.000000
5066.417550 0.000000
5066.455678 0.000000
5066.493805 0.000000
5066.531932 0.000000
5066.570059 0.000000
5066.608186 0.000000
5066.646314 0.000000
5066.684441 0.000000
5066.722568 0.000000
5066.760695 0.000000
5066.798822 0.000000
5066.836950 0.000000
5066.875077 0.000000
5066.913204 0.000000
5066.951331 0.000000
5066.989458 0.000000
5067.027585 0.000000
5067.065713 0.000000
5067.103840 0.000000
5067.141967 0.000000
5067.180094 0.000000
5067.218221 0.000000
5067.256349 0.000000
5067.294476 0.000000
5067.332603 0.000000
5067.370730 0.000000
5067.408857 0.000000
5067.446985 0.000000
5067.485112 0.000000
5067.523239 0.000000
5067.561366 0.000000
5067.599493 0.000000
5067.637621 0.000000
5067.675748 0.000000
5067.713875 0.000000
5067.752002 0.000000
5067.790129 0.000000
5067.828257 0.000000
5067.866384 0.000000
5067.904511 0.000000
5067.942638 0.000000
5067.980765 0.000000
5068.018892 0.000000
5068.057020 0.000000
5068.095147 0.000000
5068.133274 0.000000
5068.171401 0.000000
5068.209528 0.000000
5068.247656 0.000000
5068.285783 0.000000
5068.323910 0.000000
5068.362037 0.000000
5068.400164 0.000000
5068.438292 0.000000
5068.476419 0.000000
5068.514546 0.000000
5068.552673 0.000000
5068.590800 0.000000
5068.628928 0.000000
5068.667055 0.000000
5068.705182 0.000000
5068.743309 0.000000
5068.781436 0.000000
5068.819564 0.000000
5068.857691 0.000000
5068.895818 0.000000
5068.933945 0.000000
5068.972072 0.000000
5069.010199 0.000000
5069.048327 0.000000
5069.086454 0.000000
5069.124581 0.000000
5069.162708 0.000000
5069.200835 0.000000
5069.238963 0.000000
5069.277090 0.000000
5069.315217 0.000000
5069.353344 0.000000
5069.391471 0.000000
5069.429599 0.000000
5069.467726 0.000000
5069.505853 0.000000
5069.543980 0.000000
5069.582107 0.000000
5069.620235 0.000000
5069.658362 0.000000
5069.696489 0.000000
5069.734616 0.000000
5069.772743 0.000000
5069.810871 0.000000
5069.848998 0.000000
5069.887125 0.000000
5069.925252 0.000000
5069.963379 0.000000
