4900.027544 0.000000
4900.073491 0.000000
4900.119439 0.000000
4900.165386 0.000000
4900.211334 0.000000
4900.257281 0.000000
4900.303228 0.000000
4900.349176 0.000000
4900.395123 0.000000
4900.441071 0.000000
4900.487018 0.000000
4900.532966 0.000000
4900.578913 0.000000
4900.624860 0.000000
4900.670808 0.000000
4900.716755 0.000000
4900.762703 0.000000
4900.808650 0.000000
4900.854598 0.000000
4900.900545 0.000000
4900.946493 0.000000
4900.992440 0.000000
4901.038387 0.000000
4901.084335 0.000000
4901.130282 0.000000
4901.176230 0.000000
4901.222177 0.000000
4901.268125 0.000000
4901.314072 0.000000
4901.360019 0.000000
4901.405967 0.000000
4901.451914 0.000000
4901.497862 0.000000
4901.543809 0.000000
4901.589757 0.000000
4901.635704 0.000000
4901.681651 0.000000
4901.727599 0.000000
4901.773546 0.000000
4901.819494 0.000000
4901.865441 0.000000
4901.911389 0.000000
4901.957336 0.000000
4902.003284 0.000000
4902.049231 0.000000
4902.095178 0.000000
4902.141126 0.000000
4902.187073 0.000000
4902.233021 0.000000
4902.278968 0.000000
4902.324916 0.000000
4902.370863 0.000000
4902.416810 0.000000
4902.462758 0.000000
4902.508705 0.000000
4902.554653 0.000000
4902.600600 0.000000
4902.646548 0.000000
4902.692495 0.000000
4902.738443 0.000000
4902.784390 0.000000
4902.830337 0.000000
4902.876285 0.000000
4902.922232 0.000000
4902.968180 0.000000
4903.014127 0.000000
4903.060075 0.000000
4903.106022 0.000000
4903.151969 0.000000
4903.197917 0.000000
4903.243864 0.000000
4903.289812 0.000000
4903.335759 0.000000
4903.381707 0.000000
4903.427654 0.000000
4903.473601 0.000000
4903.519549 0.000000
4903.565496 0.000000
4903.611444 0.000000
4903.657391 0.000000
4903.703339 0.000000
4903.749286 0.000000
4903.795234 0.000000
4903.841181 0.000000
4903.887128 0.000000
4903.933076 0.000000
4903.979023 0.000000
4904.024971 0.000000
4904.070918 0.000000
4904.116866 0.000000
4904.162813 0.000000
4904.208760 0.000000
4904.254708 0.000000
4904.300655 0.000000
4904.346603 0.000000
4904.392550 0.000000
4904.438498 0.000000
4904.484445 0.000000
4904.530393 0.000000
4904.576340 0.000000
4904.622287 0.000000
4904.668235 0.000000
4904.714182 0.000000
4904.760130 0.000000
4904.806077 0.000000
4904.852025 0.000000
4904.897972 0.000000
4904.943919 0.000000
4904.989867 0.000000
4905.035814 0.000000
4905.081762 0.000000
4905.127709 0.000000
4905.173657 0.000000
4905.219604 0.000000
4905.265552 0.000000
4905.311499 0.000000
4905.357446 0.000000
4905.403394 0.000000
4905.449341 0.000000
4905.495289 0.000000
4905.541236 0.000000
4905.587184 0.000000
4905.633131 0.000000
4905.679078 0.000000
4905.725026 0.000000
4905.770973 0.000000
4905.816921 0.000000
4905.862868 0.000000
4905.908816 0.000000
4905.954763 0.000000
4906.000710 0.000000
4906.046658 0.000000
4906.092605 0.000000
4906.138553 0.000000
4906.184500 0.000000
4906.230448 0.000000
4906.276395 0.000000
4906.322343 0.000000
4906.368290 0.000000
4906.414237 0.000000
4906.460185 0.000000
4906.506132 0.000000
4906.552080 0.000000
4906.598027 0.000000
4906.643975 0.000000
4906.689922 0.000000
4906.735869 0.000000
4906.781817 0.000000
4906.827764 0.000000
4906.873712 0.000000
4906.919659 0.000000
4906.965607 0.000000
4907.011554 0.000000
4907.057502 0.000000
4907.103449 0.000000
4907.149396 0.000000
4907.195344 0.000000
4907.241291 0.000000
4907.287239 0.000000
4907.333186 0.000000
4907.379134 0.000000
4907.425081 0.000000
4907.471028 0.000000
4907.516976 0.000000
4907.562923 0.000000
4907.608871 0.000000
4907.654818 0.000000
4907.700766 0.000000
4907.746713 0.000000
4907.792660 0.000000
4907.838608 0.000000
4907.884555 0.000000
4907.930503 0.000000
4907.976450 0.000000
4908.022398 0.000000
4908.068345 0.000000
4908.114293 0.000000
4908.160240 0.000000
4908.206187 0.000000
4908.252135 0.000000
4908.298082 0.000000
4908.344030 0.000000
4908.389977 0.000000
4908.435925 0.000000
4908.481872 0.000000
4908.527819 0.000000
4908.573767 0.000000
4908.619714 0.000000
4908.665662 0.000000
4908.711609 0.000000
4908.757557 0.000000
4908.803504 0.000000
4908.849452 0.000000
4908.895399 0.000000
4908.941346 0.000000
4908.987294 0.000000
4909.033241 0.000000
4909.079189 0.000000
4909.125136 0.000000
4909.171084 0.000000
4909.217031 0.000000
4909.262978 0.000000
4909.308926 0.000000
4909.354873 0.000000
4909.400821 0.000000
4909.446768 0.000000
4909.492716 0.000000
4909.538663 0.000000
4909.584610 0.000000
4909.630558 0.000000
4909.676505 0.000000
4909.722453 0.000000
4909.768400 0.000000
4909.814348 0.000000
4909.860295 0.000000
4909.906243 0.000000
4909.952190 0.000000
4909.998137 0.000000
4910.044085 0.000000
4910.090032 0.000000
4910.135980 0.000000
4910.181927 0.000000
4910.227875 0.000000
4910.273822 0.000000
4910.319769 0.000000
4910.365717 0.000000
4910.411664 0.000000
4910.457612 0.000000
4910.503559 0.000000
4910.549507 0.000000
4910.595454 0.000000
4910.641402 0.000000
4910.687349 0.000000
4910.733296 0.000000
4910.779244 0.000000
4910.825191 0.000000
4910.871139 0.000000
4910.917086 0.000000
4910.963034 0.000000
4911.008981 0.000000
4911.054928 0.000000
4911.100876 0.000000
4911.146823 0.000000
4911.192771 0.000000
4911.238718 0.000000
4911.284666 0.000000
4911.330613 0.000000
4911.376561 0.000000
4911.422508 0.000000
4911.468455 0.000000
4911.514403 0.000000
4911.560350 0.000000
4911.606298 0.000000
4911.652245 0.000000
4911.698193 0.000000
4911.744140 0.000000
4911.790087 0.000000
4911.836035 0.000000
4911.881982 0.000000
4911.927930 0.000000
4911.973877 0.000000
4912.019825 0.000000
4912.065772 0.000000
4912.111719 0.000000
4912.157667 0.000000
4912.203614 0.000000
4912.249562 0.000000
4912.295509 0.000000
4912.341457 0.000000
4912.387404 0.000000
4912.433352 0.000000
4912.479299 0.000000
4912.525246 0.000000
4912.571194 0.000000
4912.617141 0.000000
4912.663089 0.000000
4912.709036 0.000000
4912.754984 0.000000
4912.800931 0.000000
4912.846878 0.000000
4912.892826 0.000000
4912.938773 0.000000
4912.984721 0.000000
4913.030668 0.000000
4913.076616 0.000000
4913.122563 0.000000
4913.168511 0.000000
4913.214458 0.000000
4913.260405 0.000000
4913.306353 0.000000
4913.352300 0.000000
4913.398248 0.000000
4913.444195 0.000000
4913.490143 0.000000
4913.536090 0.000000
4913.582037 0.000000
4913.627985 0.000000
4913.673932 0.000000
4913.719880 0.000000
4913.765827 0.000000
4913.811775 0.000000
4913.857722 0.000000
4913.903669 0.000000
4913.949617 0.000000
4913.995564 0.000000
4914.041512 0.000000
4914.087459 0.000000
4914.133407 0.000000
4914.179354 0.000000
4914.225302 0.000000
4914.271249 0.000000
4914.317196 0.000000
4914.363144 0.000000
4914.409091 0.000000
4914.455039 0.000000
4914.500986 0.000000
4914.546934 0.000000
4914.592881 0.000000
4914.638828 0.000000
4914.684776 0.000000
4914.730723 0.000000
4914.776671 0.000000
4914.822618 0.000000
4914.868566 0.000000
4914.914513 0.000000
4914.960461 0.000000
4915.006408 0.000000
4915.052355 0.000000
4915.098303 0.000000
4915.144250 0.000000
4915.190198 0.000000
4915.236145 0.000000
4915.282093 0.000000
4915.328040 0.000000
4915.373987 0.000000
4915.419935 0.000000
4915.465882 0.000000
4915.511830 0.000000
4915.557777 0.000000
4915.603725 0.000000
4915.649672 0.000000
4915.695620 0.000000
4915.741567 0.000000
4915.787514 0.000000
4915.833462 0.000000
4915.879409 0.000000
4915.925357 0.000000
4915.971304 0.000000
4916.017252 0.000000
4916.063199 0.000000
4916.109146 0.000000
4916.155094 0.000000
4916.201041 0.000000
4916.246989 0.000000
4916.292936 0.000000
4916.338884 0.000000
4916.384831 0.000000
4916.430778 0.000000
4916.476726 0.000000
4916.522673 0.000000
4916.568621 0.000000
4916.614568 0.000000
4916.660516 0.000000
4916.706463 0.000000
4916.752411 0.000000
4916.798358 0.000000
4916.844305 0.000000
4916.890253 0.000000
4916.936200 0.000000
4916.982148 0.000000
4917.028095 0.000000
4917.074043 0.000000
4917.119990 0.000000
4917.165937 0.000000
4917.211885 0.000000
4917.257832 0.000000
4917.303780 0.000000
4917.349727 0.000000
4917.395675 0.000000
4917.441622 0.000000
4917.487570 0.000000
4917.533517 0.000000
4917.579464 0.000000
4917.625412 0.000000
4917.671359 0.000000
4917.717307 0.000000
4917.763254 0.000000
4917.809202 0.000000
4917.855149 0.000000
4917.901096 0.000000
4917.947044 0.000000
4917.992991 0.000000
4918.038939 0.000000
4918.084886 0.000000
4918.130834 0.000000
4918.176781 0.000000
4918.222728 0.000000
4918.268676 0.000000
4918.314623 0.000000
4918.360571 0.000000
4918.406518 0.000000
4918.452466 0.000000
4918.498413 0.000000
4918.544361 0.000000
4918.590308 0.000000
4918.636255 0.000000
4918.682203 0.000000
4918.728150 0.000000
4918.774098 0.000000
4918.820045 0.000000
4918.865993 0.000000
4918.911940 0.000000
4918.957887 0.000000
4919.003835 0.000000
4919.049782 0.000000
4919.095730 0.000000
4919.141677 0.000000
4919.187625 0.000000
4919.233572 0.000000
4919.279520 0.000000
4919.325467 0.000000
4919.371414 0.000000
4919.417362 0.000000
4919.463309 0.000000
4919.509257 0.000000
4919.555204 0.000000
4919.601152 0.000000
4919.647099 0.000000
4919.693046 0.000000
4919.738994 0.000000
4919.784941 0.000000
4919.830889 0.000000
4919.876836 0.000000
4919.922784 0.000000
4919.968731 0.000000
4920.014679 0.000000
4920.060626 0.000000
4920.106573 0.000000
4920.152521 0.000000
4920.198468 0.000000
4920.244416 0.000000
4920.290363 0.000000
4920.336311 0.000000
4920.382258 0.000000
4920.428205 0.000000
4920.474153 0.000000
4920.520100 0.000000
4920.566048 0.000000
4920.611995 0.000000
4920.657943 0.000000
4920.703890 0.000000
4920.749837 0.000000
4920.795785 0.000000
4920.841732 0.000000
4920.887680 0.000000
4920.933627 0.000000
4920.979575 0.000000
4921.025522 0.000000
4921.071470 0.000000
4921.117417 0.000000
4921.163364 0.000000
4921.209312 0.000000
4921.255259 0.000000
4921.301207 0.000000
4921.347154 0.000000
4921.393102 0.000000
4921.439049 0.000000
4921.484996 0.000000
4921.530944 0.000000
4921.576891 0.000000
4921.622839 0.000000
4921.668786 0.000000
4921.714734 0.000000
4921.760681 0.000000
4921.806629 0.000000
4921.852576 0.000000
4921.898523 0.000000
4921.944471 0.000000
4921.990418 0.000000
4922.036366 0.000000
4922.082313 0.000000
4922.128261 0.000000
4922.174208 0.000000
4922.220155 0.000000
4922.266103 0.000000
4922.312050 0.000000
4922.357998 0.000000
4922.403945 0.000000
4922.449893 0.000000
4922.495840 0.000000
4922.541787 0.000000
4922.587735 0.000000
4922.633682 0.000000
4922.679630 0.000000
4922.725577 0.000000
4922.771525 0.000000
4922.817472 0.000000
4922.863420 0.000000
4922.909367 0.000000
4922.955314 0.000000
4923.001262 0.000000
4923.047209 0.000000
4923.093157 0.000000
4923.139104 0.000000
4923.185052 0.000000
4923.230999 0.000000
4923.276946 0.000000
4923.322894 0.000000
4923.368841 0.000000
4923.414789 0.000000
4923.460736 0.000000
4923.506684 0.000000
4923.552631 0.000000
4923.598579 0.000000
4923.644526 0.000000
4923.690473 0.000000
4923.736421 0.000000
4923.782368 0.000000
4923.828316 0.000000
4923.874263 0.000000
4923.920211 0.000000
4923.966158 0.000000
4924.012105 0.000000
4924.058053 0.000000
4924.104000 0.000000
4924.149948 0.000000
4924.195895 0.000000
4924.241843 0.000000
4924.287790 0.000000
4924.333737 0.000000
4924.379685 0.000000
4924.425632 0.000000
4924.471580 0.000000
4924.517527 0.000000
4924.563475 0.000000
4924.609422 0.000000
4924.655370 0.000000
4924.701317 0.000000
4924.747264 0.000000
4924.793212 0.000000
4924.839159 0.000000
4924.885107 0.000000
4924.931054 0.000000
4924.977002 0.000000
4925.022949 0.000000
4925.068896 0.000000
4925.114844 0.000000
4925.160791 0.000000
4925.206739 0.000000
4925.252686 0.000000
4925.298634 0.000000
4925.344581 0.000000
4925.390529 0.000000
4925.436476 0.000000
4925.482423 0.000000
4925.528371 0.000000
4925.574318 0.000000
4925.620266 0.000000
4925.666213 0.000000
4925.712161 0.000000
4925.758108 0.000000
4925.804055 0.000000
4925.850003 0.000000
4925.895950 0.000000
4925.941898 0.000000
4925.987845 0.000000
4926.033793 0.000000
4926.079740 0.000000
4926.125688 0.000000
4926.171635 0.000000
4926.217582 0.000000
4926.263530 0.000000
4926.309477 0.000000
4926.355425 0.000000
4926.401372 0.000000
4926.447320 0.000000
4926.493267 0.000000
4926.539214 0.000000
4926.585162 0.000000
4926.631109 0.000000
4926.677057 0.000000
4926.723004 0.000000
4926.768952 0.000000
4926.814899 0.000000
4926.860846 0.000000
4926.906794 0.000000
4926.952741 0.000000
4926.998689 0.000000
4927.044636 0.000000
4927.090584 0.000000
4927.136531 0.000000
4927.182479 0.000000
4927.228426 0.000000
4927.274373 0.000000
4927.320321 0.000000
4927.366268 0.000000
4927.412216 0.000000
4927.458163 0.000000
4927.504111 0.000000
4927.550058 0.000000
4927.596005 0.000000
4927.641953 0.000000
4927.687900 0.000000
4927.733848 0.000000
4927.779795 0.000000
4927.825743 0.000000
4927.871690 0.000000
4927.917638 0.000000
4927.963585 0.000000
4928.009532 0.000000
4928.055480 0.000000
4928.101427 0.000000
4928.147375 0.000000
4928.193322 0.000000
4928.239270 0.000000
4928.285217 0.000000
4928.331164 0.000000
4928.377112 0.000000
4928.423059 0.000000
4928.469007 0.000000
4928.514954 0.000000
4928.560902 0.000000
4928.606849 0.000000
4928.652796 0.000000
4928.698744 0.000000
4928.744691 0.000000
4928.790639 0.000000
4928.836586 0.000000
4928.882534 0.000000
4928.928481 0.000000
4928.974429 0.000000
4929.020376 0.000000
4929.066323 0.000000
4929.112271 0.000000
4929.158218 0.000000
4929.204166 0.000000
4929.250113 0.000000
4929.296061 0.000000
4929.342008 0.000000
4929.387955 0.000000
4929.433903 0.000000
4929.479850 0.000000
4929.525798 0.000000
4929.571745 0.000000
4929.617693 0.000000
4929.663640 0.000000
4929.709588 0.000000
4929.755535 0.000000
4929.801482 0.000000
4929.847430 0.000000
4929.893377 0.000000
4929.939325 0.000000
4929.985272 0.000000
4930.031220 0.000000
4930.077167 0.000000
4930.123114 0.000000
4930.169062 0.000000
4930.215009 0.000000
4930.260957 0.000000
4930.306904 0.000000
4930.352852 0.000000
4930.398799 0.000000
4930.444747 0.000000
4930.490694 0.000000
4930.536641 0.000000
4930.582589 0.000000
4930.628536 0.000000
4930.674484 0.000000
4930.720431 0.000000
4930.766379 0.000000
4930.812326 0.000000
4930.858273 0.000000
4930.904221 0.000000
4930.950168 0.000000
4930.996116 0.000000
4931.042063 0.000000
4931.088011 0.000000
4931.133958 0.000000
4931.179905 0.000000
4931.225853 0.000000
4931.271800 0.000000
4931.317748 0.000000
4931.363695 0.000000
4931.409643 0.000000
4931.455590 0.000000
4931.501538 0.000000
4931.547485 0.000000
4931.593432 0.000000
4931.639380 0.000000
4931.685327 0.000000
4931.731275 0.000000
4931.777222 0.000000
4931.823170 0.000000
4931.869117 0.000000
4931.915064 0.000000
4931.961012 0.000000
4932.006959 0.000000
4932.052907 0.000000
4932.098854 0.000000
4932.144802 0.000000
4932.190749 0.000000
4932.236697 0.000000
4932.282644 0.000000
4932.328591 0.000000
4932.374539 0.000000
4932.420486 0.000000
4932.466434 0.000000
4932.512381 0.000000
4932.558329 0.000000
4932.604276 0.000000
4932.650223 0.000000
4932.696171 0.000000
4932.742118 0.000000
4932.788066 0.000000
4932.834013 0.000000
4932.879961 0.000000
4932.925908 0.000000
4932.971855 0.000000
4933.017803 0.000000
4933.063750 0.000000
4933.109698 0.000000
4933.155645 0.000000
4933.201593 0.000000
4933.247540 0.000000
4933.293488 0.000000
4933.339435 0.000000
4933.385382 0.000000
4933.431330 0.000000
4933.477277 0.000000
4933.523225 0.000000
4933.569172 0.000000
4933.615120 0.000000
4933.661067 0.000000
4933.707014 0.000000
4933.752962 0.000000
4933.798909 0.000000
4933.844857 0.000000
4933.890804 0.000000
4933.936752 0.000000
4933.982699 0.000000
4934.028647 0.000000
4934.074594 0.000000
4934.120541 0.000000
4934.166489 0.000000
4934.212436 0.000000
4934.258384 0.000000
4934.304331 0.000000
4934.350279 0.000000
4934.396226 0.000000
4934.442173 0.000000
4934.488121 0.000000
4934.534068 0.000000
4934.580016 0.000000
4934.625963 0.000000
4934.671911 0.000000
4934.717858 0.000000
4934.763805 0.000000
4934.809753 0.000000
4934.855700 0.000000
4934.901648 0.000000
4934.947595 0.000000
4934.993543 0.000000
4935.039490 0.000000
4935.085438 0.000000
4935.131385 0.000000
4935.177332 0.000000
4935.223280 0.000000
4935.269227 0.000000
4935.315175 0.000000
4935.361122 0.000000
4935.407070 0.000000
4935.453017 0.000000
4935.498964 0.000000
4935.544912 0.000000
4935.590859 0.000000
4935.636807 0.000000
4935.682754 0.000000
4935.728702 0.000000
4935.774649 0.000000
4935.820597 0.000000
4935.866544 0.000000
4935.912491 0.000000
4935.958439 0.000000
4936.004386 0.000000
4936.050334 0.000000
4936.096281 0.000000
4936.142229 0.000000
4936.188176 0.000000
4936.234123 0.000000
4936.280071 0.000000
4936.326018 0.000000
4936.371966 0.000000
4936.417913 0.000000
4936.463861 0.000000
4936.509808 0.000000
4936.555756 0.000000
4936.601703 0.000000
4936.647650 0.000000
4936.693598 0.000000
4936.739545 0.000000
4936.785493 0.000000
4936.831440 0.000000
4936.877388 0.000000
4936.923335 0.000000
4936.969282 0.000000
4937.015230 0.000000
4937.061177 0.000000
4937.107125 0.000000
4937.153072 0.000000
4937.199020 0.000000
4937.244967 0.000000
4937.290914 0.000000
4937.336862 0.000000
4937.382809 0.000000
4937.428757 0.000000
4937.474704 0.000000
4937.520652 0.000000
4937.566599 0.000000
4937.612547 0.000000
4937.658494 0.000000
4937.704441 0.000000
4937.750389 0.000000
4937.796336 0.000000
4937.842284 0.000000
4937.888231 0.000000
4937.934179 0.000000
4937.980126 0.000000
4938.026073 0.000000
4938.072021 0.000000
4938.117968 0.000000
4938.163916 0.000000
4938.209863 0.000000
4938.255811 0.000000
4938.301758 0.000000
4938.347706 0.000000
4938.393653 0.000000
4938.439600 0.000000
4938.485548 0.000000
4938.531495 0.000000
4938.577443 0.000000
4938.623390 0.000000
4938.669338 0.000000
4938.715285 0.000000
4938.761232 0.000000
4938.807180 0.000000
4938.853127 0.000000
4938.899075 0.000000
4938.945022 0.000000
4938.990970 0.000000
4939.036917 0.000000
4939.082864 0.000000
4939.128812 0.000000
4939.174759 0.000000
4939.220707 0.000000
4939.266654 0.000000
4939.312602 0.000000
4939.358549 0.000000
4939.404497 0.000000
4939.450444 0.000000
4939.496391 0.000000
4939.542339 0.000000
4939.588286 0.000000
4939.634234 0.000000
4939.680181 0.000000
4939.726129 0.000000
4939.772076 0.000000
4939.818023 0.000000
4939.863971 0.000000
4939.909918 0.000000
4939.955866 0.000000
4940.001813 0.000000
4940.047761 0.000000
4940.093708 0.000000
4940.139656 0.000000
4940.185603 0.000000
4940.231550 0.000000
4940.277498 0.000000
4940.323445 0.000000
4940.369393 0.000000
4940.415340 0.000000
4940.461288 0.000000
4940.507235 0.000000
4940.553182 0.000000
4940.599130 0.000000
4940.645077 0.000000
4940.691025 0.000000
4940.736972 0.000000
4940.782920 0.000000
4940.828867 0.000000
4940.874815 0.000000
4940.920762 0.000000
4940.966709 0.000000
4941.012657 0.000000
4941.058604 0.000000
4941.104552 0.000000
4941.150499 0.000000
4941.196447 0.000000
4941.242394 0.000000
4941.288341 0.000000
4941.334289 0.000000
4941.380236 0.000000
4941.426184 0.000000
4941.472131 0.000000
4941.518079 0.000000
4941.564026 0.000000
4941.609973 0.000000
4941.655921 0.000000
4941.701868 0.000000
4941.747816 0.000000
4941.793763 0.000000
4941.839711 0.000000
4941.885658 0.000000
4941.931606 0.000000
4941.977553 0.000000
4942.023500 0.000000
4942.069448 0.000000
4942.115395 0.000000
4942.161343 0.000000
4942.207290 0.000000
4942.253238 0.000000
4942.299185 0.000000
4942.345132 0.000000
4942.391080 0.000000
4942.437027 0.000000
4942.482975 0.000000
4942.528922 0.000000
4942.574870 0.000000
4942.620817 0.000000
4942.666765 0.000000
4942.712712 0.000000
4942.758659 0.000000
4942.804607 0.000000
4942.850554 0.000000
4942.896502 0.000000
4942.942449 0.000000
4942.988397 0.000000
4943.034344 0.000000
4943.080291 0.000000
4943.126239 0.000000
4943.172186 0.000000
4943.218134 0.000000
4943.264081 0.000000
4943.310029 0.000000
4943.355976 0.000000
4943.401923 0.000000
4943.447871 0.000000
4943.493818 0.000000
4943.539766 0.000000
4943.585713 0.000000
4943.631661 0.000000
4943.677608 0.000000
4943.723556 0.000000
4943.769503 0.000000
4943.815450 0.000000
4943.861398 0.000000
4943.907345 0.000000
4943.953293 0.000000
4943.999240 0.000000
4944.045188 0.000000
4944.091135 0.000000
4944.137082 0.000000
4944.183030 0.000000
4944.228977 0.000000
4944.274925 0.000000
4944.320872 0.000000
4944.366820 0.000000
4944.412767 0.000000
4944.458715 0.000000
4944.504662 0.000000
4944.550609 0.000000
4944.596557 0.000000
4944.642504 0.000000
4944.688452 0.000000
4944.734399 0.000000
4944.780347 0.000000
4944.826294 0.000000
4944.872241 0.000000
4944.918189 0.000000
4944.964136 0.000000
4945.010084 0.000000
4945.056031 0.000000
4945.101979 0.000000
4945.147926 0.000000
4945.193874 0.000000
4945.239821 0.000000
4945.285768 0.000000
4945.331716 0.000000
4945.377663 0.000000
4945.423611 0.000000
4945.469558 0.000000
4945.515506 0.000000
4945.561453 0.000000
4945.607400 0.000000
4945.653348 0.000000
4945.699295 0.000000
4945.745243 0.000000
4945.791190 0.000000
4945.837138 0.000001
4945.883085 0.000001
4945.929032 0.000001
4945.974980 0.000001
4946.020927 0.000001
4946.066875 0.000001
4946.112822 0.000001
4946.158770 0.000001
4946.204717 0.000001
4946.250665 0.000001
4946.296612 0.000001
4946.342559 0.000001
4946.388507 0.000001
4946.434454 0.000001
4946.480402 0.000001
4946.526349 0.000001
4946.572297 0.000001
4946.618244 0.000001
4946.664191 0.000001
4946.710139 0.000001
4946.756086 0.000001
4946.802034 0.000001
4946.847981 0.000001
4946.893929 0.000001
4946.939876 0.000001
4946.985824 0.000001
4947.031771 0.000001
4947.077718 0.000001
4947.123666 0.000001
4947.169613 0.000001
4947.215561 0.000001
4947.261508 0.000001
4947.307456 0.000001
4947.353403 0.000001
4947.399350 0.000001
4947.445298 0.000001
4947.491245 0.000001
4947.537193 0.000001
4947.583140 0.000001
4947.629088 0.000001
4947.675035 0.000001
4947.720982 0.000001
4947.766930 0.000001
4947.812877 0.000001
4947.858825 0.000001
4947.904772 0.000001
4947.950720 0.000001
4947.996667 0.000001
4948.042615 0.000001
4948.088562 0.000001
4948.134509 0.000001
4948.180457 0.000001
4948.226404 0.000001
4948.272352 0.000002
4948.318299 0.000002
4948.364247 0.000002
4948.410194 0.000002
4948.456141 0.000002
4948.502089 0.000002
4948.548036 0.000002
4948.593984 0.000002
4948.639931 0.000002
4948.685879 0.000002
4948.731826 0.000002
4948.777774 0.000002
4948.823721 0.000002
4948.869668 0.000002
4948.915616 0.000002
4948.961563 0.000002
4949.007511 0.000002
4949.053458 0.000002
4949.099406 0.000002
4949.145353 0.000002
4949.191300 0.000002
4949.237248 0.000002
4949.283195 0.000002
4949.329143 0.000002
4949.375090 0.000002
4949.421038 0.000002
4949.466985 0.000003
4949.512932 0.000003
4949.558880 0.000003
4949.604827 0.000003
4949.650775 0.000003
4949.696722 0.000003
4949.742670 0.000003
4949.788617 0.000003
4949.834565 0.000003
4949.880512 0.000003
4949.926459 0.000003
4949.972407 0.000003
4950.018354 0.000003
4950.064302 0.000003
4950.110249 0.000003
4950.156197 0.000003
4950.202144 0.000003
4950.248091 0.000004
4950.294039 0.000004
4950.339986 0.000004
4950.385934 0.000004
4950.431881 0.000004
4950.477829 0.000004
4950.523776 0.000004
4950.569724 0.000004
4950.615671 0.000004
4950.661618 0.000004
4950.707566 0.000004
4950.753513 0.000004
4950.799461 0.000004
4950.845408 0.000005
4950.891356 0.000005
4950.937303 0.000005
4950.983250 0.000005
4951.029198 0.000005
4951.075145 0.000005
4951.121093 0.000005
4951.167040 0.000005
4951.212988 0.000005
4951.258935 0.000005
4951.304883 0.000006
4951.350830 0.000006
4951.396777 0.000006
4951.442725 0.000006
4951.488672 0.000006
4951.534620 0.000006
4951.580567 0.000006
4951.626515 0.000006
4951.672462 0.000006
4951.718409 0.000007
4951.764357 0.000007
4951.810304 0.000007
4951.856252 0.000007
4951.902199 0.000007
4951.948147 0.000007
4951.994094 0.000007
4952.040041 0.000007
4952.085989 0.000008
4952.131936 0.000008
4952.177884 0.000008
4952.223831 0.000008
4952.269779 0.000008
4952.315726 0.000008
4952.361674 0.000009
4952.407621 0.000009
4952.453568 0.000009
4952.499516 0.000009
4952.545463 0.000009
4952.591411 0.000009
4952.637358 0.000010
4952.683306 0.000010
4952.729253 0.000010
4952.775200 0.000010
4952.821148 0.000010
4952.867095 0.000010
4952.913043 0.000011
4952.958990 0.000011
4953.004938 0.000011
4953.050885 0.000011
4953.096833 0.000011
4953.142780 0.000012
4953.188727 0.000012
4953.234675 0.000012
4953.280622 0.000012
4953.326570 0.000013
4953.372517 0.000013
4953.418465 0.000013
4953.464412 0.000013
4953.510359 0.000014
4953.556307 0.000014
4953.602254 0.000014
4953.648202 0.000014
4953.694149 0.000015
4953.740097 0.000015
4953.786044 0.000015
4953.831991 0.000015
4953.877939 0.000016
4953.923886 0.000016
4953.969834 0.000016
4954.015781 0.000017
4954.061729 0.000017
4954.107676 0.000017
4954.153624 0.000017
4954.199571 0.000018
4954.245518 0.000018
4954.291466 0.000018
4954.337413 0.000019
4954.383361 0.000019
4954.429308 0.000019
4954.475256 0.000020
4954.521203 0.000020
4954.567150 0.000021
4954.613098 0.000021
4954.659045 0.000021
4954.704993 0.000022
4954.750940 0.000022
4954.796888 0.000022
4954.842835 0.000023
4954.888783 0.000023
4954.934730 0.000024
4954.980677 0.000024
4955.026625 0.000025
4955.072572 0.000025
4955.118520 0.000025
4955.164467 0.000026
4955.210415 0.000026
4955.256362 0.000027
4955.302309 0.000027
4955.348257 0.000028
4955.394204 0.000028
4955.440152 0.000029
4955.486099 0.000029
4955.532047 0.000030
4955.577994 0.000030
4955.623942 0.000031
4955.669889 0.000031
4955.715836 0.000032
4955.761784 0.000033
4955.807731 0.000033
4955.853679 0.000034
4955.899626 0.000034
4955.945574 0.000035
4955.991521 0.000036
4956.037468 0.000036
4956.083416 0.000037
4956.129363 0.000038
4956.175311 0.000038
4956.221258 0.000039
4956.267206 0.000040
4956.313153 0.000040
4956.359100 0.000041
4956.405048 0.000042
4956.450995 0.000042
4956.496943 0.000043
4956.542890 0.000044
4956.588838 0.000045
4956.634785 0.000045
4956.680733 0.000046
4956.726680 0.000047
4956.772627 0.000048
4956.818575 0.000049
4956.864522 0.000049
4956.910470 0.000050
4956.956417 0.000051
4957.002365 0.000052
4957.048312 0.000053
4957.094259 0.000054
4957.140207 0.000055
4957.186154 0.000056
4957.232102 0.000057
4957.278049 0.000058
4957.323997 0.000059
4957.369944 0.000060
4957.415892 0.000061
4957.461839 0.000062
4957.507786 0.000063
4957.553734 0.000064
4957.599681 0.000065
4957.645629 0.000066
4957.691576 0.000067
4957.737524 0.000068
4957.783471 0.000069
4957.829418 0.000071
4957.875366 0.000072
4957.921313 0.000073
4957.967261 0.000074
4958.013208 0.000076
4958.059156 0.000077
4958.105103 0.000078
4958.151050 0.000079
4958.196998 0.000081
4958.242945 0.000082
4958.288893 0.000084
4958.334840 0.000085
4958.380788 0.000086
4958.426735 0.000088
4958.472683 0.000089
4958.518630 0.000091
4958.564577 0.000092
4958.610525 0.000094
4958.656472 0.000095
4958.702420 0.000097
4958.748367 0.000099
4958.794315 0.000100
4958.840262 0.000102
4958.886209 0.000104
4958.932157 0.000105
4958.978104 0.000107
4959.024052 0.000109
4959.069999 0.000111
4959.115947 0.000112
4959.161894 0.000114
4959.207842 0.000116
4959.253789 0.000118
4959.299736 0.000120
4959.345684 0.000122
4959.391631 0.000124
4959.437579 0.000126
4959.483526 0.000128
4959.529474 0.000130
4959.575421 0.000132
4959.621368 0.000135
4959.667316 0.000137
4959.713263 0.000139
4959.759211 0.000141
4959.805158 0.000144
4959.851106 0.000146
4959.897053 0.000148
4959.943001 0.000151
4959.988948 0.000153
4960.034895 0.000156
4960.080843 0.000158
4960.126790 0.000161
4960.172738 0.000163
4960.218685 0.000166
4960.264633 0.000169
4960.310580 0.000171
4960.356527 0.000174
4960.402475 0.000177
4960.448422 0.000180
4960.494370 0.000183
4960.540317 0.000185
4960.586265 0.000188
4960.632212 0.000191
4960.678159 0.000194
4960.724107 0.000198
4960.770054 0.000201
4960.816002 0.000204
4960.861949 0.000207
4960.907897 0.000210
4960.953844 0.000214
4960.999792 0.000217
4961.045739 0.000221
4961.091686 0.000224
4961.137634 0.000228
4961.183581 0.000231
4961.229529 0.000235
4961.275476 0.000239
4961.321424 0.000242
4961.367371 0.000246
4961.413318 0.000250
4961.459266 0.000254
4961.505213 0.000258
4961.551161 0.000262
4961.597108 0.000266
4961.643056 0.000270
4961.689003 0.000274
4961.734951 0.000279
4961.780898 0.000283
4961.826845 0.000288
4961.872793 0.000292
4961.918740 0.000297
4961.964688 0.000301
4962.010635 0.000306
4962.056583 0.000311
4962.102530 0.000315
4962.148477 0.000320
4962.194425 0.000325
4962.240372 0.000330
4962.286320 0.000335
4962.332267 0.000340
4962.378215 0.000346
4962.424162 0.000351
4962.470109 0.000356
4962.516057 0.000362
4962.562004 0.000367
4962.607952 0.000373
4962.653899 0.000379
4962.699847 0.000384
4962.745794 0.000390
4962.791742 0.000396
4962.837689 0.000402
4962.883636 0.000408
4962.929584 0.000415
4962.975531 0.000421
4963.021479 0.000427
4963.067426 0.000434
4963.113374 0.000440
4963.159321 0.000447
4963.205268 0.000454
4963.251216 0.000460
4963.297163 0.000467
4963.343111 0.000474
4963.389058 0.000482
4963.435006 0.000489
4963.480953 0.000496
4963.526901 0.000503
4963.572848 0.000511
4963.618795 0.000519
4963.664743 0.000526
4963.710690 0.000534
4963.756638 0.000542
4963.802585 0.000550
4963.848533 0.000558
4963.894480 0.000567
4963.940427 0.000575
4963.986375 0.000584
4964.032322 0.000592
4964.078270 0.000601
4964.124217 0.000610
4964.170165 0.000619
4964.216112 0.000628
4964.262059 0.000637
4964.308007 0.000647
4964.353954 0.000656
4964.399902 0.000666
4964.445849 0.000675
4964.491797 0.000685
4964.537744 0.000695
4964.583692 0.000705
4964.629639 0.000716
4964.675586 0.000726
4964.721534 0.000737
4964.767481 0.000747
4964.813429 0.000758
4964.859376 0.000769
4964.905324 0.000780
4964.951271 0.000792
4964.997218 0.000803
4965.043166 0.000815
4965.089113 0.000827
4965.135061 0.000838
4965.181008 0.000850
4965.226956 0.000863
4965.272903 0.000875
4965.318851 0.000888
4965.364798 0.000900
4965.410745 0.000913
4965.456693 0.000926
4965.502640 0.000939
4965.548588 0.000953
4965.594535 0.000966
4965.640483 0.000980
4965.686430 0.000994
4965.732377 0.001008
4965.778325 0.001023
4965.824272 0.001037
4965.870220 0.001052
4965.916167 0.001067
4965.962115 0.001082
4966.008062 0.001097
4966.054010 0.001112
4966.099957 0.001128
4966.145904 0.001144
4966.191852 0.001160
4966.237799 0.001176
4966.283747 0.001193
4966.329694 0.001209
4966.375642 0.001226
4966.421589 0.001243
4966.467536 0.001261
4966.513484 0.001278
4966.559431 0.001296
4966.605379 0.001314
4966.651326 0.001332
4966.697274 0.001350
4966.743221 0.001369
4966.789168 0.001388
4966.835116 0.001407
4966.881063 0.001427
4966.927011 0.001446
4966.972958 0.001466
4967.018906 0.001486
4967.064853 0.001507
4967.110801 0.001527
4967.156748 0.001548
4967.202695 0.001569
4967.248643 0.001591
4967.294590 0.001613
4967.340538 0.001635
4967.386485 0.001657
4967.432433 0.001679
4967.478380 0.001702
4967.524327 0.001725
4967.570275 0.001749
4967.616222 0.001772
4967.662170 0.001796
4967.708117 0.001821
4967.754065 0.001845
4967.800012 0.001870
4967.845960 0.001895
4967.891907 0.001921
4967.937854 0.001946
4967.983802 0.001972
4968.029749 0.001999
4968.075697 0.002025
4968.121644 0.002053
4968.167592 0.002080
4968.213539 0.002108
4968.259486 0.002136
4968.305434 0.002164
4968.351381 0.002193
4968.397329 0.002222
4968.443276 0.002251
4968.489224 0.002281
4968.535171 0.002311
4968.581118 0.002342
4968.627066 0.002372
4968.673013 0.002404
4968.718961 0.002435
4968.764908 0.002467
4968.810856 0.002500
4968.856803 0.002532
4968.902751 0.002565
4968.948698 0.002599
4968.994645 0.002633
4969.040593 0.002667
4969.086540 0.002702
4969.132488 0.002737
4969.178435 0.002773
4969.224383 0.002809
4969.270330 0.002845
4969.316277 0.002882
4969.362225 0.002919
4969.408172 0.002957
4969.454120 0.002995
4969.500067 0.003033
4969.546015 0.003072
4969.591962 0.003112
4969.637910 0.003152
4969.683857 0.003192
4969.729804 0.003233
4969.775752 0.003274
4969.821699 0.003316
4969.867647 0.003358
4969.913594 0.003401
4969.959542 0.003444
4970.005489 0.003488
4970.051436 0.003532
4970.097384 0.003577
4970.143331 0.003622
4970.189279 0.003668
4970.235226 0.003714
4970.281174 0.003761
4970.327121 0.003808
4970.373069 0.003856
4970.419016 0.003904
4970.464963 0.003953
4970.510911 0.004002
4970.556858 0.004052
4970.602806 0.004103
4970.648753 0.004154
4970.694701 0.004206
4970.740648 0.004258
4970.786595 0.004311
4970.832543 0.004365
4970.878490 0.004419
4970.924438 0.004473
4970.970385 0.004529
4971.016333 0.004584
4971.062280 0.004641
4971.108227 0.004698
4971.154175 0.004756
4971.200122 0.004814
4971.246070 0.004873
4971.292017 0.004933
4971.337965 0.004993
4971.383912 0.005054
4971.429860 0.005116
4971.475807 0.005178
4971.521754 0.005241
4971.567702 0.005305
4971.613649 0.005369
4971.659597 0.005434
4971.705544 0.005500
4971.751492 0.005566
4971.797439 0.005633
4971.843386 0.005701
4971.889334 0.005770
4971.935281 0.005839
4971.981229 0.005909
4972.027176 0.005980
4972.073124 0.006051
4972.119071 0.006124
4972.165019 0.006197
4972.210966 0.006271
4972.256913 0.006345
4972.302861 0.006421
4972.348808 0.006497
4972.394756 0.006574
4972.440703 0.006652
4972.486651 0.006731
4972.532598 0.006810
4972.578545 0.006890
4972.624493 0.006971
4972.670440 0.007053
4972.716388 0.007136
4972.762335 0.007220
4972.808283 0.007304
4972.854230 0.007390
4972.900177 0.007476
4972.946125 0.007563
4972.992072 0.007651
4973.038020 0.007740
4973.083967 0.007830
4973.129915 0.007921
4973.175862 0.008013
4973.221810 0.008105
4973.267757 0.008199
4973.313704 0.008294
4973.359652 0.008389
4973.405599 0.008486
4973.451547 0.008583
4973.497494 0.008681
4973.543442 0.008781
4973.589389 0.008881
4973.635336 0.008983
4973.681284 0.009085
4973.727231 0.009189
4973.773179 0.009293
4973.819126 0.009399
4973.865074 0.009505
4973.911021 0.009613
4973.956969 0.009721
4974.002916 0.009831
4974.048863 0.009942
4974.094811 0.010054
4974.140758 0.010167
4974.186706 0.010281
4974.232653 0.010396
4974.278601 0.010513
4974.324548 0.010630
4974.370495 0.010749
4974.416443 0.010869
4974.462390 0.010990
4974.508338 0.011112
4974.554285 0.011235
4974.600233 0.011360
4974.646180 0.011485
4974.692127 0.011612
4974.738075 0.011740
4974.784022 0.011870
4974.829970 0.012000
4974.875917 0.012132
4974.921865 0.012265
4974.967812 0.012400
4975.013760 0.012535
4975.059707 0.012672
4975.105654 0.012810
4975.151602 0.012950
4975.197549 0.013091
4975.243497 0.013233
4975.289444 0.013376
4975.335392 0.013521
4975.381339 0.013667
4975.427286 0.013815
4975.473234 0.013963
4975.519181 0.014114
4975.565129 0.014265
4975.611076 0.014418
4975.657024 0.014573
4975.702971 0.014729
4975.748919 0.014886
4975.794866 0.015045
4975.840813 0.015205
4975.886761 0.015366
4975.932708 0.015530
4975.978656 0.015694
4976.024603 0.015860
4976.070551 0.016028
4976.116498 0.016197
4976.162445 0.016368
4976.208393 0.016540
4976.254340 0.016713
4976.300288 0.016889
4976.346235 0.017066
4976.392183 0.017244
4976.438130 0.017424
4976.484078 0.017605
4976.530025 0.017789
4976.575972 0.017974
4976.621920 0.018160
4976.667867 0.018348
4976.713815 0.018538
4976.759762 0.018729
4976.805710 0.018922
4976.851657 0.019117
4976.897604 0.019314
4976.943552 0.019512
4976.989499 0.019712
4977.035447 0.019913
4977.081394 0.020117
4977.127342 0.020322
4977.173289 0.020529
4977.219236 0.020737
4977.265184 0.020948
4977.311131 0.021160
4977.357079 0.021374
4977.403026 0.021590
4977.448974 0.021808
4977.494921 0.022027
4977.540869 0.022249
4977.586816 0.022472
4977.632763 0.022697
4977.678711 0.022924
4977.724658 0.023153
4977.770606 0.023384
4977.816553 0.023617
4977.862501 0.023852
4977.908448 0.024088
4977.954395 0.024327
4978.000343 0.024568
4978.046290 0.024810
4978.092238 0.025055
4978.138185 0.025301
4978.184133 0.025550
4978.230080 0.025801
4978.276028 0.026053
4978.321975 0.026308
4978.367922 0.026565
4978.413870 0.026824
4978.459817 0.027085
4978.505765 0.027348
4978.551712 0.027613
4978.597660 0.027881
4978.643607 0.028150
4978.689554 0.028422
4978.735502 0.028696
4978.781449 0.028972
4978.827397 0.029250
4978.873344 0.029530
4978.919292 0.029813
4978.965239 0.030098
4979.011186 0.030385
4979.057134 0.030674
4979.103081 0.030966
4979.149029 0.031260
4979.194976 0.031556
4979.240924 0.031854
4979.286871 0.032155
4979.332819 0.032458
4979.378766 0.032763
4979.424713 0.033071
4979.470661 0.033381
4979.516608 0.033694
4979.562556 0.034009
4979.608503 0.034326
4979.654451 0.034645
4979.700398 0.034968
4979.746345 0.035292
4979.792293 0.035619
4979.838240 0.035948
4979.884188 0.036280
4979.930135 0.036615
4979.976083 0.036952
4980.022030 0.037291
4980.067978 0.037633
4980.113925 0.037977
4980.159872 0.038324
4980.205820 0.038674
4980.251767 0.039026
4980.297715 0.039381
4980.343662 0.039738
4980.389610 0.040098
4980.435557 0.040460
4980.481504 0.040825
4980.527452 0.041193
4980.573399 0.041563
4980.619347 0.041936
4980.665294 0.042312
4980.711242 0.042691
4980.757189 0.043072
4980.803137 0.043456
4980.849084 0.043842
4980.895031 0.044231
4980.940979 0.044623
4980.986926 0.045018
4981.032874 0.045416
4981.078821 0.045816
4981.124769 0.046219
4981.170716 0.046625
4981.216663 0.047034
4981.262611 0.047446
4981.308558 0.047860
4981.354506 0.048277
4981.400453 0.048697
4981.446401 0.049120
4981.492348 0.049546
4981.538295 0.049975
4981.584243 0.050407
4981.630190 0.050841
4981.676138 0.051279
4981.722085 0.051719
4981.768033 0.052163
4981.813980 0.052609
4981.859928 0.053059
4981.905875 0.053511
4981.951822 0.053966
4981.997770 0.054425
4982.043717 0.054886
4982.089665 0.055351
4982.135612 0.055818
4982.181560 0.056289
4982.227507 0.056762
4982.273454 0.057239
4982.319402 0.057719
4982.365349 0.058202
4982.411297 0.058688
4982.457244 0.059177
4982.503192 0.059669
4982.549139 0.060164
4982.595087 0.060663
4982.641034 0.061164
4982.686981 0.061669
4982.732929 0.062177
4982.778876 0.062688
4982.824824 0.063203
4982.870771 0.063720
4982.916719 0.064241
4982.962666 0.064765
4983.008613 0.065292
4983.054561 0.065823
4983.100508 0.066356
4983.146456 0.066893
4983.192403 0.067434
4983.238351 0.067977
4983.284298 0.068524
4983.330245 0.069074
4983.376193 0.069628
4983.422140 0.070184
4983.468088 0.070745
4983.514035 0.071308
4983.559983 0.071875
4983.605930 0.072445
4983.651878 0.073018
4983.697825 0.073595
4983.743772 0.074175
4983.789720 0.074759
4983.835667 0.075346
4983.881615 0.075937
4983.927562 0.076530
4983.973510 0.077128
4984.019457 0.077728
4984.065404 0.078332
4984.111352 0.078940
4984.157299 0.079551
4984.203247 0.080165
4984.249194 0.080783
4984.295142 0.081405
4984.341089 0.082029
4984.387037 0.082658
4984.432984 0.083290
4984.478931 0.083925
4984.524879 0.084564
4984.570826 0.085206
4984.616774 0.085852
4984.662721 0.086501
4984.708669 0.087154
4984.754616 0.087810
4984.800563 0.088470
4984.846511 0.089134
4984.892458 0.089801
4984.938406 0.090471
4984.984353 0.091145
4985.030301 0.091823
4985.076248 0.092504
4985.122196 0.093189
4985.168143 0.093878
4985.214090 0.094570
4985.260038 0.095265
4985.305985 0.095964
4985.351933 0.096667
4985.397880 0.097373
4985.443828 0.098083
4985.489775 0.098797
4985.535722 0.099514
4985.581670 0.100235
4985.627617 0.100959
4985.673565 0.101687
4985.719512 0.102419
4985.765460 0.103154
4985.811407 0.103893
4985.857354 0.104635
4985.903302 0.105382
4985.949249 0.106131
4985.995197 0.106885
4986.041144 0.107642
4986.087092 0.108402
4986.133039 0.109167
4986.178987 0.109935
4986.224934 0.110706
4986.270881 0.111482
4986.316829 0.112261
4986.362776 0.113043
4986.408724 0.113829
4986.454671 0.114619
4986.500619 0.115413
4986.546566 0.116210
4986.592513 0.117011
4986.638461 0.117815
4986.684408 0.118623
4986.730356 0.119435
4986.776303 0.120250
4986.822251 0.121069
4986.868198 0.121892
4986.914146 0.122718
4986.960093 0.123548
4987.006040 0.124382
4987.051988 0.125219
4987.097935 0.126060
4987.143883 0.126905
4987.189830 0.127753
4987.235778 0.128605
4987.281725 0.129460
4987.327672 0.130319
4987.373620 0.131182
4987.419567 0.132048
4987.465515 0.132918
4987.511462 0.133792
4987.557410 0.134669
4987.603357 0.135550
4987.649304 0.136434
4987.695252 0.137322
4987.741199 0.138214
4987.787147 0.139109
4987.833094 0.140008
4987.879042 0.140911
4987.924989 0.141817
4987.970937 0.142726
4988.016884 0.143640
4988.062831 0.144556
4988.108779 0.145477
4988.154726 0.146401
4988.200674 0.147328
4988.246621 0.148259
4988.292569 0.149194
4988.338516 0.150132
4988.384463 0.151074
4988.430411 0.152019
4988.476358 0.152968
4988.522306 0.153921
4988.568253 0.154877
4988.614201 0.155836
4988.660148 0.156799
4988.706096 0.157766
4988.752043 0.158736
4988.797990 0.159710
4988.843938 0.160687
4988.889885 0.161667
4988.935833 0.162652
4988.981780 0.163639
4989.027728 0.164630
4989.073675 0.165625
4989.119622 0.166623
4989.165570 0.167625
4989.211517 0.168630
4989.257465 0.169639
4989.303412 0.170651
4989.349360 0.171667
4989.395307 0.172686
4989.441254 0.173708
4989.487202 0.174734
4989.533149 0.175764
4989.579097 0.176797
4989.625044 0.177834
4989.670992 0.178874
4989.716939 0.179917
4989.762887 0.180964
4989.808834 0.182015
4989.854781 0.183069
4989.900729 0.184126
4989.946676 0.185187
4989.992624 0.186252
4990.038571 0.187320
4990.084519 0.188391
4990.130466 0.189466
4990.176413 0.190545
4990.222361 0.191627
4990.268308 0.192713
4990.314256 0.193802
4990.360203 0.194895
4990.406151 0.195991
4990.452098 0.197092
4990.498046 0.198195
4990.543993 0.199302
4990.589940 0.200413
4990.635888 0.201528
4990.681835 0.202646
4990.727783 0.203768
4990.773730 0.204894
4990.819678 0.206023
4990.865625 0.207156
4990.911572 0.208293
4990.957520 0.209434
4991.003467 0.210579
4991.049415 0.211727
4991.095362 0.212880
4991.141310 0.214036
4991.187257 0.215197
4991.233205 0.216361
4991.279152 0.217529
4991.325099 0.218702
4991.371047 0.219879
4991.416994 0.221059
4991.462942 0.222245
4991.508889 0.223434
4991.554837 0.224628
4991.600784 0.225826
4991.646731 0.227028
4991.692679 0.228235
4991.738626 0.229447
4991.784574 0.230663
4991.830521 0.231884
4991.876469 0.233109
4991.922416 0.234340
4991.968363 0.235575
4992.014311 0.236816
4992.060258 0.238061
4992.106206 0.239312
4992.152153 0.240567
4992.198101 0.241828
4992.244048 0.243095
4992.289996 0.244367
4992.335943 0.245645
4992.381890 0.246928
4992.427838 0.248217
4992.473785 0.249512
4992.519733 0.250813
4992.565680 0.252121
4992.611628 0.253434
4992.657575 0.254754
4992.703522 0.256081
4992.749470 0.257414
4992.795417 0.258754
4992.841365 0.260101
4992.887312 0.261455
4992.933260 0.262816
4992.979207 0.264184
4993.025155 0.265560
4993.071102 0.266944
4993.117049 0.268336
4993.162997 0.269736
4993.208944 0.271143
4993.254892 0.272560
4993.300839 0.273984
4993.346787 0.275418
4993.392734 0.276860
4993.438681 0.278312
4993.484629 0.279773
4993.530576 0.281243
4993.576524 0.282723
4993.622471 0.284213
4993.668419 0.285714
4993.714366 0.287224
4993.760313 0.288745
4993.806261 0.290277
4993.852208 0.291820
4993.898156 0.293375
4993.944103 0.294940
4993.990051 0.296518
4994.035998 0.298108
4994.081946 0.299710
4994.127893 0.301324
4994.173840 0.302951
4994.219788 0.304592
4994.265735 0.306245
4994.311683 0.307912
4994.357630 0.309593
4994.403578 0.311289
4994.449525 0.312998
4994.495472 0.314722
4994.541420 0.316462
4994.587367 0.318216
4994.633315 0.319986
4994.679262 0.321772
4994.725210 0.323574
4994.771157 0.325393
4994.817105 0.327228
4994.863052 0.329081
4994.908999 0.330950
4994.954947 0.332838
4995.000894 0.334743
4995.046842 0.336667
4995.092789 0.338609
4995.138737 0.340570
4995.184684 0.342550
4995.230631 0.344550
4995.276579 0.346570
4995.322526 0.348609
4995.368474 0.350669
4995.414421 0.352750
4995.460369 0.354852
4995.506316 0.356975
4995.552264 0.359120
4995.598211 0.361287
4995.644158 0.363476
4995.690106 0.365688
4995.736053 0.367922
4995.782001 0.370180
4995.827948 0.372461
4995.873896 0.374765
4995.919843 0.377094
4995.965790 0.379446
4996.011738 0.381823
4996.057685 0.384225
4996.103633 0.386652
4996.149580 0.389104
4996.195528 0.391582
4996.241475 0.394085
4996.287422 0.396614
4996.333370 0.399169
4996.379317 0.401751
4996.425265 0.404359
4996.471212 0.406994
4996.517160 0.409656
4996.563107 0.412345
4996.609055 0.415061
4996.655002 0.417805
4996.700949 0.420576
4996.746897 0.423375
4996.792844 0.426202
4996.838792 0.429056
4996.884739 0.431939
4996.930687 0.434850
4996.976634 0.437789
4997.022581 0.440756
4997.068529 0.443751
4997.114476 0.446775
4997.160424 0.449827
4997.206371 0.452908
4997.252319 0.456016
4997.298266 0.459153
4997.344214 0.462319
4997.390161 0.465512
4997.436108 0.468734
4997.482056 0.471983
4997.528003 0.475261
4997.573951 0.478566
4997.619898 0.481899
4997.665846 0.485260
4997.711793 0.488648
4997.757740 0.492063
4997.803688 0.495505
4997.849635 0.498974
4997.895583 0.502470
4997.941530 0.505991
4997.987478 0.509539
4998.033425 0.513113
4998.079372 0.516712
4998.125320 0.520336
4998.171267 0.523985
4998.217215 0.527658
4998.263162 0.531356
4998.309110 0.535077
4998.355057 0.538821
4998.401005 0.542589
4998.446952 0.546378
4998.492899 0.550190
4998.538847 0.554024
4998.584794 0.557878
4998.630742 0.561753
4998.676689 0.565648
4998.722637 0.569563
4998.768584 0.573497
4998.814531 0.577449
4998.860479 0.581419
4998.906426 0.585407
4998.952374 0.589411
4998.998321 0.593432
4999.044269 0.597468
4999.090216 0.601519
4999.136164 0.605585
4999.182111 0.609664
4999.228058 0.613757
4999.274006 0.617862
4999.319953 0.621979
4999.365901 0.626107
4999.411848 0.630246
4999.457796 0.634394
4999.503743 0.638552
4999.549690 0.642718
4999.595638 0.646892
4999.641585 0.651073
4999.687533 0.655261
4999.733480 0.659454
4999.779428 0.663653
4999.825375 0.667856
4999.871323 0.672063
4999.917270 0.676273
4999.963217 0.680486
5000.009165 0.684701
5000.055112 0.688917
5000.101060 0.693133
5000.147007 0.697349
5000.192955 0.701565
5000.238902 0.705779
5000.284849 0.709992
5000.330797 0.714202
5000.376744 0.718409
5000.422692 0.722612
5000.468639 0.726812
5000.514587 0.731007
5000.560534 0.735196
5000.606481 0.739380
5000.652429 0.743558
5000.698376 0.747730
5000.744324 0.751894
5000.790271 0.756051
5000.836219 0.760201
5000.882166 0.764342
5000.928114 0.768475
5000.974061 0.772599
5001.020008 0.776714
5001.065956 0.780820
5001.111903 0.784917
5001.157851 0.789004
5001.203798 0.793081
5001.249746 0.797148
5001.295693 0.801204
5001.341640 0.805251
5001.387588 0.809288
5001.433535 0.813314
5001.479483 0.817330
5001.525430 0.821336
5001.571378 0.825332
5001.617325 0.829318
5001.663273 0.833294
5001.709220 0.837260
5001.755167 0.841217
5001.801115 0.845165
5001.847062 0.849104
5001.893010 0.853034
5001.938957 0.856957
5001.984905 0.860871
5002.030852 0.864778
5002.076799 0.868678
5002.122747 0.872572
5002.168694 0.876460
5002.214642 0.880342
5002.260589 0.884220
5002.306537 0.888093
5002.352484 0.891963
5002.398431 0.895830
5002.444379 0.899695
5002.490326 0.903559
5002.536274 0.907422
5002.582221 0.911286
5002.628169 0.915150
5002.674116 0.919017
5002.720064 0.922886
5002.766011 0.926759
5002.811958 0.930636
5002.857906 0.934519
5002.903853 0.938409
5002.949801 0.942306
5002.995748 0.946212
5003.041696 0.950128
5003.087643 0.954054
5003.133590 0.957992
5003.179538 0.961942
5003.225485 0.965907
5003.271433 0.969886
5003.317380 0.973882
5003.363328 0.977895
5003.409275 0.981926
5003.455223 0.985976
5003.501170 0.990048
5003.547117 0.994140
5003.593065 0.998256
5003.639012 1.002396
5003.684960 1.006561
5003.730907 1.010751
5003.776855 1.014970
5003.822802 1.019216
5003.868749 1.023492
5003.914697 1.027799
5003.960644 1.032137
5004.006592 1.036508
5004.052539 1.040912
5004.098487 1.045351
5004.144434 1.049825
5004.190381 1.054336
5004.236329 1.058884
5004.282276 1.063471
5004.328224 1.068096
5004.374171 1.072762
5004.420119 1.077468
5004.466066 1.082216
5004.512014 1.087005
5004.557961 1.091838
5004.603908 1.096713
5004.649856 1.101633
5004.695803 1.106597
5004.741751 1.111606
5004.787698 1.116660
5004.833646 1.121760
5004.879593 1.126906
5004.925540 1.132098
5004.971488 1.137337
5005.017435 1.142622
5005.063383 1.147954
5005.109330 1.153332
5005.155278 1.158757
5005.201225 1.164228
5005.247173 1.169746
5005.293120 1.175309
5005.339067 1.180919
5005.385015 1.186573
5005.430962 1.192273
5005.476910 1.198016
5005.522857 1.203804
5005.568805 1.209634
5005.614752 1.215507
5005.660699 1.221422
5005.706647 1.227376
5005.752594 1.233371
5005.798542 1.239404
5005.844489 1.245475
5005.890437 1.251581
5005.936384 1.257723
5005.982332 1.263899
5006.028279 1.270106
5006.074226 1.276345
5006.120174 1.282612
5006.166121 1.288907
5006.212069 1.295228
5006.258016 1.301573
5006.303964 1.307940
5006.349911 1.314327
5006.395858 1.320733
5006.441806 1.327154
5006.487753 1.333590
5006.533701 1.340037
5006.579648 1.346494
5006.625596 1.352958
5006.671543 1.359426
5006.717490 1.365897
5006.763438 1.372368
5006.809385 1.378836
5006.855333 1.385298
5006.901280 1.391752
5006.947228 1.398195
5006.993175 1.404624
5007.039123 1.411036
5007.085070 1.417429
5007.131017 1.423799
5007.176965 1.430144
5007.222912 1.436460
5007.268860 1.442744
5007.314807 1.448993
5007.360755 1.455205
5007.406702 1.461375
5007.452649 1.467501
5007.498597 1.473579
5007.544544 1.479606
5007.590492 1.485579
5007.636439 1.491495
5007.682387 1.497350
5007.728334 1.503140
5007.774282 1.508863
5007.820229 1.514515
5007.866176 1.520093
5007.912124 1.525593
5007.958071 1.531012
5008.004019 1.536347
5008.049966 1.541594
5008.095914 1.546750
5008.141861 1.551812
5008.187808 1.556776
5008.233756 1.561640
5008.279703 1.566399
5008.325651 1.571050
5008.371598 1.575591
5008.417546 1.580018
5008.463493 1.584328
5008.509440 1.588518
5008.555388 1.592585
5008.601335 1.596526
5008.647283 1.600338
5008.693230 1.604017
5008.739178 1.607562
5008.785125 1.610969
5008.831073 1.614235
5008.877020 1.617358
5008.922967 1.620335
5008.968915 1.623164
5009.014862 1.625842
5009.060810 1.628366
5009.106757 1.630735
5009.152705 1.632945
5009.198652 1.634996
5009.244599 1.636884
5009.290547 1.638607
5009.336494 1.640165
5009.382442 1.641553
5009.428389 1.642772
5009.474337 1.643819
5009.520284 1.644693
5009.566232 1.645391
5009.612179 1.645913
5009.658126 1.646258
5009.704074 1.646423
5009.750021 1.646408
5009.795969 1.646212
5009.841916 1.645834
5009.887864 1.645273
5009.933811 1.644528
5009.979758 1.643599
5010.025706 1.642485
5010.071653 1.641186
5010.117601 1.639700
5010.163548 1.638029
5010.209496 1.636172
5010.255443 1.634129
5010.301391 1.631899
5010.347338 1.629484
5010.393285 1.626883
5010.439233 1.624097
5010.485180 1.621126
5010.531128 1.617971
5010.577075 1.614633
5010.623023 1.611112
5010.668970 1.607409
5010.714917 1.603526
5010.760865 1.599462
5010.806812 1.595221
5010.852760 1.590802
5010.898707 1.586208
5010.944655 1.581439
5010.990602 1.576497
5011.036549 1.571385
5011.082497 1.566103
5011.128444 1.560653
5011.174392 1.555038
5011.220339 1.549260
5011.266287 1.543320
5011.312234 1.537221
5011.358182 1.530965
5011.404129 1.524554
5011.450076 1.517991
5011.496024 1.511278
5011.541971 1.504418
5011.587919 1.497413
5011.633866 1.490267
5011.679814 1.482981
5011.725761 1.475559
5011.771708 1.468003
5011.817656 1.460317
5011.863603 1.452504
5011.909551 1.444565
5011.955498 1.436506
5012.001446 1.428328
5012.047393 1.420035
5012.093341 1.411629
5012.139288 1.403116
5012.185235 1.394496
5012.231183 1.385775
5012.277130 1.376955
5012.323078 1.368040
5012.369025 1.359033
5012.414973 1.349937
5012.460920 1.340756
5012.506867 1.331494
5012.552815 1.322153
5012.598762 1.312738
5012.644710 1.303252
5012.690657 1.293698
5012.736605 1.284080
5012.782552 1.274401
5012.828499 1.264665
5012.874447 1.254876
5012.920394 1.245037
5012.966342 1.235151
5013.012289 1.225222
5013.058237 1.215253
5013.104184 1.205248
5013.150132 1.195210
5013.196079 1.185143
5013.242026 1.175050
5013.287974 1.164934
5013.333921 1.154799
5013.379869 1.144648
5013.425816 1.134485
5013.471764 1.124312
5013.517711 1.114132
5013.563658 1.103950
5013.609606 1.093768
5013.655553 1.083589
5013.701501 1.073416
5013.747448 1.063252
5013.793396 1.053101
5013.839343 1.042964
5013.885291 1.032846
5013.931238 1.022748
5013.977185 1.012675
5014.023133 1.002627
5014.069080 0.992608
5014.115028 0.982621
5014.160975 0.972668
5014.206923 0.962751
5014.252870 0.952874
5014.298817 0.943038
5014.344765 0.933246
5014.390712 0.923499
5014.436660 0.913801
5014.482607 0.904154
5014.528555 0.894559
5014.574502 0.885018
5014.620449 0.875534
5014.666397 0.866108
5014.712344 0.856742
5014.758292 0.847438
5014.804239 0.838198
5014.850187 0.829023
5014.896134 0.819915
5014.942082 0.810875
5014.988029 0.801905
5015.033976 0.793007
5015.079924 0.784181
5015.125871 0.775429
5015.171819 0.766751
5015.217766 0.758151
5015.263714 0.749627
5015.309661 0.741181
5015.355608 0.732815
5015.401556 0.724529
5015.447503 0.716324
5015.493451 0.708201
5015.539398 0.700160
5015.585346 0.692203
5015.631293 0.684329
5015.677241 0.676540
5015.723188 0.668835
5015.769135 0.661216
5015.815083 0.653682
5015.861030 0.646234
5015.906978 0.638873
5015.952925 0.631598
5015.998873 0.624410
5016.044820 0.617309
5016.090767 0.610294
5016.136715 0.603367
5016.182662 0.596527
5016.228610 0.589773
5016.274557 0.583107
5016.320505 0.576527
5016.366452 0.570034
5016.412400 0.563627
5016.458347 0.557306
5016.504294 0.551071
5016.550242 0.544921
5016.596189 0.538856
5016.642137 0.532876
5016.688084 0.526981
5016.734032 0.521169
5016.779979 0.515440
5016.825926 0.509794
5016.871874 0.504230
5016.917821 0.498748
5016.963769 0.493347
5017.009716 0.488026
5017.055664 0.482785
5017.101611 0.477623
5017.147558 0.472539
5017.193506 0.467533
5017.239453 0.462604
5017.285401 0.457751
5017.331348 0.452973
5017.377296 0.448269
5017.423243 0.443639
5017.469191 0.439082
5017.515138 0.434597
5017.561085 0.430183
5017.607033 0.425839
5017.652980 0.421565
5017.698928 0.417359
5017.744875 0.413220
5017.790823 0.409149
5017.836770 0.405143
5017.882717 0.401201
5017.928665 0.397324
5017.974612 0.393510
5018.020560 0.389757
5018.066507 0.386066
5018.112455 0.382435
5018.158402 0.378863
5018.204350 0.375349
5018.250297 0.371893
5018.296244 0.368493
5018.342192 0.365148
5018.388139 0.361858
5018.434087 0.358621
5018.480034 0.355437
5018.525982 0.352305
5018.571929 0.349223
5018.617876 0.346191
5018.663824 0.343208
5018.709771 0.340273
5018.755719 0.337385
5018.801666 0.334543
5018.847614 0.331746
5018.893561 0.328994
5018.939508 0.326285
5018.985456 0.323618
5019.031403 0.320994
5019.077351 0.318410
5019.123298 0.315867
5019.169246 0.313362
5019.215193 0.310896
5019.261141 0.308468
5019.307088 0.306076
5019.353035 0.303720
5019.398983 0.301400
5019.444930 0.299114
5019.490878 0.296861
5019.536825 0.294641
5019.582773 0.292454
5019.628720 0.290298
5019.674667 0.288172
5019.720615 0.286077
5019.766562 0.284011
5019.812510 0.281973
5019.858457 0.279964
5019.904405 0.277981
5019.950352 0.276025
5019.996300 0.274096
5020.042247 0.272191
5020.088194 0.270312
5020.134142 0.268456
5020.180089 0.266624
5020.226037 0.264815
5020.271984 0.263029
5020.317932 0.261264
5020.363879 0.259521
5020.409826 0.257798
5020.455774 0.256096
5020.501721 0.254413
5020.547669 0.252750
5020.593616 0.251105
5020.639564 0.249479
5020.685511 0.247871
5020.731459 0.246280
5020.777406 0.244706
5020.823353 0.243148
5020.869301 0.241607
5020.915248 0.240081
5020.961196 0.238571
5021.007143 0.237075
5021.053091 0.235594
5021.099038 0.234127
5021.144985 0.232674
5021.190933 0.231235
5021.236880 0.229808
5021.282828 0.228395
5021.328775 0.226993
5021.374723 0.225604
5021.420670 0.224227
5021.466617 0.222862
5021.512565 0.221507
5021.558512 0.220164
5021.604460 0.218831
5021.650407 0.217509
5021.696355 0.216197
5021.742302 0.214895
5021.788250 0.213603
5021.834197 0.212320
5021.880144 0.211047
5021.926092 0.209782
5021.972039 0.208526
5022.017987 0.207280
5022.063934 0.206041
5022.109882 0.204811
5022.155829 0.203589
5022.201776 0.202374
5022.247724 0.201168
5022.293671 0.199969
5022.339619 0.198777
5022.385566 0.197593
5022.431514 0.196416
5022.477461 0.195246
5022.523409 0.194082
5022.569356 0.192926
5022.615303 0.191776
5022.661251 0.190632
5022.707198 0.189495
5022.753146 0.188363
5022.799093 0.187238
5022.845041 0.186119
5022.890988 0.185006
5022.936935 0.183899
5022.982883 0.182797
5023.028830 0.181701
5023.074778 0.180611
5023.120725 0.179525
5023.166673 0.178446
5023.212620 0.177371
5023.258567 0.176302
5023.304515 0.175238
5023.350462 0.174179
5023.396410 0.173125
5023.442357 0.172076
5023.488305 0.171031
5023.534252 0.169992
5023.580200 0.168957
5023.626147 0.167928
5023.672094 0.166902
5023.718042 0.165882
5023.763989 0.164866
5023.809937 0.163854
5023.855884 0.162847
5023.901832 0.161845
5023.947779 0.160846
5023.993726 0.159853
5024.039674 0.158863
5024.085621 0.157878
5024.131569 0.156897
5024.177516 0.155921
5024.223464 0.154948
5024.269411 0.153980
5024.315359 0.153016
5024.361306 0.152056
5024.407253 0.151101
5024.453201 0.150149
5024.499148 0.149201
5024.545096 0.148258
5024.591043 0.147318
5024.636991 0.146383
5024.682938 0.145451
5024.728885 0.144524
5024.774833 0.143600
5024.820780 0.142681
5024.866728 0.141765
5024.912675 0.140854
5024.958623 0.139946
5025.004570 0.139042
5025.050518 0.138142
5025.096465 0.137246
5025.142412 0.136354
5025.188360 0.135466
5025.234307 0.134581
5025.280255 0.133700
5025.326202 0.132824
5025.372150 0.131951
5025.418097 0.131082
5025.464044 0.130216
5025.509992 0.129355
5025.555939 0.128497
5025.601887 0.127643
5025.647834 0.126793
5025.693782 0.125946
5025.739729 0.125104
5025.785676 0.124265
5025.831624 0.123430
5025.877571 0.122599
5025.923519 0.121771
5025.969466 0.120947
5026.015414 0.120127
5026.061361 0.119311
5026.107309 0.118498
5026.153256 0.117690
5026.199203 0.116885
5026.245151 0.116083
5026.291098 0.115285
5026.337046 0.114492
5026.382993 0.113701
5026.428941 0.112915
5026.474888 0.112132
5026.520835 0.111353
5026.566783 0.110577
5026.612730 0.109806
5026.658678 0.109038
5026.704625 0.108273
5026.750573 0.107513
5026.796520 0.106756
5026.842468 0.106002
5026.888415 0.105253
5026.934362 0.104507
5026.980310 0.103764
5027.026257 0.103026
5027.072205 0.102291
5027.118152 0.101559
5027.164100 0.100832
5027.210047 0.100107
5027.255994 0.099387
5027.301942 0.098670
5027.347889 0.097957
5027.393837 0.097247
5027.439784 0.096542
5027.485732 0.095839
5027.531679 0.095140
5027.577626 0.094445
5027.623574 0.093754
5027.669521 0.093066
5027.715469 0.092382
5027.761416 0.091701
5027.807364 0.091024
5027.853311 0.090350
5027.899259 0.089680
5027.945206 0.089013
5027.991153 0.088351
5028.037101 0.087691
5028.083048 0.087035
5028.128996 0.086383
5028.174943 0.085734
5028.220891 0.085089
5028.266838 0.084447
5028.312785 0.083809
5028.358733 0.083174
5028.404680 0.082543
5028.450628 0.081915
5028.496575 0.081291
5028.542523 0.080670
5028.588470 0.080053
5028.634418 0.079439
5028.680365 0.078829
5028.726312 0.078222
5028.772260 0.077618
5028.818207 0.077018
5028.864155 0.076422
5028.910102 0.075828
5028.956050 0.075238
5029.001997 0.074652
5029.047944 0.074069
5029.093892 0.073489
5029.139839 0.072913
5029.185787 0.072340
5029.231734 0.071771
5029.277682 0.071204
5029.323629 0.070642
5029.369576 0.070082
5029.415524 0.069526
5029.461471 0.068973
5029.507419 0.068424
5029.553366 0.067877
5029.599314 0.067334
5029.645261 0.066795
5029.691209 0.066258
5029.737156 0.065725
5029.783103 0.065195
5029.829051 0.064669
5029.874998 0.064145
5029.920946 0.063625
5029.966893 0.063108
5030.012841 0.062594
5030.058788 0.062084
5030.104735 0.061576
5030.150683 0.061072
5030.196630 0.060571
5030.242578 0.060073
5030.288525 0.059578
5030.334473 0.059087
5030.380420 0.058598
5030.426368 0.058113
5030.472315 0.057630
5030.518262 0.057151
5030.564210 0.056675
5030.610157 0.056202
5030.656105 0.055732
5030.702052 0.055265
5030.748000 0.054801
5030.793947 0.054340
5030.839894 0.053883
5030.885842 0.053428
5030.931789 0.052976
5030.977737 0.052527
5031.023684 0.052081
5031.069632 0.051638
5031.115579 0.051198
5031.161527 0.050761
5031.207474 0.050327
5031.253421 0.049896
5031.299369 0.049468
5031.345316 0.049042
5031.391264 0.048620
5031.437211 0.048200
5031.483159 0.047784
5031.529106 0.047370
5031.575053 0.046959
5031.621001 0.046550
5031.666948 0.046145
5031.712896 0.045742
5031.758843 0.045343
5031.804791 0.044945
5031.850738 0.044551
5031.896685 0.044160
5031.942633 0.043771
5031.988580 0.043385
5032.034528 0.043002
5032.080475 0.042621
5032.126423 0.042243
5032.172370 0.041868
5032.218318 0.041495
5032.264265 0.041125
5032.310212 0.040758
5032.356160 0.040393
5032.402107 0.040031
5032.448055 0.039672
5032.494002 0.039315
5032.539950 0.038961
5032.585897 0.038609
5032.631844 0.038260
5032.677792 0.037914
5032.723739 0.037570
5032.769687 0.037228
5032.815634 0.036890
5032.861582 0.036553
5032.907529 0.036219
5032.953477 0.035888
5032.999424 0.035559
5033.045371 0.035232
5033.091319 0.034908
5033.137266 0.034587
5033.183214 0.034267
5033.229161 0.033951
5033.275109 0.033636
5033.321056 0.033324
5033.367003 0.033014
5033.412951 0.032707
5033.458898 0.032402
5033.504846 0.032099
5033.550793 0.031799
5033.596741 0.031501
5033.642688 0.031205
5033.688635 0.030912
5033.734583 0.030621
5033.780530 0.030332
5033.826478 0.030045
5033.872425 0.029761
5033.918373 0.029479
5033.964320 0.029199
5034.010268 0.028921
5034.056215 0.028645
5034.102162 0.028372
5034.148110 0.028101
5034.194057 0.027831
5034.240005 0.027564
5034.285952 0.027300
5034.331900 0.027037
5034.377847 0.026776
5034.423794 0.026518
5034.469742 0.026261
5034.515689 0.026007
5034.561637 0.025755
5034.607584 0.025504
5034.653532 0.025256
5034.699479 0.025010
5034.745427 0.024765
5034.791374 0.024523
5034.837321 0.024283
5034.883269 0.024045
5034.929216 0.023808
5034.975164 0.023574
5035.021111 0.023341
5035.067059 0.023111
5035.113006 0.022882
5035.158953 0.022656
5035.204901 0.022431
5035.250848 0.022208
5035.296796 0.021987
5035.342743 0.021768
5035.388691 0.021550
5035.434638 0.021335
5035.480586 0.021121
5035.526533 0.020909
5035.572480 0.020699
5035.618428 0.020491
5035.664375 0.020284
5035.710323 0.020079
5035.756270 0.019876
5035.802218 0.019675
5035.848165 0.019475
5035.894112 0.019277
5035.940060 0.019081
5035.986007 0.018887
5036.031955 0.018694
5036.077902 0.018503
5036.123850 0.018313
5036.169797 0.018126
5036.215744 0.017939
5036.261692 0.017755
5036.307639 0.017572
5036.353587 0.017391
5036.399534 0.017211
5036.445482 0.017033
5036.491429 0.016856
5036.537377 0.016681
5036.583324 0.016508
5036.629271 0.016336
5036.675219 0.016166
5036.721166 0.015997
5036.767114 0.015830
5036.813061 0.015664
5036.859009 0.015499
5036.904956 0.015337
5036.950903 0.015175
5036.996851 0.015015
5037.042798 0.014857
5037.088746 0.014700
5037.134693 0.014544
5037.180641 0.014390
5037.226588 0.014237
5037.272536 0.014086
5037.318483 0.013936
5037.364430 0.013787
5037.410378 0.013640
5037.456325 0.013494
5037.502273 0.013350
5037.548220 0.013206
5037.594168 0.013065
5037.640115 0.012924
5037.686062 0.012785
5037.732010 0.012647
5037.777957 0.012510
5037.823905 0.012375
5037.869852 0.012241
5037.915800 0.012108
5037.961747 0.011976
5038.007694 0.011846
5038.053642 0.011717
5038.099589 0.011589
5038.145537 0.011462
5038.191484 0.011337
5038.237432 0.011212
5038.283379 0.011089
5038.329327 0.010967
5038.375274 0.010847
5038.421221 0.010727
5038.467169 0.010609
5038.513116 0.010491
5038.559064 0.010375
5038.605011 0.010260
5038.650959 0.010146
5038.696906 0.010033
5038.742853 0.009922
5038.788801 0.009811
5038.834748 0.009701
5038.880696 0.009593
5038.926643 0.009485
5038.972591 0.009379
5039.018538 0.009274
5039.064486 0.009169
5039.110433 0.009066
5039.156380 0.008964
5039.202328 0.008863
5039.248275 0.008762
5039.294223 0.008663
5039.340170 0.008565
5039.386118 0.008468
5039.432065 0.008371
5039.478012 0.008276
5039.523960 0.008182
5039.569907 0.008088
5039.615855 0.007996
5039.661802 0.007904
5039.707750 0.007814
5039.753697 0.007724
5039.799644 0.007635
5039.845592 0.007547
5039.891539 0.007460
5039.937487 0.007374
5039.983434 0.007289
5040.029382 0.007204
5040.075329 0.007121
5040.121277 0.007038
5040.167224 0.006956
5040.213171 0.006875
5040.259119 0.006795
5040.305066 0.006716
5040.351014 0.006638
5040.396961 0.006560
5040.442909 0.006483
5040.488856 0.006407
5040.534803 0.006332
5040.580751 0.006257
5040.626698 0.006183
5040.672646 0.006110
5040.718593 0.006038
5040.764541 0.005967
5040.810488 0.005896
5040.856436 0.005826
5040.902383 0.005757
5040.948330 0.005689
5040.994278 0.005621
5041.040225 0.005554
5041.086173 0.005488
5041.132120 0.005422
5041.178068 0.005357
5041.224015 0.005293
5041.269962 0.005229
5041.315910 0.005166
5041.361857 0.005104
5041.407805 0.005043
5041.453752 0.004982
5041.499700 0.004922
5041.545647 0.004862
5041.591595 0.004803
5041.637542 0.004745
5041.683489 0.004687
5041.729437 0.004631
5041.775384 0.004574
5041.821332 0.004518
5041.867279 0.004463
5041.913227 0.004409
5041.959174 0.004355
5042.005121 0.004301
5042.051069 0.004249
5042.097016 0.004196
5042.142964 0.004145
5042.188911 0.004094
5042.234859 0.004043
5042.280806 0.003993
5042.326753 0.003944
5042.372701 0.003895
5042.418648 0.003847
5042.464596 0.003799
5042.510543 0.003752
5042.556491 0.003705
5042.602438 0.003659
5042.648386 0.003613
5042.694333 0.003568
5042.740280 0.003524
5042.786228 0.003480
5042.832175 0.003436
5042.878123 0.003393
5042.924070 0.003350
5042.970018 0.003308
5043.015965 0.003266
5043.061912 0.003225
5043.107860 0.003184
5043.153807 0.003144
5043.199755 0.003104
5043.245702 0.003065
5043.291650 0.003026
5043.337597 0.002988
5043.383545 0.002950
5043.429492 0.002912
5043.475439 0.002875
5043.521387 0.002838
5043.567334 0.002802
5043.613282 0.002766
5043.659229 0.002731
5043.705177 0.002695
5043.751124 0.002661
5043.797071 0.002627
5043.843019 0.002593
5043.888966 0.002559
5043.934914 0.002526
5043.980861 0.002494
5044.026809 0.002461
5044.072756 0.002429
5044.118703 0.002398
5044.164651 0.002367
5044.210598 0.002336
5044.256546 0.002306
5044.302493 0.002276
5044.348441 0.002246
5044.394388 0.002216
5044.440336 0.002187
5044.486283 0.002159
5044.532230 0.002130
5044.578178 0.002102
5044.624125 0.002075
5044.670073 0.002048
5044.716020 0.002021
5044.761968 0.001994
5044.807915 0.001968
5044.853862 0.001942
5044.899810 0.001916
5044.945757 0.001890
5044.991705 0.001865
5045.037652 0.001841
5045.083600 0.001816
5045.129547 0.001792
5045.175495 0.001768
5045.221442 0.001744
5045.267389 0.001721
5045.313337 0.001698
5045.359284 0.001675
5045.405232 0.001653
5045.451179 0.001631
5045.497127 0.001609
5045.543074 0.001587
5045.589021 0.001566
5045.634969 0.001544
5045.680916 0.001524
5045.726864 0.001503
5045.772811 0.001483
5045.818759 0.001463
5045.864706 0.001443
5045.910654 0.001423
5045.956601 0.001404
5046.002548 0.001385
5046.048496 0.001366
5046.094443 0.001347
5046.140391 0.001329
5046.186338 0.001310
5046.232286 0.001293
5046.278233 0.001275
5046.324180 0.001257
5046.370128 0.001240
5046.416075 0.001223
5046.462023 0.001206
5046.507970 0.001189
5046.553918 0.001173
5046.599865 0.001157
5046.645812 0.001141
5046.691760 0.001125
5046.737707 0.001109
5046.783655 0.001094
5046.829602 0.001079
5046.875550 0.001064
5046.921497 0.001049
5046.967445 0.001034
5047.013392 0.001020
5047.059339 0.001006
5047.105287 0.000992
5047.151234 0.000978
5047.197182 0.000964
5047.243129 0.000950
5047.289077 0.000937
5047.335024 0.000924
5047.380971 0.000911
5047.426919 0.000898
5047.472866 0.000885
5047.518814 0.000873
5047.564761 0.000860
5047.610709 0.000848
5047.656656 0.000836
5047.702604 0.000824
5047.748551 0.000813
5047.794498 0.000801
5047.840446 0.000790
5047.886393 0.000778
5047.932341 0.000767
5047.978288 0.000756
5048.024236 0.000745
5048.070183 0.000735
5048.116130 0.000724
5048.162078 0.000714
5048.208025 0.000704
5048.253973 0.000693
5048.299920 0.000683
5048.345868 0.000674
5048.391815 0.000664
5048.437762 0.000654
5048.483710 0.000645
5048.529657 0.000636
5048.575605 0.000626
5048.621552 0.000617
5048.667500 0.000608
5048.713447 0.000599
5048.759395 0.000591
5048.805342 0.000582
5048.851289 0.000574
5048.897237 0.000565
5048.943184 0.000557
5048.989132 0.000549
5049.035079 0.000541
5049.081027 0.000533
5049.126974 0.000525
5049.172921 0.000517
5049.218869 0.000510
5049.264816 0.000502
5049.310764 0.000495
5049.356711 0.000487
5049.402659 0.000480
5049.448606 0.000473
5049.494554 0.000466
5049.540501 0.000459
5049.586448 0.000452
5049.632396 0.000446
5049.678343 0.000439
5049.724291 0.000432
5049.770238 0.000426
5049.816186 0.000420
5049.862133 0.000413
5049.908080 0.000407
5049.954028 0.000401
5049.999975 0.000395
5050.045923 0.000389
5050.091870 0.000383
5050.137818 0.000378
5050.183765 0.000372
5050.229713 0.000366
5050.275660 0.000361
5050.321607 0.000355
5050.367555 0.000350
5050.413502 0.000345
5050.459450 0.000339
5050.505397 0.000334
5050.551345 0.000329
5050.597292 0.000324
5050.643239 0.000319
5050.689187 0.000314
5050.735134 0.000310
5050.781082 0.000305
5050.827029 0.000300
5050.872977 0.000296
5050.918924 0.000291
5050.964871 0.000287
5051.010819 0.000282
5051.056766 0.000278
5051.102714 0.000274
5051.148661 0.000269
5051.194609 0.000265
5051.240556 0.000261
5051.286504 0.000257
5051.332451 0.000253
5051.378398 0.000249
5051.424346 0.000245
5051.470293 0.000242
5051.516241 0.000238
5051.562188 0.000234
5051.608136 0.000231
5051.654083 0.000227
5051.700030 0.000223
5051.745978 0.000220
5051.791925 0.000217
5051.837873 0.000213
5051.883820 0.000210
5051.929768 0.000207
5051.975715 0.000203
5052.021663 0.000200
5052.067610 0.000197
5052.113557 0.000194
5052.159505 0.000191
5052.205452 0.000188
5052.251400 0.000185
5052.297347 0.000182
5052.343295 0.000179
5052.389242 0.000176
5052.435189 0.000174
5052.481137 0.000171
5052.527084 0.000168
5052.573032 0.000165
5052.618979 0.000163
5052.664927 0.000160
5052.710874 0.000158
5052.756821 0.000155
5052.802769 0.000153
5052.848716 0.000150
5052.894664 0.000148
5052.940611 0.000145
5052.986559 0.000143
5053.032506 0.000141
5053.078454 0.000139
5053.124401 0.000136
5053.170348 0.000134
5053.216296 0.000132
5053.262243 0.000130
5053.308191 0.000128
5053.354138 0.000126
5053.400086 0.000124
5053.446033 0.000122
5053.491980 0.000120
5053.537928 0.000118
5053.583875 0.000116
5053.629823 0.000114
5053.675770 0.000112
5053.721718 0.000110
5053.767665 0.000109
5053.813613 0.000107
5053.859560 0.000105
5053.905507 0.000103
5053.951455 0.000102
5053.997402 0.000100
5054.043350 0.000098
5054.089297 0.000097
5054.135245 0.000095
5054.181192 0.000094
5054.227139 0.000092
5054.273087 0.000091
5054.319034 0.000089
5054.364982 0.000088
5054.410929 0.000086
5054.456877 0.000085
5054.502824 0.000083
5054.548771 0.000082
5054.594719 0.000081
5054.640666 0.000079
5054.686614 0.000078
5054.732561 0.000077
5054.778509 0.000075
5054.824456 0.000074
5054.870404 0.000073
5054.916351 0.000072
5054.962298 0.000070
5055.008246 0.000069
5055.054193 0.000068
5055.100141 0.000067
5055.146088 0.000066
5055.192036 0.000065
5055.237983 0.000064
5055.283930 0.000063
5055.329878 0.000062
5055.375825 0.000061
5055.421773 0.000059
5055.467720 0.000058
5055.513668 0.000058
5055.559615 0.000057
5055.605563 0.000056
5055.651510 0.000055
5055.697457 0.000054
5055.743405 0.000053
5055.789352 0.000052
5055.835300 0.000051
5055.881247 0.000050
5055.927195 0.000049
5055.973142 0.000048
5056.019089 0.000048
5056.065037 0.000047
5056.110984 0.000046
5056.156932 0.000045
5056.202879 0.000044
5056.248827 0.000044
5056.294774 0.000043
5056.340722 0.000042
5056.386669 0.000041
5056.432616 0.000041
5056.478564 0.000040
5056.524511 0.000039
5056.570459 0.000039
5056.616406 0.000038
5056.662354 0.000037
5056.708301 0.000037
5056.754248 0.000036
5056.800196 0.000035
5056.846143 0.000035
5056.892091 0.000034
5056.938038 0.000034
5056.983986 0.000033
5057.029933 0.000033
5057.075880 0.000032
5057.121828 0.000031
5057.167775 0.000031
5057.213723 0.000030
5057.259670 0.000030
5057.305618 0.000029
5057.351565 0.000029
5057.397513 0.000028
5057.443460 0.000028
5057.489407 0.000027
5057.535355 0.000027
5057.581302 0.000026
5057.627250 0.000026
5057.673197 0.000025
5057.719145 0.000025
5057.765092 0.000025
5057.811039 0.000024
5057.856987 0.000024
5057.902934 0.000023
5057.948882 0.000023
5057.994829 0.000022
5058.040777 0.000022
5058.086724 0.000022
5058.132672 0.000021
5058.178619 0.000021
5058.224566 0.000020
5058.270514 0.000020
5058.316461 0.000020
5058.362409 0.000019
5058.408356 0.000019
5058.454304 0.000019
5058.500251 0.000018
5058.546198 0.000018
5058.592146 0.000018
5058.638093 0.000017
5058.684041 0.000017
5058.729988 0.000017
5058.775936 0.000017
5058.821883 0.000016
5058.867830 0.000016
5058.913778 0.000016
5058.959725 0.000015
5059.005673 0.000015
5059.051620 0.000015
5059.097568 0.000015
5059.143515 0.000014
5059.189463 0.000014
5059.235410 0.000014
5059.281357 0.000014
5059.327305 0.000013
5059.373252 0.000013
5059.419200 0.000013
5059.465147 0.000013
5059.511095 0.000012
5059.557042 0.000012
5059.602989 0.000012
5059.648937 0.000012
5059.694884 0.000011
5059.740832 0.000011
5059.786779 0.000011
5059.832727 0.000011
5059.878674 0.000011
5059.924622 0.000010
5059.970569 0.000010
5060.016516 0.000010
5060.062464 0.000010
5060.108411 0.000010
5060.154359 0.000010
5060.200306 0.000009
5060.246254 0.000009
5060.292201 0.000009
5060.338148 0.000009
5060.384096 0.000009
5060.430043 0.000008
5060.475991 0.000008
5060.521938 0.000008
5060.567886 0.000008
5060.613833 0.000008
5060.659781 0.000008
5060.705728 0.000008
5060.751675 0.000007
5060.797623 0.000007
5060.843570 0.000007
5060.889518 0.000007
5060.935465 0.000007
5060.981413 0.000007
5061.027360 0.000007
5061.073307 0.000007
5061.119255 0.000006
5061.165202 0.000006
5061.211150 0.000006
5061.257097 0.000006
5061.303045 0.000006
5061.348992 0.000006
5061.394939 0.000006
5061.440887 0.000006
5061.486834 0.000006
5061.532782 0.000005
5061.578729 0.000005
5061.624677 0.000005
5061.670624 0.000005
5061.716572 0.000005
5061.762519 0.000005
5061.808466 0.000005
5061.854414 0.000005
5061.900361 0.000005
5061.946309 0.000005
5061.992256 0.000004
5062.038204 0.000004
5062.084151 0.000004
5062.130098 0.000004
5062.176046 0.000004
5062.221993 0.000004
5062.267941 0.000004
5062.313888 0.000004
5062.359836 0.000004
5062.405783 0.000004
5062.451731 0.000004
5062.497678 0.000004
5062.543625 0.000004
5062.589573 0.000003
5062.635520 0.000003
5062.681468 0.000003
5062.727415 0.000003
5062.773363 0.000003
5062.819310 0.000003
5062.865257 0.000003
5062.911205 0.000003
5062.957152 0.000003
5063.003100 0.000003
5063.049047 0.000003
5063.094995 0.000003
5063.140942 0.000003
5063.186889 0.000003
5063.232837 0.000003
5063.278784 0.000003
5063.324732 0.000003
5063.370679 0.000002
5063.416627 0.000002
5063.462574 0.000002
5063.508522 0.000002
5063.554469 0.000002
5063.600416 0.000002
5063.646364 0.000002
5063.692311 0.000002
5063.738259 0.000002
5063.784206 0.000002
5063.830154 0.000002
5063.876101 0.000002
5063.922048 0.000002
5063.967996 0.000002
5064.013943 0.000002
5064.059891 0.000002
5064.105838 0.000002
5064.151786 0.000002
5064.197733 0.000002
5064.243681 0.000002
5064.289628 0.000002
5064.335575 0.000002
5064.381523 0.000002
5064.427470 0.000002
5064.473418 0.000002
5064.519365 0.000002
5064.565313 0.000001
5064.611260 0.000001
5064.657207 0.000001
5064.703155 0.000001
5064.749102 0.000001
5064.795050 0.000001
5064.840997 0.000001
5064.886945 0.000001
5064.932892 0.000001
5064.978840 0.000001
5065.024787 0.000001
5065.070734 0.000001
5065.116682 0.000001
5065.162629 0.000001
5065.208577 0.000001
5065.254524 0.000001
5065.300472 0.000001
5065.346419 0.000001
5065.392366 0.000001
5065.438314 0.000001
5065.484261 0.000001
5065.530209 0.000001
5065.576156 0.000001
5065.622104 0.000001
5065.668051 0.000001
5065.713998 0.000001
5065.759946 0.000001
5065.805893 0.000001
5065.851841 0.000001
5065.897788 0.000001
5065.943736 0.000001
5065.989683 0.000001
5066.035631 0.000001
5066.081578 0.000001
5066.127525 0.000001
5066.173473 0.000001
5066.219420 0.000001
5066.265368 0.000001
5066.311315 0.000001
5066.357263 0.000001
5066.403210 0.000001
5066.449157 0.000001
5066.495105 0.000001
5066.541052 0.000001
5066.587000 0.000001
5066.632947 0.000001
5066.678895 0.000001
5066.724842 0.000001
5066.770790 0.000001
5066.816737 0.000001
5066.862684 0.000001
5066.908632 0.000001
5066.954579 0.000001
5067.000527 0.000000
5067.046474 0.000000
5067.092422 0.000000
5067.138369 0.000000
5067.184316 0.000000
5067.230264 0.000000
5067.276211 0.000000
5067.322159 0.000000
5067.368106 0.000000
5067.414054 0.000000
5067.460001 0.000000
5067.505948 0.000000
5067.551896 0.000000
5067.597843 0.000000
5067.643791 0.000000
5067.689738 0.000000
5067.735686 0.000000
5067.781633 0.000000
5067.827581 0.000000
5067.873528 0.000000
5067.919475 0.000000
5067.965423 0.000000
5068.011370 0.000000
5068.057318 0.000000
5068.103265 0.000000
5068.149213 0.000000
5068.195160 0.000000
5068.241107 0.000000
5068.287055 0.000000
5068.333002 0.000000
5068.378950 0.000000
5068.424897 0.000000
5068.470845 0.000000
5068.516792 0.000000
5068.562740 0.000000
5068.608687 0.000000
5068.654634 0.000000
5068.700582 0.000000
5068.746529 0.000000
5068.792477 0.000000
5068.838424 0.000000
5068.884372 0.000000
5068.930319 0.000000
5068.976266 0.000000
5069.022214 0.000000
5069.068161 0.000000
5069.114109 0.000000
5069.160056 0.000000
5069.206004 0.000000
5069.251951 0.000000
5069.297898 0.000000
5069.343846 0.000000
5069.389793 0.000000
5069.435741 0.000000
5069.481688 0.000000
5069.527636 0.000000
5069.573583 0.000000
5069.619531 0.000000
5069.665478 0.000000
5069.711425 0.000000
5069.757373 0.000000
5069.803320 0.000000
5069.849268 0.000000
5069.895215 0.000000
5069.941163 0.000000
5069.987110 0.000000
