4900.019426 0.000000
4900.067956 0.000000
4900.116485 0.000000
4900.165015 0.000000
4900.213544 0.000000
4900.262074 0.000000
4900.310603 0.000000
4900.359133 0.000000
4900.407662 0.000000
4900.456192 0.000000
4900.504722 0.000000
4900.553251 0.000000
4900.601781 0.000000
4900.650310 0.000000
4900.698840 0.000000
4900.747369 0.000000
4900.795899 0.000000
4900.844428 0.000000
4900.892958 0.000000
4900.941488 0.000000
4900.990017 0.000000
4901.038547 0.000000
4901.087076 0.000000
4901.135606 0.000000
4901.184135 0.000000
4901.232665 0.000000
4901.281194 0.000000
4901.329724 0.000000
4901.378254 0.000000
4901.426783 0.000000
4901.475313 0.000000
4901.523842 0.000000
4901.572372 0.000000
4901.620901 0.000000
4901.669431 0.000000
4901.717960 0.000000
4901.766490 0.000000
4901.815020 0.000000
4901.863549 0.000000
4901.912079 0.000000
4901.960608 0.000000
4902.009138 0.000000
4902.057667 0.000000
4902.106197 0.000000
4902.154726 0.000000
4902.203256 0.000000
4902.251786 0.000000
4902.300315 0.000000
4902.348845 0.000000
4902.397374 0.000000
4902.445904 0.000000
4902.494433 0.000000
4902.542963 0.000000
4902.591492 0.000000
4902.640022 0.000000
4902.688552 0.000000
4902.737081 0.000000
4902.785611 0.000000
4902.834140 0.000000
4902.882670 0.000000
4902.931199 0.000000
4902.979729 0.000000
4903.028258 0.000000
4903.076788 0.000000
4903.125318 0.000000
4903.173847 0.000000
4903.222377 0.000000
4903.270906 0.000000
4903.319436 0.000000
4903.367965 0.000000
4903.416495 0.000000
4903.465024 0.000000
4903.513554 0.000000
4903.562084 0.000000
4903.610613 0.000000
4903.659143 0.000000
4903.707672 0.000000
4903.756202 0.000000
4903.804731 0.000000
4903.853261 0.000000
4903.901790 0.000000
4903.950320 0.000000
4903.998850 0.000000
4904.047379 0.000000
4904.095909 0.000000
4904.144438 0.000000
4904.192968 0.000000
4904.241497 0.000000
4904.290027 0.000000
4904.338556 0.000000
4904.387086 0.000000
4904.435615 0.000000
4904.484145 0.000000
4904.532675 0.000000
4904.581204 0.000000
4904.629734 0.000000
4904.678263 0.000000
4904.726793 0.000000
4904.775322 0.000000
4904.823852 0.000000
4904.872381 0.000000
4904.920911 0.000000
4904.969441 0.000000
4905.017970 0.000000
4905.066500 0.000000
4905.115029 0.000000
4905.163559 0.000000
4905.212088 0.000000
4905.260618 0.000000
4905.309147 0.000000
4905.357677 0.000000
4905.406207 0.000000
4905.454736 0.000000
4905.503266 0.000000
4905.551795 0.000000
4905.600325 0.000000
4905.648854 0.000000
4905.697384 0.000000
4905.745913 0.000000
4905.794443 0.000000
4905.842973 0.000000
4905.891502 0.000000
4905.940032 0.000000
4905.988561 0.000000
4906.037091 0.000000
4906.085620 0.000000
4906.134150 0.000000
4906.182679 0.000000
4906.231209 0.000000
4906.279739 0.000000
4906.328268 0.000000
4906.376798 0.000000
4906.425327 0.000000
4906.473857 0.000000
4906.522386 0.000000
4906.570916 0.000000
4906.619445 0.000000
4906.667975 0.000000
4906.716505 0.000000
4906.765034 0.000000
4906.813564 0.000000
4906.862093 0.000000
4906.910623 0.000000
4906.959152 0.000000
4907.007682 0.000000
4907.056211 0.000000
4907.104741 0.000000
4907.153271 0.000000
4907.201800 0.000000
4907.250330 0.000000
4907.298859 0.000000
4907.347389 0.000000
4907.395918 0.000000
4907.444448 0.000000
4907.492977 0.000000
4907.541507 0.000000
4907.590037 0.000000
4907.638566 0.000000
4907.687096 0.000000
4907.735625 0.000000
4907.784155 0.000000
4907.832684 0.000000
4907.881214 0.000000
4907.929743 0.000000
4907.978273 0.000000
4908.026803 0.000000
4908.075332 0.000000
4908.123862 0.000000
4908.172391 0.000000
4908.220921 0.000000
4908.269450 0.000000
4908.317980 0.000000
4908.366509 0.000000
4908.415039 0.000000
4908.463569 0.000000
4908.512098 0.000000
4908.560628 0.000000
4908.609157 0.000000
4908.657687 0.000000
4908.706216 0.000000
4908.754746 0.000000
4908.803275 0.000000
4908.851805 0.000000
4908.900335 0.000000
4908.948864 0.000000
4908.997394 0.000000
4909.045923 0.000000
4909.094453 0.000000
4909.142982 0.000000
4909.191512 0.000000
4909.240041 0.000000
4909.288571 0.000000
4909.337101 0.000000
4909.385630 0.000000
4909.434160 0.000000
4909.482689 0.000000
4909.531219 0.000000
4909.579748 0.000000
4909.628278 0.000000
4909.676807 0.000000
4909.725337 0.000000
4909.773866 0.000000
4909.822396 0.000000
4909.870926 0.000000
4909.919455 0.000000
4909.967985 0.000000
4910.016514 0.000000
4910.065044 0.000000
4910.113573 0.000000
4910.162103 0.000000
4910.210632 0.000000
4910.259162 0.000000
4910.307692 0.000000
4910.356221 0.000000
4910.404751 0.000000
4910.453280 0.000000
4910.501810 0.000000
4910.550339 0.000000
4910.598869 0.000000
4910.647398 0.000000
4910.695928 0.000000
4910.744458 0.000000
4910.792987 0.000000
4910.841517 0.000000
4910.890046 0.000000
4910.938576 0.000000
4910.987105 0.000000
4911.035635 0.000000
4911.084164 0.000000
4911.132694 0.000000
4911.181224 0.000000
4911.229753 0.000000
4911.278283 0.000000
4911.326812 0.000000
4911.375342 0.000000
4911.423871 0.000000
4911.472401 0.000000
4911.520930 0.000000
4911.569460 0.000000
4911.617990 0.000000
4911.666519 0.000000
4911.715049 0.000000
4911.763578 0.000000
4911.812108 0.000000
4911.860637 0.000000
4911.909167 0.000000
4911.957696 0.000000
4912.006226 0.000000
4912.054756 0.000000
4912.103285 0.000000
4912.151815 0.000000
4912.200344 0.000000
4912.248874 0.000000
4912.297403 0.000000
4912.345933 0.000000
4912.394462 0.000000
4912.442992 0.000000
4912.491522 0.000000
4912.540051 0.000000
4912.588581 0.000000
4912.637110 0.000000
4912.685640 0.000000
4912.734169 0.000000
4912.782699 0.000000
4912.831228 0.000000
4912.879758 0.000000
4912.928288 0.000000
4912.976817 0.000000
4913.025347 0.000000
4913.073876 0.000000
4913.122406 0.000000
4913.170935 0.000000
4913.219465 0.000000
4913.267994 0.000000
4913.316524 0.000000
4913.365054 0.000000
4913.413583 0.000000
4913.462113 0.000000
4913.510642 0.000000
4913.559172 0.000000
4913.607701 0.000000
4913.656231 0.000000
4913.704760 0.000000
4913.753290 0.000000
4913.801820 0.000000
4913.850349 0.000000
4913.898879 0.000000
4913.947408 0.000000
4913.995938 0.000000
4914.044467 0.000000
4914.092997 0.000000
4914.141526 0.000000
4914.190056 0.000000
4914.238586 0.000000
4914.287115 0.000000
4914.335645 0.000000
4914.384174 0.000000
4914.432704 0.000000
4914.481233 0.000000
4914.529763 0.000000
4914.578292 0.000000
4914.626822 0.000000
4914.675351 0.000000
4914.723881 0.000000
4914.772411 0.000000
4914.820940 0.000000
4914.869470 0.000000
4914.917999 0.000000
4914.966529 0.000000
4915.015058 0.000000
4915.063588 0.000000
4915.112117 0.000000
4915.160647 0.000000
4915.209177 0.000000
4915.257706 0.000000
4915.306236 0.000000
4915.354765 0.000000
4915.403295 0.000000
4915.451824 0.000000
4915.500354 0.000000
4915.548883 0.000000
4915.597413 0.000000
4915.645943 0.000000
4915.694472 0.000000
4915.743002 0.000000
4915.791531 0.000000
4915.840061 0.000000
4915.888590 0.000000
4915.937120 0.000000
4915.985649 0.000000
4916.034179 0.000000
4916.082709 0.000000
4916.131238 0.000000
4916.179768 0.000000
4916.228297 0.000000
4916.276827 0.000000
4916.325356 0.000000
4916.373886 0.000000
4916.422415 0.000000
4916.470945 0.000000
4916.519475 0.000000
4916.568004 0.000000
4916.616534 0.000000
4916.665063 0.000000
4916.713593 0.000000
4916.762122 0.000000
4916.810652 0.000000
4916.859181 0.000000
4916.907711 0.000000
4916.956241 0.000000
4917.004770 0.000000
4917.053300 0.000000
4917.101829 0.000000
4917.150359 0.000000
4917.198888 0.000000
4917.247418 0.000000
4917.295947 0.000000
4917.344477 0.000000
4917.393007 0.000000
4917.441536 0.000000
4917.490066 0.000000
4917.538595 0.000000
4917.587125 0.000000
4917.635654 0.000000
4917.684184 0.000000
4917.732713 0.000000
4917.781243 0.000000
4917.829773 0.000000
4917.878302 0.000000
4917.926832 0.000000
4917.975361 0.000000
4918.023891 0.000000
4918.072420 0.000000
4918.120950 0.000000
4918.169479 0.000000
4918.218009 0.000000
4918.266539 0.000000
4918.315068 0.000000
4918.363598 0.000000
4918.412127 0.000000
4918.460657 0.000000
4918.509186 0.000000
4918.557716 0.000000
4918.606245 0.000000
4918.654775 0.000000
4918.703305 0.000000
4918.751834 0.000000
4918.800364 0.000000
4918.848893 0.000000
4918.897423 0.000000
4918.945952 0.000000
4918.994482 0.000000
4919.043011 0.000000
4919.091541 0.000000
4919.140071 0.000000
4919.188600 0.000000
4919.237130 0.000000
4919.285659 0.000000
4919.334189 0.000000
4919.382718 0.000000
4919.431248 0.000000
4919.479777 0.000000
4919.528307 0.000000
4919.576837 0.000000
4919.625366 0.000000
4919.673896 0.000000
4919.722425 0.000000
4919.770955 0.000000
4919.819484 0.000000
4919.868014 0.000000
4919.916543 0.000000
4919.965073 0.000000
4920.013602 0.000000
4920.062132 0.000000
4920.110662 0.000000
4920.159191 0.000000
4920.207721 0.000000
4920.256250 0.000000
4920.304780 0.000000
4920.353309 0.000000
4920.401839 0.000000
4920.450368 0.000000
4920.498898 0.000000
4920.547428 0.000000
4920.595957 0.000000
4920.644487 0.000000
4920.693016 0.000000
4920.741546 0.000000
4920.790075 0.000000
4920.838605 0.000000
4920.887134 0.000000
4920.935664 0.000000
4920.984194 0.000000
4921.032723 0.000000
4921.081253 0.000000
4921.129782 0.000000
4921.178312 0.000000
4921.226841 0.000000
4921.275371 0.000000
4921.323900 0.000000
4921.372430 0.000000
4921.420960 0.000000
4921.469489 0.000000
4921.518019 0.000000
4921.566548 0.000000
4921.615078 0.000000
4921.663607 0.000000
4921.712137 0.000000
4921.760666 0.000000
4921.809196 0.000000
4921.857726 0.000000
4921.906255 0.000000
4921.954785 0.000000
4922.003314 0.000000
4922.051844 0.000000
4922.100373 0.000000
4922.148903 0.000000
4922.197432 0.000000
4922.245962 0.000000
4922.294492 0.000000
4922.343021 0.000000
4922.391551 0.000000
4922.440080 0.000000
4922.488610 0.000000
4922.537139 0.000000
4922.585669 0.000000
4922.634198 0.000000
4922.682728 0.000000
4922.731258 0.000000
4922.779787 0.000000
4922.828317 0.000000
4922.876846 0.000000
4922.925376 0.000000
4922.973905 0.000000
4923.022435 0.000000
4923.070964 0.000000
4923.119494 0.000000
4923.168024 0.000000
4923.216553 0.000000
4923.265083 0.000000
4923.313612 0.000000
4923.362142 0.000000
4923.410671 0.000000
4923.459201 0.000000
4923.507730 0.000000
4923.556260 0.000000
4923.604790 0.000000
4923.653319 0.000000
4923.701849 0.000000
4923.750378 0.000000
4923.798908 0.000000
4923.847437 0.000000
4923.895967 0.000000
4923.944496 0.000000
4923.993026 0.000000
4924.041556 0.000000
4924.090085 0.000000
4924.138615 0.000000
4924.187144 0.000000
4924.235674 0.000000
4924.284203 0.000000
4924.332733 0.000000
4924.381262 0.000000
4924.429792 0.000000
4924.478322 0.000000
4924.526851 0.000000
4924.575381 0.000000
4924.623910 0.000000
4924.672440 0.000000
4924.720969 0.000000
4924.769499 0.000000
4924.818028 0.000000
4924.866558 0.000000
4924.915087 0.000000
4924.963617 0.000000
4925.012147 0.000000
4925.060676 0.000000
4925.109206 0.000000
4925.157735 0.000000
4925.206265 0.000000
4925.254794 0.000000
4925.303324 0.000000
4925.351853 0.000000
4925.400383 0.000000
4925.448913 0.000000
4925.497442 0.000000
4925.545972 0.000000
4925.594501 0.000000
4925.643031 0.000000
4925.691560 0.000000
4925.740090 0.000000
4925.788619 0.000000
4925.837149 0.000000
4925.885679 0.000000
4925.934208 0.000000
4925.982738 0.000000
4926.031267 0.000000
4926.079797 0.000000
4926.128326 0.000000
4926.176856 0.000000
4926.225385 0.000000
4926.273915 0.000000
4926.322445 0.000000
4926.370974 0.000000
4926.419504 0.000000
4926.468033 0.000000
4926.516563 0.000000
4926.565092 0.000000
4926.613622 0.000000
4926.662151 0.000000
4926.710681 0.000000
4926.759211 0.000000
4926.807740 0.000000
4926.856270 0.000000
4926.904799 0.000000
4926.953329 0.000000
4927.001858 0.000000
4927.050388 0.000000
4927.098917 0.000000
4927.147447 0.000000
4927.195977 0.000000
4927.244506 0.000000
4927.293036 0.000000
4927.341565 0.000000
4927.390095 0.000000
4927.438624 0.000000
4927.487154 0.000000
4927.535683 0.000000
4927.584213 0.000000
4927.632743 0.000000
4927.681272 0.000000
4927.729802 0.000000
4927.778331 0.000000
4927.826861 0.000000
4927.875390 0.000000
4927.923920 0.000000
4927.972449 0.000000
4928.020979 0.000000
4928.069509 0.000000
4928.118038 0.000000
4928.166568 0.000000
4928.215097 0.000000
4928.263627 0.000000
4928.312156 0.000000
4928.360686 0.000000
4928.409215 0.000000
4928.457745 0.000000
4928.506275 0.000000
4928.554804 0.000000
4928.603334 0.000000
4928.651863 0.000000
4928.700393 0.000000
4928.748922 0.000000
4928.797452 0.000000
4928.845981 0.000000
4928.894511 0.000000
4928.943041 0.000000
4928.991570 0.000000
4929.040100 0.000000
4929.088629 0.000000
4929.137159 0.000000
4929.185688 0.000000
4929.234218 0.000000
4929.282747 0.000000
4929.331277 0.000000
4929.379807 0.000000
4929.428336 0.000000
4929.476866 0.000000
4929.525395 0.000000
4929.573925 0.000000
4929.622454 0.000000
4929.670984 0.000000
4929.719513 0.000000
4929.768043 0.000000
4929.816573 0.000000
4929.865102 0.000000
4929.913632 0.000000
4929.962161 0.000000
4930.010691 0.000000
4930.059220 0.000000
4930.107750 0.000000
4930.156279 0.000000
4930.204809 0.000000
4930.253338 0.000000
4930.301868 0.000000
4930.350398 0.000000
4930.398927 0.000000
4930.447457 0.000000
4930.495986 0.000000
4930.544516 0.000000
4930.593045 0.000000
4930.641575 0.000000
4930.690104 0.000000
4930.738634 0.000000
4930.787164 0.000000
4930.835693 0.000000
4930.884223 0.000000
4930.932752 0.000000
4930.981282 0.000000
4931.029811 0.000000
4931.078341 0.000000
4931.126870 0.000000
4931.175400 0.000000
4931.223930 0.000000
4931.272459 0.000000
4931.320989 0.000000
4931.369518 0.000000
4931.418048 0.000000
4931.466577 0.000000
4931.515107 0.000000
4931.563636 0.000000
4931.612166 0.000000
4931.660696 0.000000
4931.709225 0.000000
4931.757755 0.000000
4931.806284 0.000000
4931.854814 0.000000
4931.903343 0.000000
4931.951873 0.000000
4932.000402 0.000000
4932.048932 0.000000
4932.097462 0.000000
4932.145991 0.000000
4932.194521 0.000000
4932.243050 0.000000
4932.291580 0.000000
4932.340109 0.000000
4932.388639 0.000000
4932.437168 0.000000
4932.485698 0.000000
4932.534228 0.000000
4932.582757 0.000000
4932.631287 0.000000
4932.679816 0.000000
4932.728346 0.000000
4932.776875 0.000000
4932.825405 0.000000
4932.873934 0.000000
4932.922464 0.000000
4932.970994 0.000000
4933.019523 0.000000
4933.068053 0.000000
4933.116582 0.000000
4933.165112 0.000000
4933.213641 0.000000
4933.262171 0.000000
4933.310700 0.000000
4933.359230 0.000000
4933.407760 0.000000
4933.456289 0.000000
4933.504819 0.000000
4933.553348 0.000000
4933.601878 0.000000
4933.650407 0.000000
4933.698937 0.000000
4933.747466 0.000000
4933.795996 0.000000
4933.844526 0.000000
4933.893055 0.000000
4933.941585 0.000000
4933.990114 0.000000
4934.038644 0.000000
4934.087173 0.000000
4934.135703 0.000000
4934.184232 0.000000
4934.232762 0.000000
4934.281292 0.000000
4934.329821 0.000000
4934.378351 0.000000
4934.426880 0.000000
4934.475410 0.000000
4934.523939 0.000000
4934.572469 0.000000
4934.620998 0.000000
4934.669528 0.000000
4934.718058 0.000000
4934.766587 0.000000
4934.815117 0.000000
4934.863646 0.000000
4934.912176 0.000000
4934.960705 0.000000
4935.009235 0.000000
4935.057764 0.000000
4935.106294 0.000000
4935.154823 0.000000
4935.203353 0.000000
4935.251883 0.000000
4935.300412 0.000000
4935.348942 0.000000
4935.397471 0.000000
4935.446001 0.000000
4935.494530 0.000000
4935.543060 0.000000
4935.591589 0.000000
4935.640119 0.000000
4935.688649 0.000000
4935.737178 0.000000
4935.785708 0.000000
4935.834237 0.000000
4935.882767 0.000000
4935.931296 0.000000
4935.979826 0.000000
4936.028355 0.000000
4936.076885 0.000000
4936.125415 0.000000
4936.173944 0.000000
4936.222474 0.000000
4936.271003 0.000000
4936.319533 0.000000
4936.368062 0.000000
4936.416592 0.000000
4936.465121 0.000000
4936.513651 0.000000
4936.562181 0.000000
4936.610710 0.000000
4936.659240 0.000000
4936.707769 0.000000
4936.756299 0.000000
4936.804828 0.000000
4936.853358 0.000000
4936.901887 0.000000
4936.950417 0.000000
4936.998947 0.000000
4937.047476 0.000000
4937.096006 0.000000
4937.144535 0.000000
4937.193065 0.000000
4937.241594 0.000000
4937.290124 0.000000
4937.338653 0.000000
4937.387183 0.000000
4937.435713 0.000000
4937.484242 0.000000
4937.532772 0.000000
4937.581301 0.000000
4937.629831 0.000000
4937.678360 0.000000
4937.726890 0.000000
4937.775419 0.000000
4937.823949 0.000000
4937.872479 0.000000
4937.921008 0.000000
4937.969538 0.000000
4938.018067 0.000000
4938.066597 0.000000
4938.115126 0.000000
4938.163656 0.000000
4938.212185 0.000000
4938.260715 0.000000
4938.309245 0.000000
4938.357774 0.000000
4938.406304 0.000000
4938.454833 0.000000
4938.503363 0.000000
4938.551892 0.000000
4938.600422 0.000000
4938.648951 0.000000
4938.697481 0.000000
4938.746011 0.000000
4938.794540 0.000000
4938.843070 0.000000
4938.891599 0.000000
4938.940129 0.000000
4938.988658 0.000000
4939.037188 0.000000
4939.085717 0.000000
4939.134247 0.000000
4939.182777 0.000000
4939.231306 0.000000
4939.279836 0.000000
4939.328365 0.000000
4939.376895 0.000000
4939.425424 0.000000
4939.473954 0.000000
4939.522483 0.000000
4939.571013 0.000000
4939.619543 0.000000
4939.668072 0.000000
4939.716602 0.000000
4939.765131 0.000000
4939.813661 0.000000
4939.862190 0.000000
4939.910720 0.000000
4939.959249 0.000000
4940.007779 0.000000
4940.056309 0.000000
4940.104838 0.000000
4940.153368 0.000000
4940.201897 0.000000
4940.250427 0.000000
4940.298956 0.000000
4940.347486 0.000000
4940.396015 0.000000
4940.444545 0.000000
4940.493074 0.000000
4940.541604 0.000000
4940.590134 0.000000
4940.638663 0.000000
4940.687193 0.000000
4940.735722 0.000000
4940.784252 0.000000
4940.832781 0.000000
4940.881311 0.000000
4940.929840 0.000000
4940.978370 0.000000
4941.026900 0.000000
4941.075429 0.000000
4941.123959 0.000000
4941.172488 0.000000
4941.221018 0.000000
4941.269547 0.000000
4941.318077 0.000000
4941.366606 0.000000
4941.415136 0.000000
4941.463666 0.000000
4941.512195 0.000000
4941.560725 0.000000
4941.609254 0.000000
4941.657784 0.000000
4941.706313 0.000000
4941.754843 0.000000
4941.803372 0.000000
4941.851902 0.000000
4941.900432 0.000000
4941.948961 0.000000
4941.997491 0.000000
4942.046020 0.000000
4942.094550 0.000000
4942.143079 0.000000
4942.191609 0.000000
4942.240138 0.000000
4942.288668 0.000000
4942.337198 0.000000
4942.385727 0.000000
4942.434257 0.000000
4942.482786 0.000000
4942.531316 0.000000
4942.579845 0.000000
4942.628375 0.000000
4942.676904 0.000000
4942.725434 0.000000
4942.773964 0.000000
4942.822493 0.000000
4942.871023 0.000000
4942.919552 0.000000
4942.968082 0.000000
4943.016611 0.000000
4943.065141 0.000000
4943.113670 0.000000
4943.162200 0.000000
4943.210730 0.000000
4943.259259 0.000000
4943.307789 0.000000
4943.356318 0.000000
4943.404848 0.000000
4943.453377 0.000000
4943.501907 0.000000
4943.550436 0.000000
4943.598966 0.000000
4943.647496 0.000000
4943.696025 0.000000
4943.744555 0.000000
4943.793084 0.000000
4943.841614 0.000000
4943.890143 0.000000
4943.938673 0.000000
4943.987202 0.000000
4944.035732 0.000000
4944.084262 0.000000
4944.132791 0.000000
4944.181321 0.000000
4944.229850 0.000000
4944.278380 0.000000
4944.326909 0.000000
4944.375439 0.000000
4944.423968 0.000000
4944.472498 0.000000
4944.521028 0.000000
4944.569557 0.000000
4944.618087 0.000000
4944.666616 0.000000
4944.715146 0.000000
4944.763675 0.000000
4944.812205 0.000000
4944.860734 0.000000
4944.909264 0.000000
4944.957794 0.000000
4945.006323 0.000000
4945.054853 0.000000
4945.103382 0.000000
4945.151912 0.000000
4945.200441 0.000000
4945.248971 0.000000
4945.297500 0.000000
4945.346030 0.000000
4945.394559 0.000000
4945.443089 0.000000
4945.491619 0.000000
4945.540148 0.000000
4945.588678 0.000000
4945.637207 0.000000
4945.685737 0.000000
4945.734266 0.000000
4945.782796 0.000000
4945.831325 0.000000
4945.879855 0.000000
4945.928385 0.000000
4945.976914 0.000000
4946.025444 0.000000
4946.073973 0.000000
4946.122503 0.000000
4946.171032 0.000000
4946.219562 0.000000
4946.268091 0.000000
4946.316621 0.000000
4946.365151 0.000000
4946.413680 0.000000
4946.462210 0.000000
4946.510739 0.000000
4946.559269 0.000000
4946.607798 0.000000
4946.656328 0.000000
4946.704857 0.000000
4946.753387 0.000000
4946.801917 0.000000
4946.850446 0.000000
4946.898976 0.000000
4946.947505 0.000000
4946.996035 0.000000
4947.044564 0.000000
4947.093094 0.000000
4947.141623 0.000000
4947.190153 0.000000
4947.238683 0.000000
4947.287212 0.000000
4947.335742 0.000000
4947.384271 0.000000
4947.432801 0.000000
4947.481330 0.000000
4947.529860 0.000000
4947.578389 0.000000
4947.626919 0.000000
4947.675449 0.000000
4947.723978 0.000000
4947.772508 0.000000
4947.821037 0.000000
4947.869567 0.000000
4947.918096 0.000000
4947.966626 0.000000
4948.015155 0.000000
4948.063685 0.000000
4948.112215 0.000000
4948.160744 0.000000
4948.209274 0.000000
4948.257803 0.000000
4948.306333 0.000000
4948.354862 0.000000
4948.403392 0.000000
4948.451921 0.000000
4948.500451 0.000000
4948.548981 0.000000
4948.597510 0.000000
4948.646040 0.000000
4948.694569 0.000000
4948.743099 0.000000
4948.791628 0.000000
4948.840158 0.000000
4948.888687 0.000000
4948.937217 0.000000
4948.985747 0.000000
4949.034276 0.000000
4949.082806 0.000000
4949.131335 0.000000
4949.179865 0.000000
4949.228394 0.000000
4949.276924 0.000000
4949.325453 0.000000
4949.373983 0.000000
4949.422513 0.000000
4949.471042 0.000000
4949.519572 0.000000
4949.568101 0.000000
4949.616631 0.000000
4949.665160 0.000000
4949.713690 0.000000
4949.762219 0.000000
4949.810749 0.000000
4949.859279 0.000000
4949.907808 0.000000
4949.956338 0.000000
4950.004867 0.000000
4950.053397 0.000000
4950.101926 0.000000
4950.150456 0.000000
4950.198985 0.000000
4950.247515 0.000000
4950.296045 0.000000
4950.344574 0.000000
4950.393104 0.000000
4950.441633 0.000000
4950.490163 0.000000
4950.538692 0.000000
4950.587222 0.000000
4950.635751 0.000000
4950.684281 0.000000
4950.732810 0.000000
4950.781340 0.000000
4950.829870 0.000000
4950.878399 0.000000
4950.926929 0.000000
4950.975458 0.000000
4951.023988 0.000000
4951.072517 0.000000
4951.121047 0.000000
4951.169576 0.000000
4951.218106 0.000000
4951.266636 0.000000
4951.315165 0.000000
4951.363695 0.000000
4951.412224 0.000000
4951.460754 0.000000
4951.509283 0.000000
4951.557813 0.000000
4951.606342 0.000000
4951.654872 0.000000
4951.703402 0.000000
4951.751931 0.000000
4951.800461 0.000000
4951.848990 0.000000
4951.897520 0.000000
4951.946049 0.000000
4951.994579 0.000000
4952.043108 0.000000
4952.091638 0.000000
4952.140168 0.000000
4952.188697 0.000000
4952.237227 0.000000
4952.285756 0.000000
4952.334286 0.000000
4952.382815 0.000000
4952.431345 0.000000
4952.479874 0.000000
4952.528404 0.000000
4952.576934 0.000000
4952.625463 0.000000
4952.673993 0.000000
4952.722522 0.000000
4952.771052 0.000000
4952.819581 0.000000
4952.868111 0.000000
4952.916640 0.000000
4952.965170 0.000000
4953.013700 0.000000
4953.062229 0.000000
4953.110759 0.000000
4953.159288 0.000000
4953.207818 0.000000
4953.256347 0.000000
4953.304877 0.000000
4953.353406 0.000000
4953.401936 0.000000
4953.450466 0.000000
4953.498995 0.000000
4953.547525 0.000000
4953.596054 0.000000
4953.644584 0.000000
4953.693113 0.000000
4953.741643 0.000000
4953.790172 0.000000
4953.838702 0.000000
4953.887232 0.000000
4953.935761 0.000000
4953.984291 0.000000
4954.032820 0.000000
4954.081350 0.000000
4954.129879 0.000000
4954.178409 0.000000
4954.226938 0.000000
4954.275468 0.000000
4954.323998 0.000000
4954.372527 0.000000
4954.421057 0.000000
4954.469586 0.000000
4954.518116 0.000000
4954.566645 0.000000
4954.615175 0.000000
4954.663704 0.000000
4954.712234 0.000000
4954.760764 0.000000
4954.809293 0.000000
4954.857823 0.000000
4954.906352 0.000000
4954.954882 0.000000
4955.003411 0.000000
4955.051941 0.000000
4955.100470 0.000000
4955.149000 0.000000
4955.197530 0.000000
4955.246059 0.000000
4955.294589 0.000000
4955.343118 0.000000
4955.391648 0.000000
4955.440177 0.000000
4955.488707 0.000000
4955.537236 0.000000
4955.585766 0.000000
4955.634295 0.000000
4955.682825 0.000000
4955.731355 0.000000
4955.779884 0.000000
4955.828414 0.000000
4955.876943 0.000000
4955.925473 0.000000
4955.974002 0.000000
4956.022532 0.000000
4956.071061 0.000000
4956.119591 0.000000
4956.168121 0.000000
4956.216650 0.000000
4956.265180 0.000000
4956.313709 0.000000
4956.362239 0.000000
4956.410768 0.000000
4956.459298 0.000000
4956.507827 0.000000
4956.556357 0.000000
4956.604887 0.000000
4956.653416 0.000000
4956.701946 0.000000
4956.750475 0.000000
4956.799005 0.000000
4956.847534 0.000000
4956.896064 0.000000
4956.944593 0.000000
4956.993123 0.000000
4957.041653 0.000000
4957.090182 0.000000
4957.138712 0.000000
4957.187241 0.000000
4957.235771 0.000000
4957.284300 0.000000
4957.332830 0.000000
4957.381359 0.000000
4957.429889 0.000000
4957.478419 0.000000
4957.526948 0.000000
4957.575478 0.000000
4957.624007 0.000000
4957.672537 0.000000
4957.721066 0.000000
4957.769596 0.000000
4957.818125 0.000000
4957.866655 0.000000
4957.915185 0.000000
4957.963714 0.000000
4958.012244 0.000000
4958.060773 0.000000
4958.109303 0.000000
4958.157832 0.000000
4958.206362 0.000000
4958.254891 0.000000
4958.303421 0.000000
4958.351951 0.000000
4958.400480 0.000000
4958.449010 0.000000
4958.497539 0.000000
4958.546069 0.000000
4958.594598 0.000000
4958.643128 0.000000
4958.691657 0.000000
4958.740187 0.000000
4958.788717 0.000000
4958.837246 0.000000
4958.885776 0.000000
4958.934305 0.000000
4958.982835 0.000000
4959.031364 0.000000
4959.079894 0.000000
4959.128423 0.000000
4959.176953 0.000000
4959.225483 0.000000
4959.274012 0.000000
4959.322542 0.000000
4959.371071 0.000000
4959.419601 0.000000
4959.468130 0.000000
4959.516660 0.000000
4959.565189 0.000000
4959.613719 0.000000
4959.662249 0.000000
4959.710778 0.000000
4959.759308 0.000000
4959.807837 0.000000
4959.856367 0.000000
4959.904896 0.000000
4959.953426 0.000000
4960.001955 0.000000
4960.050485 0.000000
4960.099015 0.000000
4960.147544 0.000000
4960.196074 0.000000
4960.244603 0.000000
4960.293133 0.000000
4960.341662 0.000000
4960.390192 0.000000
4960.438721 0.000000
4960.487251 0.000000
4960.535780 0.000000
4960.584310 0.000000
4960.632840 0.000000
4960.681369 0.000000
4960.729899 0.000000
4960.778428 0.000000
4960.826958 0.000000
4960.875487 0.000000
4960.924017 0.000000
4960.972546 0.000000
4961.021076 0.000000
4961.069606 0.000000
4961.118135 0.000000
4961.166665 0.000000
4961.215194 0.000000
4961.263724 0.000000
4961.312253 0.000000
4961.360783 0.000000
4961.409312 0.000000
4961.457842 0.000000
4961.506372 0.000000
4961.554901 0.000000
4961.603431 0.000000
4961.651960 0.000000
4961.700490 0.000000
4961.749019 0.000000
4961.797549 0.000000
4961.846078 0.000000
4961.894608 0.000000
4961.943138 0.000000
4961.991667 0.000000
4962.040197 0.000000
4962.088726 0.000000
4962.137256 0.000000
4962.185785 0.000000
4962.234315 0.000000
4962.282844 0.000000
4962.331374 0.000000
4962.379904 0.000000
4962.428433 0.000000
4962.476963 0.000000
4962.525492 0.000000
4962.574022 0.000000
4962.622551 0.000000
4962.671081 0.000000
4962.719610 0.000000
4962.768140 0.000000
4962.816670 0.000000
4962.865199 0.000000
4962.913729 0.000000
4962.962258 0.000000
4963.010788 0.000000
4963.059317 0.000000
4963.107847 0.000000
4963.156376 0.000000
4963.204906 0.000000
4963.253436 0.000000
4963.301965 0.000000
4963.350495 0.000000
4963.399024 0.000000
4963.447554 0.000000
4963.496083 0.000000
4963.544613 0.000000
4963.593142 0.000000
4963.641672 0.000000
4963.690202 0.000000
4963.738731 0.000000
4963.787261 0.000000
4963.835790 0.000000
4963.884320 0.000000
4963.932849 0.000000
4963.981379 0.000000
4964.029908 0.000000
4964.078438 0.000000
4964.126968 0.000000
4964.175497 0.000000
4964.224027 0.000000
4964.272556 0.000000
4964.321086 0.000000
4964.369615 0.000000
4964.418145 0.000000
4964.466674 0.000000
4964.515204 0.000000
4964.563734 0.000000
4964.612263 0.000000
4964.660793 0.000000
4964.709322 0.000000
4964.757852 0.000000
4964.806381 0.000000
4964.854911 0.000000
4964.903440 0.000000
4964.951970 0.000000
4965.000500 0.000000
4965.049029 0.000000
4965.097559 0.000000
4965.146088 0.000000
4965.194618 0.000000
4965.243147 0.000000
4965.291677 0.000000
4965.340206 0.000000
4965.388736 0.000000
4965.437266 0.000000
4965.485795 0.000000
4965.534325 0.000000
4965.582854 0.000000
4965.631384 0.000000
4965.679913 0.000000
4965.728443 0.000000
4965.776972 0.000000
4965.825502 0.000000
4965.874031 0.000000
4965.922561 0.000000
4965.971091 0.000000
4966.019620 0.000000
4966.068150 0.000000
4966.116679 0.000000
4966.165209 0.000000
4966.213738 0.000000
4966.262268 0.000000
4966.310797 0.000000
4966.359327 0.000000
4966.407857 0.000000
4966.456386 0.000000
4966.504916 0.000000
4966.553445 0.000000
4966.601975 0.000000
4966.650504 0.000000
4966.699034 0.000000
4966.747563 0.000000
4966.796093 0.000000
4966.844623 0.000000
4966.893152 0.000000
4966.941682 0.000000
4966.990211 0.000000
4967.038741 0.000000
4967.087270 0.000000
4967.135800 0.000000
4967.184329 0.000000
4967.232859 0.000000
4967.281389 0.000000
4967.329918 0.000000
4967.378448 0.000000
4967.426977 0.000000
4967.475507 0.000000
4967.524036 0.000000
4967.572566 0.000000
4967.621095 0.000000
4967.669625 0.000000
4967.718155 0.000000
4967.766684 0.000000
4967.815214 0.000000
4967.863743 0.000000
4967.912273 0.000000
4967.960802 0.000000
4968.009332 0.000000
4968.057861 0.000000
4968.106391 0.000000
4968.154921 0.000000
4968.203450 0.000000
4968.251980 0.000000
4968.300509 0.000000
4968.349039 0.000000
4968.397568 0.000000
4968.446098 0.000000
4968.494627 0.000000
4968.543157 0.000000
4968.591687 0.000000
4968.640216 0.000000
4968.688746 0.000000
4968.737275 0.000000
4968.785805 0.000000
4968.834334 0.000000
4968.882864 0.000000
4968.931393 0.000000
4968.979923 0.000000
4969.028453 0.000000
4969.076982 0.000000
4969.125512 0.000000
4969.174041 0.000000
4969.222571 0.000000
4969.271100 0.000000
4969.319630 0.000000
4969.368159 0.000000
4969.416689 0.000000
4969.465219 0.000000
4969.513748 0.000000
4969.562278 0.000000
4969.610807 0.000000
4969.659337 0.000000
4969.707866 0.000000
4969.756396 0.000000
4969.804925 0.000000
4969.853455 0.000000
4969.901985 0.000000
4969.950514 0.000000
4969.999044 0.000000
4970.047573 0.000000
4970.096103 0.000000
4970.144632 0.000000
4970.193162 0.000000
4970.241691 0.000000
4970.290221 0.000000
4970.338751 0.000000
4970.387280 0.000000
4970.435810 0.000000
4970.484339 0.000000
4970.532869 0.000000
4970.581398 0.000000
4970.629928 0.000000
4970.678457 0.000000
4970.726987 0.000000
4970.775516 0.000000
4970.824046 0.000000
4970.872576 0.000000
4970.921105 0.000000
4970.969635 0.000000
4971.018164 0.000000
4971.066694 0.000000
4971.115223 0.000000
4971.163753 0.000000
4971.212282 0.000000
4971.260812 0.000000
4971.309342 0.000000
4971.357871 0.000000
4971.406401 0.000000
4971.454930 0.000000
4971.503460 0.000000
4971.551989 0.000000
4971.600519 0.000000
4971.649048 0.000000
4971.697578 0.000000
4971.746108 0.000000
4971.794637 0.000000
4971.843167 0.000000
4971.891696 0.000000
4971.940226 0.000000
4971.988755 0.000000
4972.037285 0.000000
4972.085814 0.000000
4972.134344 0.000000
4972.182874 0.000000
4972.231403 0.000000
4972.279933 0.000000
4972.328462 0.000000
4972.376992 0.000000
4972.425521 0.000000
4972.474051 0.000000
4972.522580 0.000000
4972.571110 0.000000
4972.619640 0.000000
4972.668169 0.000000
4972.716699 0.000000
4972.765228 0.000000
4972.813758 0.000000
4972.862287 0.000000
4972.910817 0.000000
4972.959346 0.000000
4973.007876 0.000000
4973.056406 0.000000
4973.104935 0.000000
4973.153465 0.000000
4973.201994 0.000000
4973.250524 0.000000
4973.299053 0.000000
4973.347583 0.000000
4973.396112 0.000000
4973.444642 0.000000
4973.493172 0.000000
4973.541701 0.000000
4973.590231 0.000000
4973.638760 0.000000
4973.687290 0.000000
4973.735819 0.000000
4973.784349 0.000000
4973.832878 0.000000
4973.881408 0.000000
4973.929938 0.000000
4973.978467 0.000000
4974.026997 0.000000
4974.075526 0.000000
4974.124056 0.000000
4974.172585 0.000000
4974.221115 0.000000
4974.269644 0.000000
4974.318174 0.000000
4974.366704 0.000000
4974.415233 0.000000
4974.463763 0.000000
4974.512292 0.000000
4974.560822 0.000000
4974.609351 0.000000
4974.657881 0.000000
4974.706410 0.000000
4974.754940 0.000000
4974.803470 0.000000
4974.851999 0.000000
4974.900529 0.000000
4974.949058 0.000000
4974.997588 0.000000
4975.046117 0.000000
4975.094647 0.000000
4975.143176 0.000000
4975.191706 0.000000
4975.240236 0.000000
4975.288765 0.000000
4975.337295 0.000000
4975.385824 0.000000
4975.434354 0.000000
4975.482883 0.000000
4975.531413 0.000000
4975.579942 0.000000
4975.628472 0.000000
4975.677002 0.000000
4975.725531 0.000000
4975.774061 0.000000
4975.822590 0.000000
4975.871120 0.000000
4975.919649 0.000000
4975.968179 0.000000
4976.016708 0.000000
4976.065238 0.000000
4976.113767 0.000000
4976.162297 0.000000
4976.210827 0.000000
4976.259356 0.000000
4976.307886 0.000000
4976.356415 0.000000
4976.404945 0.000000
4976.453474 0.000000
4976.502004 0.000000
4976.550533 0.000000
4976.599063 0.000000
4976.647593 0.000000
4976.696122 0.000000
4976.744652 0.000000
4976.793181 0.000000
4976.841711 0.000000
4976.890240 0.000000
4976.938770 0.000000
4976.987299 0.000000
4977.035829 0.000000
4977.084359 0.000000
4977.132888 0.000000
4977.181418 0.000000
4977.229947 0.000000
4977.278477 0.000000
4977.327006 0.000000
4977.375536 0.000000
4977.424065 0.000000
4977.472595 0.000000
4977.521125 0.000000
4977.569654 0.000000
4977.618184 0.000000
4977.666713 0.000000
4977.715243 0.000000
4977.763772 0.000000
4977.812302 0.000000
4977.860831 0.000000
4977.909361 0.000000
4977.957891 0.000000
4978.006420 0.000000
4978.054950 0.000000
4978.103479 0.000000
4978.152009 0.000000
4978.200538 0.000000
4978.249068 0.000000
4978.297597 0.000000
4978.346127 0.000000
4978.394657 0.000000
4978.443186 0.000000
4978.491716 0.000000
4978.540245 0.000000
4978.588775 0.000000
4978.637304 0.000000
4978.685834 0.000000
4978.734363 0.000000
4978.782893 0.000000
4978.831423 0.000000
4978.879952 0.000000
4978.928482 0.000000
4978.977011 0.000000
4979.025541 0.000000
4979.074070 0.000000
4979.122600 0.000000
4979.171129 0.000000
4979.219659 0.000000
4979.268189 0.000000
4979.316718 0.000000
4979.365248 0.000000
4979.413777 0.000000
4979.462307 0.000000
4979.510836 0.000000
4979.559366 0.000000
4979.607895 0.000000
4979.656425 0.000000
4979.704955 0.000000
4979.753484 0.000000
4979.802014 0.000000
4979.850543 0.000000
4979.899073 0.000000
4979.947602 0.000000
4979.996132 0.000000
4980.044661 0.000000
4980.093191 0.000000
4980.141721 0.000000
4980.190250 0.000000
4980.238780 0.000000
4980.287309 0.000000
4980.335839 0.000000
4980.384368 0.000000
4980.432898 0.000000
4980.481427 0.000000
4980.529957 0.000000
4980.578487 0.000000
4980.627016 0.000000
4980.675546 0.000000
4980.724075 0.000000
4980.772605 0.000000
4980.821134 0.000000
4980.869664 0.000000
4980.918193 0.000000
4980.966723 0.000000
4981.015252 0.000000
4981.063782 0.000000
4981.112312 0.000000
4981.160841 0.000000
4981.209371 0.000000
4981.257900 0.000000
4981.306430 0.000000
4981.354959 0.000000
4981.403489 0.000000
4981.452018 0.000000
4981.500548 0.000000
4981.549078 0.000000
4981.597607 0.000000
4981.646137 0.000000
4981.694666 0.000000
4981.743196 0.000000
4981.791725 0.000000
4981.840255 0.000000
4981.888784 0.000000
4981.937314 0.000000
4981.985844 0.000000
4982.034373 0.000000
4982.082903 0.000000
4982.131432 0.000000
4982.179962 0.000000
4982.228491 0.000000
4982.277021 0.000000
4982.325550 0.000000
4982.374080 0.000000
4982.422610 0.000000
4982.471139 0.000000
4982.519669 0.000000
4982.568198 0.000000
4982.616728 0.000000
4982.665257 0.000000
4982.713787 0.000000
4982.762316 0.000000
4982.810846 0.000000
4982.859376 0.000000
4982.907905 0.000000
4982.956435 0.000000
4983.004964 0.000000
4983.053494 0.000000
4983.102023 0.000000
4983.150553 0.000000
4983.199082 0.000000
4983.247612 0.000000
4983.296142 0.000000
4983.344671 0.000000
4983.393201 0.000000
4983.441730 0.000000
4983.490260 0.000000
4983.538789 0.000000
4983.587319 0.000000
4983.635848 0.000000
4983.684378 0.000000
4983.732908 0.000000
4983.781437 0.000000
4983.829967 0.000000
4983.878496 0.000000
4983.927026 0.000000
4983.975555 0.000000
4984.024085 0.000000
4984.072614 0.000000
4984.121144 0.000000
4984.169674 0.000000
4984.218203 0.000000
4984.266733 0.000000
4984.315262 0.000000
4984.363792 0.000000
4984.412321 0.000000
4984.460851 0.000000
4984.509380 0.000000
4984.557910 0.000000
4984.606440 0.000000
4984.654969 0.000000
4984.703499 0.000000
4984.752028 0.000000
4984.800558 0.000000
4984.849087 0.000000
4984.897617 0.000000
4984.946146 0.000000
4984.994676 0.000000
4985.043206 0.000000
4985.091735 0.000000
4985.140265 0.000000
4985.188794 0.000000
4985.237324 0.000000
4985.285853 0.000000
4985.334383 0.000000
4985.382912 0.000000
4985.431442 0.000000
4985.479972 0.000000
4985.528501 0.000000
4985.577031 0.000000
4985.625560 0.000000
4985.674090 0.000000
4985.722619 0.000000
4985.771149 0.000000
4985.819678 0.000000
4985.868208 0.000000
4985.916738 0.000000
4985.965267 0.000000
4986.013797 0.000000
4986.062326 0.000000
4986.110856 0.000000
4986.159385 0.000000
4986.207915 0.000000
4986.256444 0.000000
4986.304974 0.000000
4986.353503 0.000000
4986.402033 0.000000
4986.450563 0.000000
4986.499092 0.000000
4986.547622 0.000000
4986.596151 0.000000
4986.644681 0.000000
4986.693210 0.000000
4986.741740 0.000000
4986.790269 0.000000
4986.838799 0.000000
4986.887329 0.000000
4986.935858 0.000000
4986.984388 0.000000
4987.032917 0.000000
4987.081447 0.000000
4987.129976 0.000000
4987.178506 0.000000
4987.227035 0.000000
4987.275565 0.000000
4987.324095 0.000000
4987.372624 0.000000
4987.421154 0.000000
4987.469683 0.000001
4987.518213 0.000001
4987.566742 0.000001
4987.615272 0.000001
4987.663801 0.000001
4987.712331 0.000001
4987.760861 0.000001
4987.809390 0.000001
4987.857920 0.000001
4987.906449 0.000001
4987.954979 0.000001
4988.003508 0.000001
4988.052038 0.000001
4988.100567 0.000001
4988.149097 0.000001
4988.197627 0.000002
4988.246156 0.000002
4988.294686 0.000002
4988.343215 0.000002
4988.391745 0.000002
4988.440274 0.000002
4988.488804 0.000002
4988.537333 0.000002
4988.585863 0.000003
4988.634393 0.000003
4988.682922 0.000003
4988.731452 0.000003
4988.779981 0.000003
4988.828511 0.000004
4988.877040 0.000004
4988.925570 0.000004
4988.974099 0.000004
4989.022629 0.000005
4989.071159 0.000005
4989.119688 0.000005
4989.168218 0.000006
4989.216747 0.000006
4989.265277 0.000007
4989.313806 0.000007
4989.362336 0.000007
4989.410865 0.000008
4989.459395 0.000008
4989.507925 0.000009
4989.556454 0.000010
4989.604984 0.000010
4989.653513 0.000011
4989.702043 0.000012
4989.750572 0.000012
4989.799102 0.000013
4989.847631 0.000014
4989.896161 0.000015
4989.944691 0.000016
4989.993220 0.000017
4990.041750 0.000018
4990.090279 0.000019
4990.138809 0.000021
4990.187338 0.000022
4990.235868 0.000023
4990.284397 0.000025
4990.332927 0.000026
4990.381457 0.000028
4990.429986 0.000030
4990.478516 0.000031
4990.527045 0.000033
4990.575575 0.000035
4990.624104 0.000038
4990.672634 0.000040
4990.721163 0.000042
4990.769693 0.000045
4990.818223 0.000048
4990.866752 0.000051
4990.915282 0.000054
4990.963811 0.000057
4991.012341 0.000061
4991.060870 0.000064
4991.109400 0.000068
4991.157929 0.000072
4991.206459 0.000076
4991.254988 0.000081
4991.303518 0.000086
4991.352048 0.000091
4991.400577 0.000096
4991.449107 0.000102
4991.497636 0.000108
4991.546166 0.000114
4991.594695 0.000121
4991.643225 0.000128
4991.691754 0.000135
4991.740284 0.000143
4991.788814 0.000151
4991.837343 0.000159
4991.885873 0.000169
4991.934402 0.000178
4991.982932 0.000188
4992.031461 0.000199
4992.079991 0.000210
4992.128520 0.000222
4992.177050 0.000234
4992.225580 0.000247
4992.274109 0.000261
4992.322639 0.000275
4992.371168 0.000290
4992.419698 0.000306
4992.468227 0.000323
4992.516757 0.000341
4992.565286 0.000359
4992.613816 0.000379
4992.662346 0.000399
4992.710875 0.000420
4992.759405 0.000443
4992.807934 0.000467
4992.856464 0.000492
4992.904993 0.000518
4992.953523 0.000545
4993.002052 0.000574
4993.050582 0.000604
4993.099112 0.000635
4993.147641 0.000668
4993.196171 0.000703
4993.244700 0.000739
4993.293230 0.000777
4993.341759 0.000817
4993.390289 0.000859
4993.438818 0.000903
4993.487348 0.000949
4993.535878 0.000997
4993.584407 0.001047
4993.632937 0.001100
4993.681466 0.001155
4993.729996 0.001212
4993.778525 0.001273
4993.827055 0.001336
4993.875584 0.001401
4993.924114 0.001470
4993.972644 0.001542
4994.021173 0.001617
4994.069703 0.001696
4994.118232 0.001778
4994.166762 0.001864
4994.215291 0.001953
4994.263821 0.002046
4994.312350 0.002144
4994.360880 0.002246
4994.409410 0.002352
4994.457939 0.002463
4994.506469 0.002578
4994.554998 0.002699
4994.603528 0.002824
4994.652057 0.002955
4994.700587 0.003091
4994.749116 0.003234
4994.797646 0.003382
4994.846176 0.003536
4994.894705 0.003697
4994.943235 0.003864
4994.991764 0.004038
4995.040294 0.004219
4995.088823 0.004408
4995.137353 0.004604
4995.185882 0.004808
4995.234412 0.005021
4995.282942 0.005241
4995.331471 0.005471
4995.380001 0.005709
4995.428530 0.005957
4995.477060 0.006215
4995.525589 0.006482
4995.574119 0.006760
4995.622648 0.007049
4995.671178 0.007349
4995.719708 0.007660
4995.768237 0.007983
4995.816767 0.008318
4995.865296 0.008665
4995.913826 0.009026
4995.962355 0.009399
4996.010885 0.009787
4996.059414 0.010189
4996.107944 0.010606
4996.156474 0.011037
4996.205003 0.011484
4996.253533 0.011948
4996.302062 0.012427
4996.350592 0.012924
4996.399121 0.013439
4996.447651 0.013971
4996.496180 0.014522
4996.544710 0.015092
4996.593239 0.015682
4996.641769 0.016292
4996.690299 0.016923
4996.738828 0.017575
4996.787358 0.018249
4996.835887 0.018946
4996.884417 0.019666
4996.932946 0.020410
4996.981476 0.021178
4997.030005 0.021972
4997.078535 0.022791
4997.127065 0.023637
4997.175594 0.024510
4997.224124 0.025411
4997.272653 0.026340
4997.321183 0.027299
4997.369712 0.028288
4997.418242 0.029308
4997.466771 0.030359
4997.515301 0.031443
4997.563831 0.032559
4997.612360 0.033710
4997.660890 0.034895
4997.709419 0.036116
4997.757949 0.037373
4997.806478 0.038667
4997.855008 0.039999
4997.903537 0.041371
4997.952067 0.042782
4998.000597 0.044233
4998.049126 0.045726
4998.097656 0.047262
4998.146185 0.048840
4998.194715 0.050463
4998.243244 0.052131
4998.291774 0.053845
4998.340303 0.055606
4998.388833 0.057415
4998.437363 0.059272
4998.485892 0.061180
4998.534422 0.063138
4998.582951 0.065148
4998.631481 0.067211
4998.680010 0.069327
4998.728540 0.071498
4998.777069 0.073725
4998.825599 0.076008
4998.874129 0.078349
4998.922658 0.080748
4998.971188 0.083207
4999.019717 0.085726
4999.068247 0.088307
4999.116776 0.090951
4999.165306 0.093658
4999.213835 0.096430
4999.262365 0.099267
4999.310895 0.102171
4999.359424 0.105142
4999.407954 0.108182
4999.456483 0.111291
4999.505013 0.114470
4999.553542 0.117721
4999.602072 0.121045
4999.650601 0.124441
4999.699131 0.127912
4999.747661 0.131458
4999.796190 0.135080
4999.844720 0.138779
4999.893249 0.142556
4999.941779 0.146412
4999.990308 0.150348
5000.038838 0.154364
5000.087367 0.158461
5000.135897 0.162640
5000.184427 0.166903
5000.232956 0.171250
5000.281486 0.175681
5000.330015 0.180197
5000.378545 0.184800
5000.427074 0.189489
5000.475604 0.194266
5000.524133 0.199131
5000.572663 0.204085
5000.621193 0.209128
5000.669722 0.214262
5000.718252 0.219486
5000.766781 0.224802
5000.815311 0.230209
5000.863840 0.235708
5000.912370 0.241300
5000.960899 0.246986
5001.009429 0.252764
5001.057959 0.258637
5001.106488 0.264604
5001.155018 0.270666
5001.203547 0.276822
5001.252077 0.283073
5001.300606 0.289420
5001.349136 0.295862
5001.397665 0.302399
5001.446195 0.309032
5001.494724 0.315761
5001.543254 0.322585
5001.591784 0.329505
5001.640313 0.336521
5001.688843 0.343632
5001.737372 0.350838
5001.785902 0.358139
5001.834431 0.365534
5001.882961 0.373025
5001.931490 0.380609
5001.980020 0.388287
5002.028550 0.396058
5002.077079 0.403922
5002.125609 0.411878
5002.174138 0.419925
5002.222668 0.428064
5002.271197 0.436293
5002.319727 0.444611
5002.368256 0.453018
5002.416786 0.461513
5002.465316 0.470095
5002.513845 0.478763
5002.562375 0.487516
5002.610904 0.496352
5002.659434 0.505272
5002.707963 0.514274
5002.756493 0.523355
5002.805022 0.532517
5002.853552 0.541756
5002.902082 0.551071
5002.950611 0.560462
5002.999141 0.569926
5003.047670 0.579462
5003.096200 0.589069
5003.144729 0.598744
5003.193259 0.608487
5003.241788 0.618295
5003.290318 0.628167
5003.338848 0.638100
5003.387377 0.648093
5003.435907 0.658144
5003.484436 0.668251
5003.532966 0.678411
5003.581495 0.688624
5003.630025 0.698885
5003.678554 0.709195
5003.727084 0.719549
5003.775614 0.729945
5003.824143 0.740382
5003.872673 0.750858
5003.921202 0.761368
5003.969732 0.771912
5004.018261 0.782485
5004.066791 0.793087
5004.115320 0.803714
5004.163850 0.814364
5004.212380 0.825033
5004.260909 0.835719
5004.309439 0.846420
5004.357968 0.857132
5004.406498 0.867852
5004.455027 0.878578
5004.503557 0.889307
5004.552086 0.900035
5004.600616 0.910760
5004.649146 0.921479
5004.697675 0.932188
5004.746205 0.942884
5004.794734 0.953565
5004.843264 0.964227
5004.891793 0.974866
5004.940323 0.985481
5004.988852 0.996066
5005.037382 1.006620
5005.085912 1.017139
5005.134441 1.027619
5005.182971 1.038058
5005.231500 1.048452
5005.280030 1.058797
5005.328559 1.069090
5005.377089 1.079328
5005.425618 1.089508
5005.474148 1.099626
5005.522678 1.109678
5005.571207 1.119662
5005.619737 1.129574
5005.668266 1.139410
5005.716796 1.149167
5005.765325 1.158842
5005.813855 1.168432
5005.862384 1.177932
5005.910914 1.187340
5005.959444 1.196652
5006.007973 1.205865
5006.056503 1.214975
5006.105032 1.223979
5006.153562 1.232875
5006.202091 1.241658
5006.250621 1.250325
5006.299150 1.258874
5006.347680 1.267300
5006.396210 1.275601
5006.444739 1.283773
5006.493269 1.291814
5006.541798 1.299720
5006.590328 1.307488
5006.638857 1.315116
5006.687387 1.322599
5006.735916 1.329936
5006.784446 1.337123
5006.832975 1.344158
5006.881505 1.351037
5006.930035 1.357758
5006.978564 1.364318
5007.027094 1.370714
5007.075623 1.376944
5007.124153 1.383006
5007.172682 1.388896
5007.221212 1.394612
5007.269741 1.400152
5007.318271 1.405514
5007.366801 1.410694
5007.415330 1.415692
5007.463860 1.420504
5007.512389 1.425129
5007.560919 1.429564
5007.609448 1.433808
5007.657978 1.437859
5007.706507 1.441715
5007.755037 1.445374
5007.803567 1.448835
5007.852096 1.452095
5007.900626 1.455154
5007.949155 1.458010
5007.997685 1.460661
5008.046214 1.463107
5008.094744 1.465346
5008.143273 1.467376
5008.191803 1.469198
5008.240333 1.470809
5008.288862 1.472210
5008.337392 1.473399
5008.385921 1.474375
5008.434451 1.475138
5008.482980 1.475688
5008.531510 1.476024
5008.580039 1.476145
5008.628569 1.476051
5008.677099 1.475743
5008.725628 1.475220
5008.774158 1.474482
5008.822687 1.473528
5008.871217 1.472361
5008.919746 1.470978
5008.968276 1.469382
5009.016805 1.467572
5009.065335 1.465549
5009.113865 1.463314
5009.162394 1.460866
5009.210924 1.458208
5009.259453 1.455340
5009.307983 1.452263
5009.356512 1.448977
5009.405042 1.445485
5009.453571 1.441788
5009.502101 1.437886
5009.550631 1.433781
5009.599160 1.429475
5009.647690 1.424969
5009.696219 1.420265
5009.744749 1.415365
5009.793278 1.410270
5009.841808 1.404983
5009.890337 1.399505
5009.938867 1.393839
5009.987397 1.387987
5010.035926 1.381950
5010.084456 1.375732
5010.132985 1.369334
5010.181515 1.362760
5010.230044 1.356011
5010.278574 1.349090
5010.327103 1.342001
5010.375633 1.334745
5010.424163 1.327325
5010.472692 1.319744
5010.521222 1.312006
5010.569751 1.304113
5010.618281 1.296068
5010.666810 1.287874
5010.715340 1.279535
5010.763869 1.271054
5010.812399 1.262433
5010.860929 1.253676
5010.909458 1.244787
5010.957988 1.235769
5011.006517 1.226625
5011.055047 1.217359
5011.103576 1.207975
5011.152106 1.198475
5011.200635 1.188863
5011.249165 1.179144
5011.297695 1.169320
5011.346224 1.159395
5011.394754 1.149374
5011.443283 1.139259
5011.491813 1.129054
5011.540342 1.118763
5011.588872 1.108390
5011.637401 1.097939
5011.685931 1.087414
5011.734460 1.076817
5011.782990 1.066153
5011.831520 1.055426
5011.880049 1.044640
5011.928579 1.033798
5011.977108 1.022904
5012.025638 1.011961
5012.074167 1.000975
5012.122697 0.989947
5012.171226 0.978883
5012.219756 0.967786
5012.268286 0.956659
5012.316815 0.945507
5012.365345 0.934332
5012.413874 0.923139
5012.462404 0.911931
5012.510933 0.900712
5012.559463 0.889486
5012.607992 0.878255
5012.656522 0.867023
5012.705052 0.855795
5012.753581 0.844572
5012.802111 0.833359
5012.850640 0.822160
5012.899170 0.810976
5012.947699 0.799812
5012.996229 0.788671
5013.044758 0.777556
5013.093288 0.766470
5013.141818 0.755416
5013.190347 0.744397
5013.238877 0.733416
5013.287406 0.722476
5013.335936 0.711581
5013.384465 0.700731
5013.432995 0.689932
5013.481524 0.679184
5013.530054 0.668491
5013.578584 0.657855
5013.627113 0.647279
5013.675643 0.636766
5013.724172 0.626317
5013.772702 0.615935
5013.821231 0.605622
5013.869761 0.595380
5013.918290 0.585212
5013.966820 0.575119
5014.015350 0.565104
5014.063879 0.555169
5014.112409 0.545314
5014.160938 0.535543
5014.209468 0.525856
5014.257997 0.516256
5014.306527 0.506744
5014.355056 0.497322
5014.403586 0.487991
5014.452116 0.478752
5014.500645 0.469606
5014.549175 0.460556
5014.597704 0.451601
5014.646234 0.442744
5014.694763 0.433986
5014.743293 0.425326
5014.791822 0.416767
5014.840352 0.408309
5014.888882 0.399952
5014.937411 0.391699
5014.985941 0.383548
5015.034470 0.375501
5015.083000 0.367559
5015.131529 0.359721
5015.180059 0.351989
5015.228588 0.344363
5015.277118 0.336842
5015.325648 0.329427
5015.374177 0.322119
5015.422707 0.314918
5015.471236 0.307823
5015.519766 0.300834
5015.568295 0.293952
5015.616825 0.287177
5015.665354 0.280508
5015.713884 0.273945
5015.762414 0.267489
5015.810943 0.261138
5015.859473 0.254892
5015.908002 0.248751
5015.956532 0.242715
5016.005061 0.236783
5016.053591 0.230955
5016.102120 0.225230
5016.150650 0.219607
5016.199180 0.214087
5016.247709 0.208668
5016.296239 0.203349
5016.344768 0.198130
5016.393298 0.193011
5016.441827 0.187990
5016.490357 0.183067
5016.538886 0.178240
5016.587416 0.173509
5016.635945 0.168874
5016.684475 0.164332
5016.733005 0.159884
5016.781534 0.155528
5016.830064 0.151263
5016.878593 0.147089
5016.927123 0.143004
5016.975652 0.139007
5017.024182 0.135097
5017.072711 0.131273
5017.121241 0.127534
5017.169771 0.123879
5017.218300 0.120307
5017.266830 0.116817
5017.315359 0.113407
5017.363889 0.110077
5017.412418 0.106825
5017.460948 0.103650
5017.509477 0.100551
5017.558007 0.097527
5017.606537 0.094576
5017.655066 0.091698
5017.703596 0.088891
5017.752125 0.086154
5017.800655 0.083486
5017.849184 0.080886
5017.897714 0.078353
5017.946243 0.075884
5017.994773 0.073480
5018.043303 0.071140
5018.091832 0.068860
5018.140362 0.066642
5018.188891 0.064483
5018.237421 0.062383
5018.285950 0.060340
5018.334480 0.058353
5018.383009 0.056421
5018.431539 0.054543
5018.480069 0.052717
5018.528598 0.050944
5018.577128 0.049220
5018.625657 0.047547
5018.674187 0.045921
5018.722716 0.044343
5018.771246 0.042812
5018.819775 0.041325
5018.868305 0.039883
5018.916835 0.038484
5018.965364 0.037127
5019.013894 0.035811
5019.062423 0.034535
5019.110953 0.033299
5019.159482 0.032101
5019.208012 0.030940
5019.256541 0.029816
5019.305071 0.028727
5019.353601 0.027673
5019.402130 0.026652
5019.450660 0.025664
5019.499189 0.024708
5019.547719 0.023784
5019.596248 0.022890
5019.644778 0.022025
5019.693307 0.021189
5019.741837 0.020380
5019.790367 0.019599
5019.838896 0.018845
5019.887426 0.018116
5019.935955 0.017412
5019.984485 0.016732
5020.033014 0.016076
5020.081544 0.015442
5020.130073 0.014831
5020.178603 0.014241
5020.227133 0.013672
5020.275662 0.013124
5020.324192 0.012595
5020.372721 0.012085
5020.421251 0.011593
5020.469780 0.011119
5020.518310 0.010663
5020.566839 0.010224
5020.615369 0.009800
5020.663899 0.009393
5020.712428 0.009001
5020.760958 0.008623
5020.809487 0.008260
5020.858017 0.007911
5020.906546 0.007575
5020.955076 0.007252
5021.003605 0.006941
5021.052135 0.006642
5021.100665 0.006355
5021.149194 0.006079
5021.197724 0.005815
5021.246253 0.005560
5021.294783 0.005316
5021.343312 0.005081
5021.391842 0.004856
5021.440371 0.004640
5021.488901 0.004433
5021.537431 0.004234
5021.585960 0.004044
5021.634490 0.003861
5021.683019 0.003686
5021.731549 0.003518
5021.780078 0.003357
5021.828608 0.003203
5021.877137 0.003055
5021.925667 0.002914
5021.974196 0.002778
5022.022726 0.002649
5022.071256 0.002525
5022.119785 0.002406
5022.168315 0.002292
5022.216844 0.002184
5022.265374 0.002080
5022.313903 0.001981
5022.362433 0.001886
5022.410962 0.001795
5022.459492 0.001708
5022.508022 0.001626
5022.556551 0.001546
5022.605081 0.001471
5022.653610 0.001399
5022.702140 0.001330
5022.750669 0.001264
5022.799199 0.001202
5022.847728 0.001142
5022.896258 0.001085
5022.944788 0.001031
5022.993317 0.000979
5023.041847 0.000929
5023.090376 0.000882
5023.138906 0.000837
5023.187435 0.000795
5023.235965 0.000754
5023.284494 0.000715
5023.333024 0.000678
5023.381554 0.000643
5023.430083 0.000610
5023.478613 0.000578
5023.527142 0.000548
5023.575672 0.000519
5023.624201 0.000492
5023.672731 0.000466
5023.721260 0.000441
5023.769790 0.000418
5023.818320 0.000395
5023.866849 0.000374
5023.915379 0.000354
5023.963908 0.000335
5024.012438 0.000317
5024.060967 0.000300
5024.109497 0.000283
5024.158026 0.000268
5024.206556 0.000253
5024.255086 0.000239
5024.303615 0.000226
5024.352145 0.000214
5024.400674 0.000202
5024.449204 0.000190
5024.497733 0.000180
5024.546263 0.000170
5024.594792 0.000160
5024.643322 0.000151
5024.691852 0.000143
5024.740381 0.000134
5024.788911 0.000127
5024.837440 0.000120
5024.885970 0.000113
5024.934499 0.000106
5024.983029 0.000100
5025.031558 0.000094
5025.080088 0.000089
5025.128618 0.000084
5025.177147 0.000079
5025.225677 0.000074
5025.274206 0.000070
5025.322736 0.000066
5025.371265 0.000062
5025.419795 0.000058
5025.468324 0.000055
5025.516854 0.000051
5025.565384 0.000048
5025.613913 0.000045
5025.662443 0.000043
5025.710972 0.000040
5025.759502 0.000038
5025.808031 0.000035
5025.856561 0.000033
5025.905090 0.000031
5025.953620 0.000029
5026.002150 0.000027
5026.050679 0.000026
5026.099209 0.000024
5026.147738 0.000023
5026.196268 0.000021
5026.244797 0.000020
5026.293327 0.000019
5026.341856 0.000018
5026.390386 0.000016
5026.438916 0.000015
5026.487445 0.000014
5026.535975 0.000013
5026.584504 0.000013
5026.633034 0.000012
5026.681563 0.000011
5026.730093 0.000010
5026.778622 0.000010
5026.827152 0.000009
5026.875681 0.000008
5026.924211 0.000008
5026.972741 0.000007
5027.021270 0.000007
5027.069800 0.000006
5027.118329 0.000006
5027.166859 0.000006
5027.215388 0.000005
5027.263918 0.000005
5027.312447 0.000005
5027.360977 0.000004
5027.409507 0.000004
5027.458036 0.000004
5027.506566 0.000003
5027.555095 0.000003
5027.603625 0.000003
5027.652154 0.000003
5027.700684 0.000003
5027.749213 0.000002
5027.797743 0.000002
5027.846273 0.000002
5027.894802 0.000002
5027.943332 0.000002
5027.991861 0.000002
5028.040391 0.000002
5028.088920 0.000001
5028.137450 0.000001
5028.185979 0.000001
5028.234509 0.000001
5028.283039 0.000001
5028.331568 0.000001
5028.380098 0.000001
5028.428627 0.000001
5028.477157 0.000001
5028.525686 0.000001
5028.574216 0.000001
5028.622745 0.000001
5028.671275 0.000001
5028.719805 0.000001
5028.768334 0.000001
5028.816864 0.000000
5028.865393 0.000000
5028.913923 0.000000
5028.962452 0.000000
5029.010982 0.000000
5029.059511 0.000000
5029.108041 0.000000
5029.156571 0.000000
5029.205100 0.000000
5029.253630 0.000000
5029.302159 0.000000
5029.350689 0.000000
5029.399218 0.000000
5029.447748 0.000000
5029.496277 0.000000
5029.544807 0.000000
5029.593337 0.000000
5029.641866 0.000000
5029.690396 0.000000
5029.738925 0.000000
5029.787455 0.000000
5029.835984 0.000000
5029.884514 0.000000
5029.933043 0.000000
5029.981573 0.000000
5030.030103 0.000000
5030.078632 0.000000
5030.127162 0.000000
5030.175691 0.000000
5030.224221 0.000000
5030.272750 0.000000
5030.321280 0.000000
5030.369809 0.000000
5030.418339 0.000000
5030.466869 0.000000
5030.515398 0.000000
5030.563928 0.000000
5030.612457 0.000000
5030.660987 0.000000
5030.709516 0.000000
5030.758046 0.000000
5030.806575 0.000000
5030.855105 0.000000
5030.903635 0.000000
5030.952164 0.000000
5031.000694 0.000000
5031.049223 0.000000
5031.097753 0.000000
5031.146282 0.000000
5031.194812 0.000000
5031.243341 0.000000
5031.291871 0.000000
5031.340401 0.000000
5031.388930 0.000000
5031.437460 0.000000
5031.485989 0.000000
5031.534519 0.000000
5031.583048 0.000000
5031.631578 0.000000
5031.680107 0.000000
5031.728637 0.000000
5031.777167 0.000000
5031.825696 0.000000
5031.874226 0.000000
5031.922755 0.000000
5031.971285 0.000000
5032.019814 0.000000
5032.068344 0.000000
5032.116873 0.000000
5032.165403 0.000000
5032.213932 0.000000
5032.262462 0.000000
5032.310992 0.000000
5032.359521 0.000000
5032.408051 0.000000
5032.456580 0.000000
5032.505110 0.000000
5032.553639 0.000000
5032.602169 0.000000
5032.650698 0.000000
5032.699228 0.000000
5032.747758 0.000000
5032.796287 0.000000
5032.844817 0.000000
5032.893346 0.000000
5032.941876 0.000000
5032.990405 0.000000
5033.038935 0.000000
5033.087464 0.000000
5033.135994 0.000000
5033.184524 0.000000
5033.233053 0.000000
5033.281583 0.000000
5033.330112 0.000000
5033.378642 0.000000
5033.427171 0.000000
5033.475701 0.000000
5033.524230 0.000000
5033.572760 0.000000
5033.621290 0.000000
5033.669819 0.000000
5033.718349 0.000000
5033.766878 0.000000
5033.815408 0.000000
5033.863937 0.000000
5033.912467 0.000000
5033.960996 0.000000
5034.009526 0.000000
5034.058056 0.000000
5034.106585 0.000000
5034.155115 0.000000
5034.203644 0.000000
5034.252174 0.000000
5034.300703 0.000000
5034.349233 0.000000
5034.397762 0.000000
5034.446292 0.000000
5034.494822 0.000000
5034.543351 0.000000
5034.591881 0.000000
5034.640410 0.000000
5034.688940 0.000000
5034.737469 0.000000
5034.785999 0.000000
5034.834528 0.000000
5034.883058 0.000000
5034.931588 0.000000
5034.980117 0.000000
5035.028647 0.000000
5035.077176 0.000000
5035.125706 0.000000
5035.174235 0.000000
5035.222765 0.000000
5035.271294 0.000000
5035.319824 0.000000
5035.368354 0.000000
5035.416883 0.000000
5035.465413 0.000000
5035.513942 0.000000
5035.562472 0.000000
5035.611001 0.000000
5035.659531 0.000000
5035.708060 0.000000
5035.756590 0.000000
5035.805120 0.000000
5035.853649 0.000000
5035.902179 0.000000
5035.950708 0.000000
5035.999238 0.000000
5036.047767 0.000000
5036.096297 0.000000
5036.144826 0.000000
5036.193356 0.000000
5036.241886 0.000000
5036.290415 0.000000
5036.338945 0.000000
5036.387474 0.000000
5036.436004 0.000000
5036.484533 0.000000
5036.533063 0.000000
5036.581592 0.000000
5036.630122 0.000000
5036.678652 0.000000
5036.727181 0.000000
5036.775711 0.000000
5036.824240 0.000000
5036.872770 0.000000
5036.921299 0.000000
5036.969829 0.000000
5037.018358 0.000000
5037.066888 0.000000
5037.115417 0.000000
5037.163947 0.000000
5037.212477 0.000000
5037.261006 0.000000
5037.309536 0.000000
5037.358065 0.000000
5037.406595 0.000000
5037.455124 0.000000
5037.503654 0.000000
5037.552183 0.000000
5037.600713 0.000000
5037.649243 0.000000
5037.697772 0.000000
5037.746302 0.000000
5037.794831 0.000000
5037.843361 0.000000
5037.891890 0.000000
5037.940420 0.000000
5037.988949 0.000000
5038.037479 0.000000
5038.086009 0.000000
5038.134538 0.000000
5038.183068 0.000000
5038.231597 0.000000
5038.280127 0.000000
5038.328656 0.000000
5038.377186 0.000000
5038.425715 0.000000
5038.474245 0.000000
5038.522775 0.000000
5038.571304 0.000000
5038.619834 0.000000
5038.668363 0.000000
5038.716893 0.000000
5038.765422 0.000000
5038.813952 0.000000
5038.862481 0.000000
5038.911011 0.000000
5038.959541 0.000000
5039.008070 0.000000
5039.056600 0.000000
5039.105129 0.000000
5039.153659 0.000000
5039.202188 0.000000
5039.250718 0.000000
5039.299247 0.000000
5039.347777 0.000000
5039.396307 0.000000
5039.444836 0.000000
5039.493366 0.000000
5039.541895 0.000000
5039.590425 0.000000
5039.638954 0.000000
5039.687484 0.000000
5039.736013 0.000000
5039.784543 0.000000
5039.833073 0.000000
5039.881602 0.000000
5039.930132 0.000000
5039.978661 0.000000
5040.027191 0.000000
5040.075720 0.000000
5040.124250 0.000000
5040.172779 0.000000
5040.221309 0.000000
5040.269839 0.000000
5040.318368 0.000000
5040.366898 0.000000
5040.415427 0.000000
5040.463957 0.000000
5040.512486 0.000000
5040.561016 0.000000
5040.609545 0.000000
5040.658075 0.000000
5040.706605 0.000000
5040.755134 0.000000
5040.803664 0.000000
5040.852193 0.000000
5040.900723 0.000000
5040.949252 0.000000
5040.997782 0.000000
5041.046311 0.000000
5041.094841 0.000000
5041.143371 0.000000
5041.191900 0.000000
5041.240430 0.000000
5041.288959 0.000000
5041.337489 0.000000
5041.386018 0.000000
5041.434548 0.000000
5041.483077 0.000000
5041.531607 0.000000
5041.580137 0.000000
5041.628666 0.000000
5041.677196 0.000000
5041.725725 0.000000
5041.774255 0.000000
5041.822784 0.000000
5041.871314 0.000000
5041.919843 0.000000
5041.968373 0.000000
5042.016903 0.000000
5042.065432 0.000000
5042.113962 0.000000
5042.162491 0.000000
5042.211021 0.000000
5042.259550 0.000000
5042.308080 0.000000
5042.356609 0.000000
5042.405139 0.000000
5042.453668 0.000000
5042.502198 0.000000
5042.550728 0.000000
5042.599257 0.000000
5042.647787 0.000000
5042.696316 0.000000
5042.744846 0.000000
5042.793375 0.000000
5042.841905 0.000000
5042.890434 0.000000
5042.938964 0.000000
5042.987494 0.000000
5043.036023 0.000000
5043.084553 0.000000
5043.133082 0.000000
5043.181612 0.000000
5043.230141 0.000000
5043.278671 0.000000
5043.327200 0.000000
5043.375730 0.000000
5043.424260 0.000000
5043.472789 0.000000
5043.521319 0.000000
5043.569848 0.000000
5043.618378 0.000000
5043.666907 0.000000
5043.715437 0.000000
5043.763966 0.000000
5043.812496 0.000000
5043.861026 0.000000
5043.909555 0.000000
5043.958085 0.000000
5044.006614 0.000000
5044.055144 0.000000
5044.103673 0.000000
5044.152203 0.000000
5044.200732 0.000000
5044.249262 0.000000
5044.297792 0.000000
5044.346321 0.000000
5044.394851 0.000000
5044.443380 0.000000
5044.491910 0.000000
5044.540439 0.000000
5044.588969 0.000000
5044.637498 0.000000
5044.686028 0.000000
5044.734558 0.000000
5044.783087 0.000000
5044.831617 0.000000
5044.880146 0.000000
5044.928676 0.000000
5044.977205 0.000000
5045.025735 0.000000
5045.074264 0.000000
5045.122794 0.000000
5045.171324 0.000000
5045.219853 0.000000
5045.268383 0.000000
5045.316912 0.000000
5045.365442 0.000000
5045.413971 0.000000
5045.462501 0.000000
5045.511030 0.000000
5045.559560 0.000000
5045.608090 0.000000
5045.656619 0.000000
5045.705149 0.000000
5045.753678 0.000000
5045.802208 0.000000
5045.850737 0.000000
5045.899267 0.000000
5045.947796 0.000000
5045.996326 0.000000
5046.044856 0.000000
5046.093385 0.000000
5046.141915 0.000000
5046.190444 0.000000
5046.238974 0.000000
5046.287503 0.000000
5046.336033 0.000000
5046.384562 0.000000
5046.433092 0.000000
5046.481622 0.000000
5046.530151 0.000000
5046.578681 0.000000
5046.627210 0.000000
5046.675740 0.000000
5046.724269 0.000000
5046.772799 0.000000
5046.821328 0.000000
5046.869858 0.000000
5046.918388 0.000000
5046.966917 0.000000
5047.015447 0.000000
5047.063976 0.000000
5047.112506 0.000000
5047.161035 0.000000
5047.209565 0.000000
5047.258094 0.000000
5047.306624 0.000000
5047.355153 0.000000
5047.403683 0.000000
5047.452213 0.000000
5047.500742 0.000000
5047.549272 0.000000
5047.597801 0.000000
5047.646331 0.000000
5047.694860 0.000000
5047.743390 0.000000
5047.791919 0.000000
5047.840449 0.000000
5047.888979 0.000000
5047.937508 0.000000
5047.986038 0.000000
5048.034567 0.000000
5048.083097 0.000000
5048.131626 0.000000
5048.180156 0.000000
5048.228685 0.000000
5048.277215 0.000000
5048.325745 0.000000
5048.374274 0.000000
5048.422804 0.000000
5048.471333 0.000000
5048.519863 0.000000
5048.568392 0.000000
5048.616922 0.000000
5048.665451 0.000000
5048.713981 0.000000
5048.762511 0.000000
5048.811040 0.000000
5048.859570 0.000000
5048.908099 0.000000
5048.956629 0.000000
5049.005158 0.000000
5049.053688 0.000000
5049.102217 0.000000
5049.150747 0.000000
5049.199277 0.000000
5049.247806 0.000000
5049.296336 0.000000
5049.344865 0.000000
5049.393395 0.000000
5049.441924 0.000000
5049.490454 0.000000
5049.538983 0.000000
5049.587513 0.000000
5049.636043 0.000000
5049.684572 0.000000
5049.733102 0.000000
5049.781631 0.000000
5049.830161 0.000000
5049.878690 0.000000
5049.927220 0.000000
5049.975749 0.000000
5050.024279 0.000000
5050.072809 0.000000
5050.121338 0.000000
5050.169868 0.000000
5050.218397 0.000000
5050.266927 0.000000
5050.315456 0.000000
5050.363986 0.000000
5050.412515 0.000000
5050.461045 0.000000
5050.509575 0.000000
5050.558104 0.000000
5050.606634 0.000000
5050.655163 0.000000
5050.703693 0.000000
5050.752222 0.000000
5050.800752 0.000000
5050.849281 0.000000
5050.897811 0.000000
5050.946341 0.000000
5050.994870 0.000000
5051.043400 0.000000
5051.091929 0.000000
5051.140459 0.000000
5051.188988 0.000000
5051.237518 0.000000
5051.286047 0.000000
5051.334577 0.000000
5051.383107 0.000000
5051.431636 0.000000
5051.480166 0.000000
5051.528695 0.000000
5051.577225 0.000000
5051.625754 0.000000
5051.674284 0.000000
5051.722813 0.000000
5051.771343 0.000000
5051.819873 0.000000
5051.868402 0.000000
5051.916932 0.000000
5051.965461 0.000000
5052.013991 0.000000
5052.062520 0.000000
5052.111050 0.000000
5052.159579 0.000000
5052.208109 0.000000
5052.256639 0.000000
5052.305168 0.000000
5052.353698 0.000000
5052.402227 0.000000
5052.450757 0.000000
5052.499286 0.000000
5052.547816 0.000000
5052.596345 0.000000
5052.644875 0.000000
5052.693404 0.000000
5052.741934 0.000000
5052.790464 0.000000
5052.838993 0.000000
5052.887523 0.000000
5052.936052 0.000000
5052.984582 0.000000
5053.033111 0.000000
5053.081641 0.000000
5053.130170 0.000000
5053.178700 0.000000
5053.227230 0.000000
5053.275759 0.000000
5053.324289 0.000000
5053.372818 0.000000
5053.421348 0.000000
5053.469877 0.000000
5053.518407 0.000000
5053.566936 0.000000
5053.615466 0.000000
5053.663996 0.000000
5053.712525 0.000000
5053.761055 0.000000
5053.809584 0.000000
5053.858114 0.000000
5053.906643 0.000000
5053.955173 0.000000
5054.003702 0.000000
5054.052232 0.000000
5054.100762 0.000000
5054.149291 0.000000
5054.197821 0.000000
5054.246350 0.000000
5054.294880 0.000000
5054.343409 0.000000
5054.391939 0.000000
5054.440468 0.000000
5054.488998 0.000000
5054.537528 0.000000
5054.586057 0.000000
5054.634587 0.000000
5054.683116 0.000000
5054.731646 0.000000
5054.780175 0.000000
5054.828705 0.000000
5054.877234 0.000000
5054.925764 0.000000
5054.974294 0.000000
5055.022823 0.000000
5055.071353 0.000000
5055.119882 0.000000
5055.168412 0.000000
5055.216941 0.000000
5055.265471 0.000000
5055.314000 0.000000
5055.362530 0.000000
5055.411060 0.000000
5055.459589 0.000000
5055.508119 0.000000
5055.556648 0.000000
5055.605178 0.000000
5055.653707 0.000000
5055.702237 0.000000
5055.750766 0.000000
5055.799296 0.000000
5055.847826 0.000000
5055.896355 0.000000
5055.944885 0.000000
5055.993414 0.000000
5056.041944 0.000000
5056.090473 0.000000
5056.139003 0.000000
5056.187532 0.000000
5056.236062 0.000000
5056.284592 0.000000
5056.333121 0.000000
5056.381651 0.000000
5056.430180 0.000000
5056.478710 0.000000
5056.527239 0.000000
5056.575769 0.000000
5056.624298 0.000000
5056.672828 0.000000
5056.721358 0.000000
5056.769887 0.000000
5056.818417 0.000000
5056.866946 0.000000
5056.915476 0.000000
5056.964005 0.000000
5057.012535 0.000000
5057.061064 0.000000
5057.109594 0.000000
5057.158124 0.000000
5057.206653 0.000000
5057.255183 0.000000
5057.303712 0.000000
5057.352242 0.000000
5057.400771 0.000000
5057.449301 0.000000
5057.497830 0.000000
5057.546360 0.000000
5057.594889 0.000000
5057.643419 0.000000
5057.691949 0.000000
5057.740478 0.000000
5057.789008 0.000000
5057.837537 0.000000
5057.886067 0.000000
5057.934596 0.000000
5057.983126 0.000000
5058.031655 0.000000
5058.080185 0.000000
5058.128715 0.000000
5058.177244 0.000000
5058.225774 0.000000
5058.274303 0.000000
5058.322833 0.000000
5058.371362 0.000000
5058.419892 0.000000
5058.468421 0.000000
5058.516951 0.000000
5058.565481 0.000000
5058.614010 0.000000
5058.662540 0.000000
5058.711069 0.000000
5058.759599 0.000000
5058.808128 0.000000
5058.856658 0.000000
5058.905187 0.000000
5058.953717 0.000000
5059.002247 0.000000
5059.050776 0.000000
5059.099306 0.000000
5059.147835 0.000000
5059.196365 0.000000
5059.244894 0.000000
5059.293424 0.000000
5059.341953 0.000000
5059.390483 0.000000
5059.439013 0.000000
5059.487542 0.000000
5059.536072 0.000000
5059.584601 0.000000
5059.633131 0.000000
5059.681660 0.000000
5059.730190 0.000000
5059.778719 0.000000
5059.827249 0.000000
5059.875779 0.000000
5059.924308 0.000000
5059.972838 0.000000
5060.021367 0.000000
5060.069897 0.000000
5060.118426 0.000000
5060.166956 0.000000
5060.215485 0.000000
5060.264015 0.000000
5060.312545 0.000000
5060.361074 0.000000
5060.409604 0.000000
5060.458133 0.000000
5060.506663 0.000000
5060.555192 0.000000
5060.603722 0.000000
5060.652251 0.000000
5060.700781 0.000000
5060.749311 0.000000
5060.797840 0.000000
5060.846370 0.000000
5060.894899 0.000000
5060.943429 0.000000
5060.991958 0.000000
5061.040488 0.000000
5061.089017 0.000000
5061.137547 0.000000
5061.186077 0.000000
5061.234606 0.000000
5061.283136 0.000000
5061.331665 0.000000
5061.380195 0.000000
5061.428724 0.000000
5061.477254 0.000000
5061.525783 0.000000
5061.574313 0.000000
5061.622843 0.000000
5061.671372 0.000000
5061.719902 0.000000
5061.768431 0.000000
5061.816961 0.000000
5061.865490 0.000000
5061.914020 0.000000
5061.962549 0.000000
5062.011079 0.000000
5062.059609 0.000000
5062.108138 0.000000
5062.156668 0.000000
5062.205197 0.000000
5062.253727 0.000000
5062.302256 0.000000
5062.350786 0.000000
5062.399315 0.000000
5062.447845 0.000000
5062.496375 0.000000
5062.544904 0.000000
5062.593434 0.000000
5062.641963 0.000000
5062.690493 0.000000
5062.739022 0.000000
5062.787552 0.000000
5062.836081 0.000000
5062.884611 0.000000
5062.933140 0.000000
5062.981670 0.000000
5063.030200 0.000000
5063.078729 0.000000
5063.127259 0.000000
5063.175788 0.000000
5063.224318 0.000000
5063.272847 0.000000
5063.321377 0.000000
5063.369906 0.000000
5063.418436 0.000000
5063.466966 0.000000
5063.515495 0.000000
5063.564025 0.000000
5063.612554 0.000000
5063.661084 0.000000
5063.709613 0.000000
5063.758143 0.000000
5063.806672 0.000000
5063.855202 0.000000
5063.903732 0.000000
5063.952261 0.000000
5064.000791 0.000000
5064.049320 0.000000
5064.097850 0.000000
5064.146379 0.000000
5064.194909 0.000000
5064.243438 0.000000
5064.291968 0.000000
5064.340498 0.000000
5064.389027 0.000000
5064.437557 0.000000
5064.486086 0.000000
5064.534616 0.000000
5064.583145 0.000000
5064.631675 0.000000
5064.680204 0.000000
5064.728734 0.000000
5064.777264 0.000000
5064.825793 0.000000
5064.874323 0.000000
5064.922852 0.000000
5064.971382 0.000000
5065.019911 0.000000
5065.068441 0.000000
5065.116970 0.000000
5065.165500 0.000000
5065.214030 0.000000
5065.262559 0.000000
5065.311089 0.000000
5065.359618 0.000000
5065.408148 0.000000
5065.456677 0.000000
5065.505207 0.000000
5065.553736 0.000000
5065.602266 0.000000
5065.650796 0.000000
5065.699325 0.000000
5065.747855 0.000000
5065.796384 0.000000
5065.844914 0.000000
5065.893443 0.000000
5065.941973 0.000000
5065.990502 0.000000
5066.039032 0.000000
5066.087562 0.000000
5066.136091 0.000000
5066.184621 0.000000
5066.233150 0.000000
5066.281680 0.000000
5066.330209 0.000000
5066.378739 0.000000
5066.427268 0.000000
5066.475798 0.000000
5066.524328 0.000000
5066.572857 0.000000
5066.621387 0.000000
5066.669916 0.000000
5066.718446 0.000000
5066.766975 0.000000
5066.815505 0.000000
5066.864034 0.000000
5066.912564 0.000000
5066.961094 0.000000
5067.009623 0.000000
5067.058153 0.000000
5067.106682 0.000000
5067.155212 0.000000
5067.203741 0.000000
5067.252271 0.000000
5067.300800 0.000000
5067.349330 0.000000
5067.397860 0.000000
5067.446389 0.000000
5067.494919 0.000000
5067.543448 0.000000
5067.591978 0.000000
5067.640507 0.000000
5067.689037 0.000000
5067.737566 0.000000
5067.786096 0.000000
5067.834625 0.000000
5067.883155 0.000000
5067.931685 0.000000
5067.980214 0.000000
5068.028744 0.000000
5068.077273 0.000000
5068.125803 0.000000
5068.174332 0.000000
5068.222862 0.000000
5068.271391 0.000000
5068.319921 0.000000
5068.368451 0.000000
5068.416980 0.000000
5068.465510 0.000000
5068.514039 0.000000
5068.562569 0.000000
5068.611098 0.000000
5068.659628 0.000000
5068.708157 0.000000
5068.756687 0.000000
5068.805217 0.000000
5068.853746 0.000000
5068.902276 0.000000
5068.950805 0.000000
5068.999335 0.000000
5069.047864 0.000000
5069.096394 0.000000
5069.144923 0.000000
5069.193453 0.000000
5069.241983 0.000000
5069.290512 0.000000
5069.339042 0.000000
5069.387571 0.000000
5069.436101 0.000000
5069.484630 0.000000
5069.533160 0.000000
5069.581689 0.000000
5069.630219 0.000000
5069.678749 0.000000
5069.727278 0.000000
5069.775808 0.000000
5069.824337 0.000000
5069.872867 0.000000
5069.921396 0.000000
5069.969926 0.000000
