4900.000000 0.000000
4900.042589 0.000000
4900.085179 0.000000
4900.127768 0.000000
4900.170358 0.000000
4900.212947 0.000000
4900.255537 0.000000
4900.298126 0.000000
4900.340716 0.000000
4900.383305 0.000000
4900.425894 0.000000
4900.468484 0.000000
4900.511073 0.000000
4900.553663 0.000000
4900.596252 0.000000
4900.638842 0.000000
4900.681431 0.000000
4900.724020 0.000000
4900.766610 0.000000
4900.809199 0.000000
4900.851789 0.000000
4900.894378 0.000000
4900.936968 0.000000
4900.979557 0.000000
4901.022147 0.000000
4901.064736 0.000000
4901.107325 0.000000
4901.149915 0.000000
4901.192504 0.000000
4901.235094 0.000000
4901.277683 0.000000
4901.320273 0.000000
4901.362862 0.000000
4901.405451 0.000000
4901.448041 0.000000
4901.490630 0.000000
4901.533220 0.000000
4901.575809 0.000000
4901.618399 0.000000
4901.660988 0.000000
4901.703578 0.000000
4901.746167 0.000000
4901.788756 0.000000
4901.831346 0.000000
4901.873935 0.000000
4901.916525 0.000000
4901.959114 0.000000
4902.001704 0.000000
4902.044293 0.000000
4902.086882 0.000000
4902.129472 0.000000
4902.172061 0.000000
4902.214651 0.000000
4902.257240 0.000000
4902.299830 0.000000
4902.342419 0.000000
4902.385009 0.000000
4902.427598 0.000000
4902.470187 0.000000
4902.512777 0.000000
4902.555366 0.000000
4902.597956 0.000000
4902.640545 0.000000
4902.683135 0.000000
4902.725724 0.000000
4902.768313 0.000000
4902.810903 0.000000
4902.853492 0.000000
4902.896082 0.000000
4902.938671 0.000000
4902.981261 0.000000
4903.023850 0.000000
4903.066440 0.000000
4903.109029 0.000000
4903.151618 0.000000
4903.194208 0.000000
4903.236797 0.000000
4903.279387 0.000000
4903.321976 0.000000
4903.364566 0.000000
4903.407155 0.000000
4903.449744 0.000000
4903.492334 0.000000
4903.534923 0.000000
4903.577513 0.000000
4903.620102 0.000000
4903.662692 0.000000
4903.705281 0.000000
4903.747871 0.000000
4903.790460 0.000000
4903.833049 0.000000
4903.875639 0.000000
4903.918228 0.000000
4903.960818 0.000000
4904.003407 0.000000
4904.045997 0.000000
4904.088586 0.000000
4904.131175 0.000000
4904.173765 0.000000
4904.216354 0.000000
4904.258944 0.000000
4904.301533 0.000000
4904.344123 0.000000
4904.386712 0.000000
4904.429302 0.000000
4904.471891 0.000000
4904.514480 0.000000
4904.557070 0.000000
4904.599659 0.000000
4904.642249 0.000000
4904.684838 0.000000
4904.727428 0.000000
4904.770017 0.000000
4904.812606 0.000000
4904.855196 0.000000
4904.897785 0.000000
4904.940375 0.000000
4904.982964 0.000000
4905.025554 0.000000
4905.068143 0.000000
4905.110733 0.000000
4905.153322 0.000000
4905.195911 0.000000
4905.238501 0.000000
4905.281090 0.000000
4905.323680 0.000000
4905.366269 0.000000
4905.408859 0.000000
4905.451448 0.000000
4905.494037 0.000000
4905.536627 0.000000
4905.579216 0.000000
4905.621806 0.000000
4905.664395 0.000000
4905.706985 0.000000
4905.749574 0.000000
4905.792164 0.000000
4905.834753 0.000000
4905.877342 0.000000
4905.919932 0.000000
4905.962521 0.000000
4906.005111 0.000000
4906.047700 0.000000
4906.090290 0.000000
4906.132879 0.000000
4906.175468 0.000000
4906.218058 0.000000
4906.260647 0.000000
4906.303237 0.000000
4906.345826 0.000000
4906.388416 0.000000
4906.431005 0.000000
4906.473595 0.000000
4906.516184 0.000000
4906.558773 0.000000
4906.601363 0.000000
4906.643952 0.000000
4906.686542 0.000000
4906.729131 0.000000
4906.771721 0.000000
4906.814310 0.000000
4906.856899 0.000000
4906.899489 0.000000
4906.942078 0.000000
4906.984668 0.000000
4907.027257 0.000000
4907.069847 0.000000
4907.112436 0.000000
4907.155026 0.000000
4907.197615 0.000000
4907.240204 0.000000
4907.282794 0.000000
4907.325383 0.000000
4907.367973 0.000000
4907.410562 0.000000
4907.453152 0.000000
4907.495741 0.000000
4907.538330 0.000000
4907.580920 0.000000
4907.623509 0.000000
4907.666099 0.000000
4907.708688 0.000000
4907.751278 0.000000
4907.793867 0.000000
4907.836457 0.000000
4907.879046 0.000000
4907.921635 0.000000
4907.964225 0.000000
4908.006814 0.000000
4908.049404 0.000000
4908.091993 0.000000
4908.134583 0.000000
4908.177172 0.000000
4908.219761 0.000000
4908.262351 0.000000
4908.304940 0.000000
4908.347530 0.000000
4908.390119 0.000000
4908.432709 0.000000
4908.475298 0.000000
4908.517888 0.000000
4908.560477 0.000000
4908.603066 0.000000
4908.645656 0.000000
4908.688245 0.000000
4908.730835 0.000000
4908.773424 0.000000
4908.816014 0.000000
4908.858603 0.000000
4908.901193 0.000000
4908.943782 0.000000
4908.986371 0.000000
4909.028961 0.000000
4909.071550 0.000000
4909.114140 0.000000
4909.156729 0.000000
4909.199319 0.000000
4909.241908 0.000000
4909.284497 0.000000
4909.327087 0.000000
4909.369676 0.000000
4909.412266 0.000000
4909.454855 0.000000
4909.497445 0.000000
4909.540034 0.000000
4909.582624 0.000000
4909.625213 0.000000
4909.667802 0.000000
4909.710392 0.000000
4909.752981 0.000000
4909.795571 0.000000
4909.838160 0.000000
4909.880750 0.000000
4909.923339 0.000000
4909.965928 0.000000
4910.008518 0.000000
4910.051107 0.000000
4910.093697 0.000000
4910.136286 0.000000
4910.178876 0.000000
4910.221465 0.000000
4910.264055 0.000000
4910.306644 0.000000
4910.349233 0.000000
4910.391823 0.000000
4910.434412 0.000000
4910.477002 0.000000
4910.519591 0.000000
4910.562181 0.000000
4910.604770 0.000000
4910.647359 0.000000
4910.689949 0.000000
4910.732538 0.000000
4910.775128 0.000000
4910.817717 0.000000
4910.860307 0.000000
4910.902896 0.000000
4910.945486 0.000000
4910.988075 0.000000
4911.030664 0.000000
4911.073254 0.000000
4911.115843 0.000000
4911.158433 0.000000
4911.201022 0.000000
4911.243612 0.000000
4911.286201 0.000000
4911.328790 0.000000
4911.371380 0.000000
4911.413969 0.000000
4911.456559 0.000000
4911.499148 0.000000
4911.541738 0.000000
4911.584327 0.000000
4911.626917 0.000000
4911.669506 0.000000
4911.712095 0.000000
4911.754685 0.000000
4911.797274 0.000000
4911.839864 0.000000
4911.882453 0.000000
4911.925043 0.000000
4911.967632 0.000000
4912.010221 0.000000
4912.052811 0.000000
4912.095400 0.000000
4912.137990 0.000000
4912.180579 0.000000
4912.223169 0.000000
4912.265758 0.000000
4912.308348 0.000000
4912.350937 0.000000
4912.393526 0.000000
4912.436116 0.000000
4912.478705 0.000000
4912.521295 0.000000
4912.563884 0.000000
4912.606474 0.000000
4912.649063 0.000000
4912.691652 0.000000
4912.734242 0.000000
4912.776831 0.000000
4912.819421 0.000000
4912.862010 0.000000
4912.904600 0.000000
4912.947189 0.000000
4912.989779 0.000000
4913.032368 0.000000
4913.074957 0.000000
4913.117547 0.000000
4913.160136 0.000000
4913.202726 0.000000
4913.245315 0.000000
4913.287905 0.000000
4913.330494 0.000000
4913.373083 0.000000
4913.415673 0.000000
4913.458262 0.000000
4913.500852 0.000000
4913.543441 0.000000
4913.586031 0.000000
4913.628620 0.000000
4913.671210 0.000000
4913.713799 0.000000
4913.756388 0.000000
4913.798978 0.000000
4913.841567 0.000000
4913.884157 0.000000
4913.926746 0.000000
4913.969336 0.000000
4914.011925 0.000000
4914.054514 0.000000
4914.097104 0.000000
4914.139693 0.000000
4914.182283 0.000000
4914.224872 0.000000
4914.267462 0.000000
4914.310051 0.000000
4914.352641 0.000000
4914.395230 0.000000
4914.437819 0.000000
4914.480409 0.000000
4914.522998 0.000000
4914.565588 0.000000
4914.608177 0.000000
4914.650767 0.000000
4914.693356 0.000000
4914.735945 0.000000
4914.778535 0.000000
4914.821124 0.000000
4914.863714 0.000000
4914.906303 0.000000
4914.948893 0.000000
4914.991482 0.000000
4915.034072 0.000000
4915.076661 0.000000
4915.119250 0.000000
4915.161840 0.000000
4915.204429 0.000000
4915.247019 0.000000
4915.289608 0.000000
4915.332198 0.000000
4915.374787 0.000000
4915.417376 0.000000
4915.459966 0.000000
4915.502555 0.000000
4915.545145 0.000000
4915.587734 0.000000
4915.630324 0.000000
4915.672913 0.000000
4915.715503 0.000000
4915.758092 0.000000
4915.800681 0.000000
4915.843271 0.000000
4915.885860 0.000000
4915.928450 0.000000
4915.971039 0.000000
4916.013629 0.000000
4916.056218 0.000000
4916.098807 0.000000
4916.141397 0.000000
4916.183986 0.000000
4916.226576 0.000000
4916.269165 0.000000
4916.311755 0.000000
4916.354344 0.000000
4916.396934 0.000000
4916.439523 0.000000
4916.482112 0.000000
4916.524702 0.000000
4916.567291 0.000000
4916.609881 0.000000
4916.652470 0.000000
4916.695060 0.000000
4916.737649 0.000000
4916.780239 0.000000
4916.822828 0.000000
4916.865417 0.000000
4916.908007 0.000000
4916.950596 0.000000
4916.993186 0.000000
4917.035775 0.000000
4917.078365 0.000000
4917.120954 0.000000
4917.163543 0.000000
4917.206133 0.000000
4917.248722 0.000000
4917.291312 0.000000
4917.333901 0.000000
4917.376491 0.000000
4917.419080 0.000000
4917.461670 0.000000
4917.504259 0.000000
4917.546848 0.000000
4917.589438 0.000000
4917.632027 0.000000
4917.674617 0.000000
4917.717206 0.000000
4917.759796 0.000000
4917.802385 0.000000
4917.844974 0.000000
4917.887564 0.000000
4917.930153 0.000000
4917.972743 0.000000
4918.015332 0.000000
4918.057922 0.000000
4918.100511 0.000000
4918.143101 0.000000
4918.185690 0.000000
4918.228279 0.000000
4918.270869 0.000000
4918.313458 0.000000
4918.356048 0.000000
4918.398637 0.000000
4918.441227 0.000000
4918.483816 0.000000
4918.526405 0.000000
4918.568995 0.000000
4918.611584 0.000000
4918.654174 0.000000
4918.696763 0.000000
4918.739353 0.000000
4918.781942 0.000000
4918.824532 0.000000
4918.867121 0.000000
4918.909710 0.000000
4918.952300 0.000000
4918.994889 0.000000
4919.037479 0.000000
4919.080068 0.000000
4919.122658 0.000000
4919.165247 0.000000
4919.207836 0.000000
4919.250426 0.000000
4919.293015 0.000000
4919.335605 0.000000
4919.378194 0.000000
4919.420784 0.000000
4919.463373 0.000000
4919.505963 0.000000
4919.548552 0.000000
4919.591141 0.000000
4919.633731 0.000000
4919.676320 0.000000
4919.718910 0.000000
4919.761499 0.000000
4919.804089 0.000000
4919.846678 0.000000
4919.889267 0.000000
4919.931857 0.000000
4919.974446 0.000000
4920.017036 0.000000
4920.059625 0.000000
4920.102215 0.000000
4920.144804 0.000000
4920.187394 0.000000
4920.229983 0.000000
4920.272572 0.000000
4920.315162 0.000000
4920.357751 0.000000
4920.400341 0.000000
4920.442930 0.000000
4920.485520 0.000000
4920.528109 0.000000
4920.570698 0.000000
4920.613288 0.000000
4920.655877 0.000000
4920.698467 0.000000
4920.741056 0.000000
4920.783646 0.000000
4920.826235 0.000000
4920.868825 0.000000
4920.911414 0.000000
4920.954003 0.000000
4920.996593 0.000000
4921.039182 0.000000
4921.081772 0.000000
4921.124361 0.000000
4921.166951 0.000000
4921.209540 0.000000
4921.252129 0.000000
4921.294719 0.000000
4921.337308 0.000000
4921.379898 0.000000
4921.422487 0.000000
4921.465077 0.000000
4921.507666 0.000000
4921.550256 0.000000
4921.592845 0.000000
4921.635434 0.000000
4921.678024 0.000000
4921.720613 0.000000
4921.763203 0.000000
4921.805792 0.000000
4921.848382 0.000000
4921.890971 0.000000
4921.933560 0.000000
4921.976150 0.000000
4922.018739 0.000000
4922.061329 0.000000
4922.103918 0.000000
4922.146508 0.000000
4922.189097 0.000000
4922.231687 0.000000
4922.274276 0.000000
4922.316865 0.000000
4922.359455 0.000000
4922.402044 0.000000
4922.444634 0.000000
4922.487223 0.000000
4922.529813 0.000000
4922.572402 0.000000
4922.614991 0.000000
4922.657581 0.000000
4922.700170 0.000000
4922.742760 0.000000
4922.785349 0.000000
4922.827939 0.000000
4922.870528 0.000000
4922.913118 0.000000
4922.955707 0.000000
4922.998296 0.000000
4923.040886 0.000000
4923.083475 0.000000
4923.126065 0.000000
4923.168654 0.000000
4923.211244 0.000000
4923.253833 0.000000
4923.296422 0.000000
4923.339012 0.000000
4923.381601 0.000000
4923.424191 0.000000
4923.466780 0.000000
4923.509370 0.000000
4923.551959 0.000000
4923.594549 0.000000
4923.637138 0.000000
4923.679727 0.000000
4923.722317 0.000000
4923.764906 0.000000
4923.807496 0.000000
4923.850085 0.000000
4923.892675 0.000000
4923.935264 0.000000
4923.977853 0.000000
4924.020443 0.000000
4924.063032 0.000000
4924.105622 0.000000
4924.148211 0.000000
4924.190801 0.000000
4924.233390 0.000000
4924.275980 0.000000
4924.318569 0.000000
4924.361158 0.000000
4924.403748 0.000000
4924.446337 0.000000
4924.488927 0.000000
4924.531516 0.000000
4924.574106 0.000000
4924.616695 0.000000
4924.659284 0.000000
4924.701874 0.000000
4924.744463 0.000000
4924.787053 0.000000
4924.829642 0.000000
4924.872232 0.000000
4924.914821 0.000000
4924.957411 0.000000
4925.000000 0.000000
4925.042589 0.000000
4925.085179 0.000000
4925.127768 0.000000
4925.170358 0.000000
4925.212947 0.000000
4925.255537 0.000000
4925.298126 0.000000
4925.340716 0.000000
4925.383305 0.000000
4925.425894 0.000000
4925.468484 0.000000
4925.511073 0.000000
4925.553663 0.000000
4925.596252 0.000000
4925.638842 0.000000
4925.681431 0.000000
4925.724020 0.000000
4925.766610 0.000000
4925.809199 0.000000
4925.851789 0.000000
4925.894378 0.000000
4925.936968 0.000000
4925.979557 0.000000
4926.022147 0.000000
4926.064736 0.000000
4926.107325 0.000000
4926.149915 0.000000
4926.192504 0.000000
4926.235094 0.000000
4926.277683 0.000000
4926.320273 0.000000
4926.362862 0.000000
4926.405451 0.000000
4926.448041 0.000000
4926.490630 0.000000
4926.533220 0.000000
4926.575809 0.000000
4926.618399 0.000000
4926.660988 0.000000
4926.703578 0.000000
4926.746167 0.000000
4926.788756 0.000000
4926.831346 0.000000
4926.873935 0.000000
4926.916525 0.000000
4926.959114 0.000000
4927.001704 0.000000
4927.044293 0.000000
4927.086882 0.000000
4927.129472 0.000000
4927.172061 0.000000
4927.214651 0.000000
4927.257240 0.000000
4927.299830 0.000000
4927.342419 0.000000
4927.385009 0.000000
4927.427598 0.000000
4927.470187 0.000000
4927.512777 0.000000
4927.555366 0.000000
4927.597956 0.000000
4927.640545 0.000000
4927.683135 0.000000
4927.725724 0.000000
4927.768313 0.000000
4927.810903 0.000000
4927.853492 0.000000
4927.896082 0.000000
4927.938671 0.000000
4927.981261 0.000000
4928.023850 0.000000
4928.066440 0.000000
4928.109029 0.000000
4928.151618 0.000000
4928.194208 0.000000
4928.236797 0.000000
4928.279387 0.000000
4928.321976 0.000000
4928.364566 0.000000
4928.407155 0.000000
4928.449744 0.000000
4928.492334 0.000000
4928.534923 0.000000
4928.577513 0.000000
4928.620102 0.000000
4928.662692 0.000000
4928.705281 0.000000
4928.747871 0.000000
4928.790460 0.000000
4928.833049 0.000000
4928.875639 0.000000
4928.918228 0.000000
4928.960818 0.000000
4929.003407 0.000000
4929.045997 0.000000
4929.088586 0.000000
4929.131175 0.000000
4929.173765 0.000000
4929.216354 0.000000
4929.258944 0.000000
4929.301533 0.000000
4929.344123 0.000000
4929.386712 0.000000
4929.429302 0.000000
4929.471891 0.000000
4929.514480 0.000000
4929.557070 0.000000
4929.599659 0.000000
4929.642249 0.000000
4929.684838 0.000000
4929.727428 0.000000
4929.770017 0.000000
4929.812606 0.000000
4929.855196 0.000000
4929.897785 0.000000
4929.940375 0.000000
4929.982964 0.000000
4930.025554 0.000000
4930.068143 0.000000
4930.110733 0.000000
4930.153322 0.000000
4930.195911 0.000000
4930.238501 0.000000
4930.281090 0.000000
4930.323680 0.000000
4930.366269 0.000000
4930.408859 0.000000
4930.451448 0.000000
4930.494037 0.000000
4930.536627 0.000000
4930.579216 0.000000
4930.621806 0.000000
4930.664395 0.000000
4930.706985 0.000000
4930.749574 0.000000
4930.792164 0.000000
4930.834753 0.000000
4930.877342 0.000000
4930.919932 0.000000
4930.962521 0.000000
4931.005111 0.000000
4931.047700 0.000000
4931.090290 0.000000
4931.132879 0.000000
4931.175468 0.000000
4931.218058 0.000000
4931.260647 0.000000
4931.303237 0.000000
4931.345826 0.000000
4931.388416 0.000000
4931.431005 0.000000
4931.473595 0.000000
4931.516184 0.000000
4931.558773 0.000000
4931.601363 0.000000
4931.643952 0.000000
4931.686542 0.000000
4931.729131 0.000000
4931.771721 0.000000
4931.814310 0.000000
4931.856899 0.000000
4931.899489 0.000000
4931.942078 0.000000
4931.984668 0.000000
4932.027257 0.000000
4932.069847 0.000000
4932.112436 0.000000
4932.155026 0.000000
4932.197615 0.000000
4932.240204 0.000000
4932.282794 0.000000
4932.325383 0.000000
4932.367973 0.000000
4932.410562 0.000000
4932.453152 0.000000
4932.495741 0.000000
4932.538330 0.000000
4932.580920 0.000000
4932.623509 0.000000
4932.666099 0.000000
4932.708688 0.000000
4932.751278 0.000000
4932.793867 0.000000
4932.836457 0.000000
4932.879046 0.000000
4932.921635 0.000000
4932.964225 0.000000
4933.006814 0.000000
4933.049404 0.000000
4933.091993 0.000000
4933.134583 0.000000
4933.177172 0.000000
4933.219761 0.000000
4933.262351 0.000000
4933.304940 0.000000
4933.347530 0.000000
4933.390119 0.000000
4933.432709 0.000000
4933.475298 0.000000
4933.517888 0.000000
4933.560477 0.000000
4933.603066 0.000000
4933.645656 0.000000
4933.688245 0.000000
4933.730835 0.000000
4933.773424 0.000000
4933.816014 0.000000
4933.858603 0.000000
4933.901193 0.000000
4933.943782 0.000000
4933.986371 0.000000
4934.028961 0.000000
4934.071550 0.000000
4934.114140 0.000000
4934.156729 0.000000
4934.199319 0.000000
4934.241908 0.000000
4934.284497 0.000000
4934.327087 0.000000
4934.369676 0.000000
4934.412266 0.000000
4934.454855 0.000000
4934.497445 0.000000
4934.540034 0.000000
4934.582624 0.000000
4934.625213 0.000000
4934.667802 0.000000
4934.710392 0.000000
4934.752981 0.000000
4934.795571 0.000000
4934.838160 0.000000
4934.880750 0.000000
4934.923339 0.000000
4934.965928 0.000000
4935.008518 0.000000
4935.051107 0.000000
4935.093697 0.000000
4935.136286 0.000000
4935.178876 0.000000
4935.221465 0.000000
4935.264055 0.000000
4935.306644 0.000000
4935.349233 0.000000
4935.391823 0.000000
4935.434412 0.000000
4935.477002 0.000000
4935.519591 0.000000
4935.562181 0.000000
4935.604770 0.000000
4935.647359 0.000000
4935.689949 0.000000
4935.732538 0.000000
4935.775128 0.000000
4935.817717 0.000000
4935.860307 0.000000
4935.902896 0.000000
4935.945486 0.000000
4935.988075 0.000000
4936.030664 0.000000
4936.073254 0.000000
4936.115843 0.000000
4936.158433 0.000000
4936.201022 0.000000
4936.243612 0.000000
4936.286201 0.000000
4936.328790 0.000000
4936.371380 0.000000
4936.413969 0.000000
4936.456559 0.000000
4936.499148 0.000000
4936.541738 0.000000
4936.584327 0.000000
4936.626917 0.000000
4936.669506 0.000000
4936.712095 0.000000
4936.754685 0.000000
4936.797274 0.000000
4936.839864 0.000000
4936.882453 0.000000
4936.925043 0.000000
4936.967632 0.000000
4937.010221 0.000000
4937.052811 0.000000
4937.095400 0.000000
4937.137990 0.000000
4937.180579 0.000000
4937.223169 0.000000
4937.265758 0.000000
4937.308348 0.000000
4937.350937 0.000000
4937.393526 0.000000
4937.436116 0.000000
4937.478705 0.000000
4937.521295 0.000000
4937.563884 0.000000
4937.606474 0.000000
4937.649063 0.000000
4937.691652 0.000000
4937.734242 0.000000
4937.776831 0.000000
4937.819421 0.000000
4937.862010 0.000000
4937.904600 0.000000
4937.947189 0.000000
4937.989779 0.000000
4938.032368 0.000000
4938.074957 0.000000
4938.117547 0.000000
4938.160136 0.000000
4938.202726 0.000000
4938.245315 0.000000
4938.287905 0.000000
4938.330494 0.000000
4938.373083 0.000000
4938.415673 0.000000
4938.458262 0.000000
4938.500852 0.000000
4938.543441 0.000000
4938.586031 0.000000
4938.628620 0.000000
4938.671210 0.000000
4938.713799 0.000000
4938.756388 0.000000
4938.798978 0.000000
4938.841567 0.000000
4938.884157 0.000000
4938.926746 0.000000
4938.969336 0.000000
4939.011925 0.000000
4939.054514 0.000000
4939.097104 0.000000
4939.139693 0.000000
4939.182283 0.000000
4939.224872 0.000000
4939.267462 0.000000
4939.310051 0.000000
4939.352641 0.000000
4939.395230 0.000000
4939.437819 0.000000
4939.480409 0.000000
4939.522998 0.000000
4939.565588 0.000000
4939.608177 0.000000
4939.650767 0.000000
4939.693356 0.000000
4939.735945 0.000000
4939.778535 0.000000
4939.821124 0.000000
4939.863714 0.000000
4939.906303 0.000000
4939.948893 0.000000
4939.991482 0.000000
4940.034072 0.000000
4940.076661 0.000000
4940.119250 0.000000
4940.161840 0.000000
4940.204429 0.000000
4940.247019 0.000000
4940.289608 0.000000
4940.332198 0.000000
4940.374787 0.000000
4940.417376 0.000000
4940.459966 0.000000
4940.502555 0.000000
4940.545145 0.000000
4940.587734 0.000000
4940.630324 0.000000
4940.672913 0.000000
4940.715503 0.000000
4940.758092 0.000000
4940.800681 0.000000
4940.843271 0.000000
4940.885860 0.000000
4940.928450 0.000000
4940.971039 0.000000
4941.013629 0.000000
4941.056218 0.000000
4941.098807 0.000000
4941.141397 0.000000
4941.183986 0.000000
4941.226576 0.000000
4941.269165 0.000000
4941.311755 0.000000
4941.354344 0.000000
4941.396934 0.000000
4941.439523 0.000000
4941.482112 0.000000
4941.524702 0.000000
4941.567291 0.000000
4941.609881 0.000000
4941.652470 0.000000
4941.695060 0.000000
4941.737649 0.000000
4941.780239 0.000000
4941.822828 0.000000
4941.865417 0.000000
4941.908007 0.000000
4941.950596 0.000000
4941.993186 0.000000
4942.035775 0.000000
4942.078365 0.000000
4942.120954 0.000000
4942.163543 0.000000
4942.206133 0.000000
4942.248722 0.000000
4942.291312 0.000000
4942.333901 0.000000
4942.376491 0.000000
4942.419080 0.000000
4942.461670 0.000000
4942.504259 0.000000
4942.546848 0.000000
4942.589438 0.000000
4942.632027 0.000000
4942.674617 0.000000
4942.717206 0.000000
4942.759796 0.000000
4942.802385 0.000000
4942.844974 0.000000
4942.887564 0.000000
4942.930153 0.000000
4942.972743 0.000000
4943.015332 0.000000
4943.057922 0.000000
4943.100511 0.000000
4943.143101 0.000000
4943.185690 0.000000
4943.228279 0.000000
4943.270869 0.000000
4943.313458 0.000000
4943.356048 0.000000
4943.398637 0.000000
4943.441227 0.000000
4943.483816 0.000000
4943.526405 0.000000
4943.568995 0.000000
4943.611584 0.000000
4943.654174 0.000000
4943.696763 0.000000
4943.739353 0.000000
4943.781942 0.000000
4943.824532 0.000000
4943.867121 0.000000
4943.909710 0.000000
4943.952300 0.000000
4943.994889 0.000000
4944.037479 0.000000
4944.080068 0.000000
4944.122658 0.000000
4944.165247 0.000000
4944.207836 0.000000
4944.250426 0.000000
4944.293015 0.000000
4944.335605 0.000000
4944.378194 0.000000
4944.420784 0.000000
4944.463373 0.000000
4944.505963 0.000000
4944.548552 0.000000
4944.591141 0.000000
4944.633731 0.000000
4944.676320 0.000000
4944.718910 0.000000
4944.761499 0.000000
4944.804089 0.000000
4944.846678 0.000000
4944.889267 0.000000
4944.931857 0.000000
4944.974446 0.000000
4945.017036 0.000000
4945.059625 0.000000
4945.102215 0.000000
4945.144804 0.000000
4945.187394 0.000000
4945.229983 0.000000
4945.272572 0.000000
4945.315162 0.000000
4945.357751 0.000000
4945.400341 0.000000
4945.442930 0.000000
4945.485520 0.000000
4945.528109 0.000000
4945.570698 0.000000
4945.613288 0.000000
4945.655877 0.000000
4945.698467 0.000000
4945.741056 0.000000
4945.783646 0.000000
4945.826235 0.000000
4945.868825 0.000000
4945.911414 0.000000
4945.954003 0.000000
4945.996593 0.000000
4946.039182 0.000000
4946.081772 0.000000
4946.124361 0.000000
4946.166951 0.000000
4946.209540 0.000000
4946.252129 0.000000
4946.294719 0.000000
4946.337308 0.000000
4946.379898 0.000000
4946.422487 0.000000
4946.465077 0.000000
4946.507666 0.000000
4946.550256 0.000000
4946.592845 0.000000
4946.635434 0.000000
4946.678024 0.000000
4946.720613 0.000000
4946.763203 0.000000
4946.805792 0.000000
4946.848382 0.000000
4946.890971 0.000000
4946.933560 0.000000
4946.976150 0.000000
4947.018739 0.000000
4947.061329 0.000000
4947.103918 0.000000
4947.146508 0.000000
4947.189097 0.000000
4947.231687 0.000000
4947.274276 0.000000
4947.316865 0.000000
4947.359455 0.000000
4947.402044 0.000000
4947.444634 0.000000
4947.487223 0.000000
4947.529813 0.000000
4947.572402 0.000000
4947.614991 0.000000
4947.657581 0.000000
4947.700170 0.000000
4947.742760 0.000000
4947.785349 0.000000
4947.827939 0.000000
4947.870528 0.000000
4947.913118 0.000000
4947.955707 0.000000
4947.998296 0.000000
4948.040886 0.000000
4948.083475 0.000000
4948.126065 0.000000
4948.168654 0.000000
4948.211244 0.000000
4948.253833 0.000000
4948.296422 0.000000
4948.339012 0.000000
4948.381601 0.000000
4948.424191 0.000000
4948.466780 0.000000
4948.509370 0.000000
4948.551959 0.000000
4948.594549 0.000000
4948.637138 0.000000
4948.679727 0.000000
4948.722317 0.000000
4948.764906 0.000000
4948.807496 0.000000
4948.850085 0.000000
4948.892675 0.000000
4948.935264 0.000000
4948.977853 0.000000
4949.020443 0.000000
4949.063032 0.000000
4949.105622 0.000000
4949.148211 0.000000
4949.190801 0.000000
4949.233390 0.000000
4949.275980 0.000000
4949.318569 0.000000
4949.361158 0.000000
4949.403748 0.000000
4949.446337 0.000000
4949.488927 0.000000
4949.531516 0.000000
4949.574106 0.000000
4949.616695 0.000000
4949.659284 0.000000
4949.701874 0.000000
4949.744463 0.000000
4949.787053 0.000000
4949.829642 0.000000
4949.872232 0.000000
4949.914821 0.000000
4949.957411 0.000000
4950.000000 0.000000
4950.042589 0.000000
4950.085179 0.000000
4950.127768 0.000000
4950.170358 0.000000
4950.212947 0.000000
4950.255537 0.000000
4950.298126 0.000000
4950.340716 0.000000
4950.383305 0.000000
4950.425894 0.000000
4950.468484 0.000000
4950.511073 0.000000
4950.553663 0.000000
4950.596252 0.000000
4950.638842 0.000000
4950.681431 0.000000
4950.724020 0.000000
4950.766610 0.000000
4950.809199 0.000000
4950.851789 0.000000
4950.894378 0.000000
4950.936968 0.000000
4950.979557 0.000000
4951.022147 0.000000
4951.064736 0.000000
4951.107325 0.000000
4951.149915 0.000000
4951.192504 0.000000
4951.235094 0.000000
4951.277683 0.000000
4951.320273 0.000000
4951.362862 0.000000
4951.405451 0.000000
4951.448041 0.000000
4951.490630 0.000000
4951.533220 0.000000
4951.575809 0.000000
4951.618399 0.000000
4951.660988 0.000000
4951.703578 0.000000
4951.746167 0.000000
4951.788756 0.000000
4951.831346 0.000000
4951.873935 0.000000
4951.916525 0.000000
4951.959114 0.000000
4952.001704 0.000000
4952.044293 0.000000
4952.086882 0.000000
4952.129472 0.000000
4952.172061 0.000000
4952.214651 0.000000
4952.257240 0.000000
4952.299830 0.000000
4952.342419 0.000000
4952.385009 0.000000
4952.427598 0.000000
4952.470187 0.000000
4952.512777 0.000000
4952.555366 0.000000
4952.597956 0.000000
4952.640545 0.000000
4952.683135 0.000000
4952.725724 0.000000
4952.768313 0.000000
4952.810903 0.000000
4952.853492 0.000000
4952.896082 0.000000
4952.938671 0.000000
4952.981261 0.000000
4953.023850 0.000000
4953.066440 0.000000
4953.109029 0.000000
4953.151618 0.000000
4953.194208 0.000000
4953.236797 0.000000
4953.279387 0.000000
4953.321976 0.000000
4953.364566 0.000000
4953.407155 0.000000
4953.449744 0.000000
4953.492334 0.000000
4953.534923 0.000000
4953.577513 0.000000
4953.620102 0.000000
4953.662692 0.000000
4953.705281 0.000000
4953.747871 0.000000
4953.790460 0.000000
4953.833049 0.000000
4953.875639 0.000000
4953.918228 0.000000
4953.960818 0.000000
4954.003407 0.000000
4954.045997 0.000000
4954.088586 0.000000
4954.131175 0.000000
4954.173765 0.000000
4954.216354 0.000000
4954.258944 0.000000
4954.301533 0.000000
4954.344123 0.000000
4954.386712 0.000000
4954.429302 0.000000
4954.471891 0.000000
4954.514480 0.000000
4954.557070 0.000000
4954.599659 0.000000
4954.642249 0.000000
4954.684838 0.000000
4954.727428 0.000000
4954.770017 0.000000
4954.812606 0.000000
4954.855196 0.000000
4954.897785 0.000000
4954.940375 0.000000
4954.982964 0.000000
4955.025554 0.000000
4955.068143 0.000000
4955.110733 0.000000
4955.153322 0.000000
4955.195911 0.000000
4955.238501 0.000000
4955.281090 0.000000
4955.323680 0.000000
4955.366269 0.000000
4955.408859 0.000000
4955.451448 0.000000
4955.494037 0.000000
4955.536627 0.000000
4955.579216 0.000000
4955.621806 0.000000
4955.664395 0.000000
4955.706985 0.000000
4955.749574 0.000000
4955.792164 0.000000
4955.834753 0.000000
4955.877342 0.000000
4955.919932 0.000000
4955.962521 0.000000
4956.005111 0.000000
4956.047700 0.000000
4956.090290 0.000000
4956.132879 0.000000
4956.175468 0.000000
4956.218058 0.000000
4956.260647 0.000000
4956.303237 0.000000
4956.345826 0.000000
4956.388416 0.000000
4956.431005 0.000000
4956.473595 0.000000
4956.516184 0.000000
4956.558773 0.000000
4956.601363 0.000000
4956.643952 0.000000
4956.686542 0.000000
4956.729131 0.000000
4956.771721 0.000000
4956.814310 0.000000
4956.856899 0.000000
4956.899489 0.000000
4956.942078 0.000000
4956.984668 0.000000
4957.027257 0.000000
4957.069847 0.000000
4957.112436 0.000000
4957.155026 0.000000
4957.197615 0.000000
4957.240204 0.000000
4957.282794 0.000000
4957.325383 0.000000
4957.367973 0.000000
4957.410562 0.000000
4957.453152 0.000000
4957.495741 0.000000
4957.538330 0.000000
4957.580920 0.000000
4957.623509 0.000000
4957.666099 0.000000
4957.708688 0.000000
4957.751278 0.000000
4957.793867 0.000000
4957.836457 0.000000
4957.879046 0.000000
4957.921635 0.000000
4957.964225 0.000000
4958.006814 0.000000
4958.049404 0.000000
4958.091993 0.000000
4958.134583 0.000000
4958.177172 0.000000
4958.219761 0.000000
4958.262351 0.000000
4958.304940 0.000000
4958.347530 0.000000
4958.390119 0.000000
4958.432709 0.000000
4958.475298 0.000000
4958.517888 0.000000
4958.560477 0.000000
4958.603066 0.000000
4958.645656 0.000000
4958.688245 0.000000
4958.730835 0.000000
4958.773424 0.000000
4958.816014 0.000000
4958.858603 0.000000
4958.901193 0.000000
4958.943782 0.000000
4958.986371 0.000000
4959.028961 0.000000
4959.071550 0.000000
4959.114140 0.000000
4959.156729 0.000000
4959.199319 0.000000
4959.241908 0.000000
4959.284497 0.000000
4959.327087 0.000000
4959.369676 0.000000
4959.412266 0.000000
4959.454855 0.000000
4959.497445 0.000000
4959.540034 0.000000
4959.582624 0.000000
4959.625213 0.000000
4959.667802 0.000000
4959.710392 0.000000
4959.752981 0.000000
4959.795571 0.000000
4959.838160 0.000000
4959.880750 0.000000
4959.923339 0.000000
4959.965928 0.000000
4960.008518 0.000000
4960.051107 0.000000
4960.093697 0.000000
4960.136286 0.000000
4960.178876 0.000000
4960.221465 0.000000
4960.264055 0.000000
4960.306644 0.000000
4960.349233 0.000000
4960.391823 0.000000
4960.434412 0.000000
4960.477002 0.000000
4960.519591 0.000000
4960.562181 0.000000
4960.604770 0.000000
4960.647359 0.000000
4960.689949 0.000000
4960.732538 0.000000
4960.775128 0.000000
4960.817717 0.000000
4960.860307 0.000000
4960.902896 0.000000
4960.945486 0.000000
4960.988075 0.000000
4961.030664 0.000000
4961.073254 0.000000
4961.115843 0.000000
4961.158433 0.000000
4961.201022 0.000000
4961.243612 0.000000
4961.286201 0.000000
4961.328790 0.000000
4961.371380 0.000000
4961.413969 0.000000
4961.456559 0.000000
4961.499148 0.000000
4961.541738 0.000000
4961.584327 0.000000
4961.626917 0.000000
4961.669506 0.000000
4961.712095 0.000000
4961.754685 0.000000
4961.797274 0.000000
4961.839864 0.000000
4961.882453 0.000000
4961.925043 0.000000
4961.967632 0.000000
4962.010221 0.000000
4962.052811 0.000000
4962.095400 0.000000
4962.137990 0.000000
4962.180579 0.000000
4962.223169 0.000000
4962.265758 0.000000
4962.308348 0.000000
4962.350937 0.000000
4962.393526 0.000000
4962.436116 0.000000
4962.478705 0.000000
4962.521295 0.000000
4962.563884 0.000000
4962.606474 0.000000
4962.649063 0.000000
4962.691652 0.000000
4962.734242 0.000000
4962.776831 0.000000
4962.819421 0.000000
4962.862010 0.000000
4962.904600 0.000000
4962.947189 0.000000
4962.989779 0.000000
4963.032368 0.000000
4963.074957 0.000000
4963.117547 0.000000
4963.160136 0.000000
4963.202726 0.000000
4963.245315 0.000000
4963.287905 0.000000
4963.330494 0.000000
4963.373083 0.000000
4963.415673 0.000000
4963.458262 0.000000
4963.500852 0.000000
4963.543441 0.000000
4963.586031 0.000000
4963.628620 0.000000
4963.671210 0.000000
4963.713799 0.000000
4963.756388 0.000000
4963.798978 0.000000
4963.841567 0.000000
4963.884157 0.000000
4963.926746 0.000000
4963.969336 0.000000
4964.011925 0.000000
4964.054514 0.000000
4964.097104 0.000000
4964.139693 0.000000
4964.182283 0.000000
4964.224872 0.000000
4964.267462 0.000000
4964.310051 0.000000
4964.352641 0.000000
4964.395230 0.000000
4964.437819 0.000000
4964.480409 0.000000
4964.522998 0.000000
4964.565588 0.000000
4964.608177 0.000000
4964.650767 0.000000
4964.693356 0.000000
4964.735945 0.000000
4964.778535 0.000000
4964.821124 0.000000
4964.863714 0.000000
4964.906303 0.000000
4964.948893 0.000000
4964.991482 0.000000
4965.034072 0.000000
4965.076661 0.000000
4965.119250 0.000000
4965.161840 0.000000
4965.204429 0.000000
4965.247019 0.000000
4965.289608 0.000000
4965.332198 0.000000
4965.374787 0.000000
4965.417376 0.000000
4965.459966 0.000000
4965.502555 0.000000
4965.545145 0.000000
4965.587734 0.000000
4965.630324 0.000000
4965.672913 0.000000
4965.715503 0.000000
4965.758092 0.000000
4965.800681 0.000000
4965.843271 0.000000
4965.885860 0.000000
4965.928450 0.000000
4965.971039 0.000000
4966.013629 0.000000
4966.056218 0.000000
4966.098807 0.000000
4966.141397 0.000000
4966.183986 0.000000
4966.226576 0.000000
4966.269165 0.000000
4966.311755 0.000000
4966.354344 0.000000
4966.396934 0.000000
4966.439523 0.000000
4966.482112 0.000000
4966.524702 0.000000
4966.567291 0.000000
4966.609881 0.000000
4966.652470 0.000000
4966.695060 0.000000
4966.737649 0.000000
4966.780239 0.000000
4966.822828 0.000000
4966.865417 0.000000
4966.908007 0.000000
4966.950596 0.000000
4966.993186 0.000000
4967.035775 0.000000
4967.078365 0.000000
4967.120954 0.000000
4967.163543 0.000000
4967.206133 0.000000
4967.248722 0.000000
4967.291312 0.000000
4967.333901 0.000000
4967.376491 0.000000
4967.419080 0.000000
4967.461670 0.000000
4967.504259 0.000000
4967.546848 0.000000
4967.589438 0.000000
4967.632027 0.000000
4967.674617 0.000000
4967.717206 0.000000
4967.759796 0.000000
4967.802385 0.000000
4967.844974 0.000000
4967.887564 0.000000
4967.930153 0.000000
4967.972743 0.000000
4968.015332 0.000000
4968.057922 0.000000
4968.100511 0.000000
4968.143101 0.000000
4968.185690 0.000000
4968.228279 0.000000
4968.270869 0.000000
4968.313458 0.000000
4968.356048 0.000000
4968.398637 0.000000
4968.441227 0.000000
4968.483816 0.000000
4968.526405 0.000000
4968.568995 0.000000
4968.611584 0.000000
4968.654174 0.000000
4968.696763 0.000000
4968.739353 0.000000
4968.781942 0.000000
4968.824532 0.000000
4968.867121 0.000000
4968.909710 0.000000
4968.952300 0.000000
4968.994889 0.000000
4969.037479 0.000000
4969.080068 0.000000
4969.122658 0.000000
4969.165247 0.000000
4969.207836 0.000000
4969.250426 0.000000
4969.293015 0.000000
4969.335605 0.000000
4969.378194 0.000000
4969.420784 0.000000
4969.463373 0.000000
4969.505963 0.000000
4969.548552 0.000000
4969.591141 0.000000
4969.633731 0.000000
4969.676320 0.000000
4969.718910 0.000000
4969.761499 0.000000
4969.804089 0.000000
4969.846678 0.000000
4969.889267 0.000000
4969.931857 0.000000
4969.974446 0.000000
4970.017036 0.000000
4970.059625 0.000000
4970.102215 0.000000
4970.144804 0.000000
4970.187394 0.000000
4970.229983 0.000000
4970.272572 0.000000
4970.315162 0.000000
4970.357751 0.000000
4970.400341 0.000000
4970.442930 0.000000
4970.485520 0.000000
4970.528109 0.000000
4970.570698 0.000000
4970.613288 0.000000
4970.655877 0.000000
4970.698467 0.000000
4970.741056 0.000000
4970.783646 0.000000
4970.826235 0.000000
4970.868825 0.000000
4970.911414 0.000000
4970.954003 0.000000
4970.996593 0.000000
4971.039182 0.000000
4971.081772 0.000000
4971.124361 0.000000
4971.166951 0.000000
4971.209540 0.000000
4971.252129 0.000000
4971.294719 0.000000
4971.337308 0.000000
4971.379898 0.000000
4971.422487 0.000000
4971.465077 0.000000
4971.507666 0.000000
4971.550256 0.000000
4971.592845 0.000000
4971.635434 0.000000
4971.678024 0.000000
4971.720613 0.000000
4971.763203 0.000000
4971.805792 0.000000
4971.848382 0.000000
4971.890971 0.000000
4971.933560 0.000000
4971.976150 0.000000
4972.018739 0.000000
4972.061329 0.000000
4972.103918 0.000000
4972.146508 0.000000
4972.189097 0.000000
4972.231687 0.000000
4972.274276 0.000000
4972.316865 0.000000
4972.359455 0.000000
4972.402044 0.000000
4972.444634 0.000000
4972.487223 0.000000
4972.529813 0.000000
4972.572402 0.000000
4972.614991 0.000000
4972.657581 0.000000
4972.700170 0.000000
4972.742760 0.000000
4972.785349 0.000000
4972.827939 0.000000
4972.870528 0.000000
4972.913118 0.000000
4972.955707 0.000000
4972.998296 0.000000
4973.040886 0.000000
4973.083475 0.000000
4973.126065 0.000000
4973.168654 0.000000
4973.211244 0.000000
4973.253833 0.000000
4973.296422 0.000000
4973.339012 0.000000
4973.381601 0.000000
4973.424191 0.000000
4973.466780 0.000000
4973.509370 0.000000
4973.551959 0.000000
4973.594549 0.000000
4973.637138 0.000000
4973.679727 0.000000
4973.722317 0.000000
4973.764906 0.000000
4973.807496 0.000000
4973.850085 0.000000
4973.892675 0.000000
4973.935264 0.000000
4973.977853 0.000000
4974.020443 0.000000
4974.063032 0.000000
4974.105622 0.000000
4974.148211 0.000000
4974.190801 0.000000
4974.233390 0.000000
4974.275980 0.000000
4974.318569 0.000000
4974.361158 0.000000
4974.403748 0.000000
4974.446337 0.000000
4974.488927 0.000000
4974.531516 0.000000
4974.574106 0.000000
4974.616695 0.000000
4974.659284 0.000000
4974.701874 0.000000
4974.744463 0.000000
4974.787053 0.000000
4974.829642 0.000000
4974.872232 0.000000
4974.914821 0.000000
4974.957411 0.000000
4975.000000 0.000000
4975.042589 0.000000
4975.085179 0.000000
4975.127768 0.000000
4975.170358 0.000000
4975.212947 0.000000
4975.255537 0.000000
4975.298126 0.000000
4975.340716 0.000000
4975.383305 0.000000
4975.425894 0.000000
4975.468484 0.000000
4975.511073 0.000000
4975.553663 0.000000
4975.596252 0.000000
4975.638842 0.000000
4975.681431 0.000000
4975.724020 0.000000
4975.766610 0.000000
4975.809199 0.000000
4975.851789 0.000000
4975.894378 0.000000
4975.936968 0.000000
4975.979557 0.000000
4976.022147 0.000000
4976.064736 0.000000
4976.107325 0.000000
4976.149915 0.000000
4976.192504 0.000000
4976.235094 0.000000
4976.277683 0.000000
4976.320273 0.000000
4976.362862 0.000000
4976.405451 0.000000
4976.448041 0.000000
4976.490630 0.000000
4976.533220 0.000000
4976.575809 0.000000
4976.618399 0.000000
4976.660988 0.000000
4976.703578 0.000000
4976.746167 0.000000
4976.788756 0.000000
4976.831346 0.000000
4976.873935 0.000000
4976.916525 0.000000
4976.959114 0.000000
4977.001704 0.000000
4977.044293 0.000000
4977.086882 0.000000
4977.129472 0.000000
4977.172061 0.000000
4977.214651 0.000000
4977.257240 0.000000
4977.299830 0.000000
4977.342419 0.000000
4977.385009 0.000000
4977.427598 0.000000
4977.470187 0.000000
4977.512777 0.000000
4977.555366 0.000000
4977.597956 0.000000
4977.640545 0.000000
4977.683135 0.000000
4977.725724 0.000000
4977.768313 0.000000
4977.810903 0.000000
4977.853492 0.000000
4977.896082 0.000000
4977.938671 0.000000
4977.981261 0.000000
4978.023850 0.000000
4978.066440 0.000000
4978.109029 0.000000
4978.151618 0.000000
4978.194208 0.000000
4978.236797 0.000000
4978.279387 0.000000
4978.321976 0.000000
4978.364566 0.000000
4978.407155 0.000000
4978.449744 0.000000
4978.492334 0.000000
4978.534923 0.000000
4978.577513 0.000000
4978.620102 0.000000
4978.662692 0.000000
4978.705281 0.000000
4978.747871 0.000000
4978.790460 0.000000
4978.833049 0.000000
4978.875639 0.000000
4978.918228 0.000000
4978.960818 0.000000
4979.003407 0.000000
4979.045997 0.000000
4979.088586 0.000000
4979.131175 0.000000
4979.173765 0.000000
4979.216354 0.000000
4979.258944 0.000000
4979.301533 0.000000
4979.344123 0.000000
4979.386712 0.000000
4979.429302 0.000000
4979.471891 0.000000
4979.514480 0.000000
4979.557070 0.000000
4979.599659 0.000000
4979.642249 0.000000
4979.684838 0.000000
4979.727428 0.000000
4979.770017 0.000000
4979.812606 0.000000
4979.855196 0.000000
4979.897785 0.000000
4979.940375 0.000000
4979.982964 0.000000
4980.025554 0.000000
4980.068143 0.000000
4980.110733 0.000000
4980.153322 0.000000
4980.195911 0.000000
4980.238501 0.000000
4980.281090 0.000000
4980.323680 0.000000
4980.366269 0.000000
4980.408859 0.000000
4980.451448 0.000000
4980.494037 0.000000
4980.536627 0.000000
4980.579216 0.000000
4980.621806 0.000000
4980.664395 0.000000
4980.706985 0.000000
4980.749574 0.000000
4980.792164 0.000000
4980.834753 0.000000
4980.877342 0.000000
4980.919932 0.000000
4980.962521 0.000000
4981.005111 0.000000
4981.047700 0.000000
4981.090290 0.000000
4981.132879 0.000000
4981.175468 0.000000
4981.218058 0.000000
4981.260647 0.000000
4981.303237 0.000000
4981.345826 0.000000
4981.388416 0.000000
4981.431005 0.000000
4981.473595 0.000000
4981.516184 0.000000
4981.558773 0.000000
4981.601363 0.000000
4981.643952 0.000000
4981.686542 0.000000
4981.729131 0.000000
4981.771721 0.000000
4981.814310 0.000000
4981.856899 0.000000
4981.899489 0.000000
4981.942078 0.000000
4981.984668 0.000000
4982.027257 0.000000
4982.069847 0.000000
4982.112436 0.000000
4982.155026 0.000000
4982.197615 0.000000
4982.240204 0.000000
4982.282794 0.000000
4982.325383 0.000000
4982.367973 0.000000
4982.410562 0.000000
4982.453152 0.000000
4982.495741 0.000000
4982.538330 0.000000
4982.580920 0.000000
4982.623509 0.000000
4982.666099 0.000000
4982.708688 0.000000
4982.751278 0.000000
4982.793867 0.000000
4982.836457 0.000000
4982.879046 0.000000
4982.921635 0.000000
4982.964225 0.000000
4983.006814 0.000000
4983.049404 0.000000
4983.091993 0.000000
4983.134583 0.000000
4983.177172 0.000000
4983.219761 0.000000
4983.262351 0.000000
4983.304940 0.000000
4983.347530 0.000000
4983.390119 0.000000
4983.432709 0.000000
4983.475298 0.000000
4983.517888 0.000000
4983.560477 0.000000
4983.603066 0.000000
4983.645656 0.000000
4983.688245 0.000000
4983.730835 0.000000
4983.773424 0.000000
4983.816014 0.000000
4983.858603 0.000000
4983.901193 0.000000
4983.943782 0.000000
4983.986371 0.000000
4984.028961 0.000000
4984.071550 0.000000
4984.114140 0.000000
4984.156729 0.000000
4984.199319 0.000000
4984.241908 0.000000
4984.284497 0.000000
4984.327087 0.000000
4984.369676 0.000000
4984.412266 0.000000
4984.454855 0.000000
4984.497445 0.000000
4984.540034 0.000000
4984.582624 0.000000
4984.625213 0.000000
4984.667802 0.000000
4984.710392 0.000000
4984.752981 0.000000
4984.795571 0.000000
4984.838160 0.000000
4984.880750 0.000000
4984.923339 0.000000
4984.965928 0.000000
4985.008518 0.000000
4985.051107 0.000000
4985.093697 0.000000
4985.136286 0.000000
4985.178876 0.000000
4985.221465 0.000000
4985.264055 0.000000
4985.306644 0.000000
4985.349233 0.000000
4985.391823 0.000000
4985.434412 0.000000
4985.477002 0.000000
4985.519591 0.000000
4985.562181 0.000000
4985.604770 0.000000
4985.647359 0.000000
4985.689949 0.000000
4985.732538 0.000000
4985.775128 0.000000
4985.817717 0.000000
4985.860307 0.000000
4985.902896 0.000000
4985.945486 0.000000
4985.988075 0.000000
4986.030664 0.000000
4986.073254 0.000001
4986.115843 0.000001
4986.158433 0.000001
4986.201022 0.000001
4986.243612 0.000001
4986.286201 0.000001
4986.328790 0.000001
4986.371380 0.000001
4986.413969 0.000001
4986.456559 0.000001
4986.499148 0.000001
4986.541738 0.000001
4986.584327 0.000001
4986.626917 0.000001
4986.669506 0.000001
4986.712095 0.000001
4986.754685 0.000001
4986.797274 0.000001
4986.839864 0.000001
4986.882453 0.000001
4986.925043 0.000001
4986.967632 0.000001
4987.010221 0.000002
4987.052811 0.000002
4987.095400 0.000002
4987.137990 0.000002
4987.180579 0.000002
4987.223169 0.000002
4987.265758 0.000002
4987.308348 0.000002
4987.350937 0.000002
4987.393526 0.000002
4987.436116 0.000002
4987.478705 0.000003
4987.521295 0.000003
4987.563884 0.000003
4987.606474 0.000003
4987.649063 0.000003
4987.691652 0.000003
4987.734242 0.000003
4987.776831 0.000004
4987.819421 0.000004
4987.862010 0.000004
4987.904600 0.000004
4987.947189 0.000004
4987.989779 0.000005
4988.032368 0.000005
4988.074957 0.000005
4988.117547 0.000005
4988.160136 0.000005
4988.202726 0.000006
4988.245315 0.000006
4988.287905 0.000006
4988.330494 0.000007
4988.373083 0.000007
4988.415673 0.000007
4988.458262 0.000007
4988.500852 0.000008
4988.543441 0.000008
4988.586031 0.000009
4988.628620 0.000009
4988.671210 0.000009
4988.713799 0.000010
4988.756388 0.000010
4988.798978 0.000011
4988.841567 0.000011
4988.884157 0.000012
4988.926746 0.000012
4988.969336 0.000013
4989.011925 0.000013
4989.054514 0.000014
4989.097104 0.000014
4989.139693 0.000015
4989.182283 0.000016
4989.224872 0.000016
4989.267462 0.000017
4989.310051 0.000018
4989.352641 0.000019
4989.395230 0.000020
4989.437819 0.000020
4989.480409 0.000021
4989.522998 0.000022
4989.565588 0.000023
4989.608177 0.000024
4989.650767 0.000025
4989.693356 0.000026
4989.735945 0.000027
4989.778535 0.000029
4989.821124 0.000030
4989.863714 0.000031
4989.906303 0.000032
4989.948893 0.000034
4989.991482 0.000035
4990.034072 0.000037
4990.076661 0.000038
4990.119250 0.000040
4990.161840 0.000042
4990.204429 0.000043
4990.247019 0.000045
4990.289608 0.000047
4990.332198 0.000049
4990.374787 0.000051
4990.417376 0.000053
4990.459966 0.000055
4990.502555 0.000058
4990.545145 0.000060
4990.587734 0.000062
4990.630324 0.000065
4990.672913 0.000068
4990.715503 0.000070
4990.758092 0.000073
4990.800681 0.000076
4990.843271 0.000079
4990.885860 0.000083
4990.928450 0.000086
4990.971039 0.000089
4991.013629 0.000093
4991.056218 0.000097
4991.098807 0.000100
4991.141397 0.000104
4991.183986 0.000108
4991.226576 0.000113
4991.269165 0.000117
4991.311755 0.000122
4991.354344 0.000127
4991.396934 0.000132
4991.439523 0.000137
4991.482112 0.000142
4991.524702 0.000147
4991.567291 0.000153
4991.609881 0.000159
4991.652470 0.000165
4991.695060 0.000172
4991.737649 0.000178
4991.780239 0.000185
4991.822828 0.000192
4991.865417 0.000199
4991.908007 0.000207
4991.950596 0.000215
4991.993186 0.000223
4992.035775 0.000231
4992.078365 0.000240
4992.120954 0.000249
4992.163543 0.000258
4992.206133 0.000268
4992.248722 0.000278
4992.291312 0.000288
4992.333901 0.000298
4992.376491 0.000309
4992.419080 0.000321
4992.461670 0.000332
4992.504259 0.000345
4992.546848 0.000357
4992.589438 0.000370
4992.632027 0.000384
4992.674617 0.000397
4992.717206 0.000412
4992.759796 0.000427
4992.802385 0.000442
4992.844974 0.000458
4992.887564 0.000474
4992.930153 0.000491
4992.972743 0.000508
4993.015332 0.000526
4993.057922 0.000545
4993.100511 0.000564
4993.143101 0.000583
4993.185690 0.000604
4993.228279 0.000625
4993.270869 0.000647
4993.313458 0.000669
4993.356048 0.000692
4993.398637 0.000716
4993.441227 0.000741
4993.483816 0.000766
4993.526405 0.000792
4993.568995 0.000819
4993.611584 0.000847
4993.654174 0.000875
4993.696763 0.000905
4993.739353 0.000935
4993.781942 0.000967
4993.824532 0.000999
4993.867121 0.001033
4993.909710 0.001067
4993.952300 0.001102
4993.994889 0.001139
4994.037479 0.001176
4994.080068 0.001215
4994.122658 0.001255
4994.165247 0.001296
4994.207836 0.001338
4994.250426 0.001381
4994.293015 0.001426
4994.335605 0.001472
4994.378194 0.001520
4994.420784 0.001568
4994.463373 0.001618
4994.505963 0.001670
4994.548552 0.001723
4994.591141 0.001778
4994.633731 0.001834
4994.676320 0.001892
4994.718910 0.001951
4994.761499 0.002012
4994.804089 0.002075
4994.846678 0.002140
4994.889267 0.002206
4994.931857 0.002274
4994.974446 0.002344
4995.017036 0.002416
4995.059625 0.002490
4995.102215 0.002566
4995.144804 0.002644
4995.187394 0.002724
4995.229983 0.002807
4995.272572 0.002891
4995.315162 0.002978
4995.357751 0.003067
4995.400341 0.003159
4995.442930 0.003252
4995.485520 0.003349
4995.528109 0.003448
4995.570698 0.003549
4995.613288 0.003653
4995.655877 0.003760
4995.698467 0.003870
4995.741056 0.003982
4995.783646 0.004097
4995.826235 0.004216
4995.868825 0.004337
4995.911414 0.004461
4995.954003 0.004588
4995.996593 0.004719
4996.039182 0.004853
4996.081772 0.004990
4996.124361 0.005131
4996.166951 0.005275
4996.209540 0.005422
4996.252129 0.005573
4996.294719 0.005728
4996.337308 0.005887
4996.379898 0.006049
4996.422487 0.006215
4996.465077 0.006385
4996.507666 0.006559
4996.550256 0.006738
4996.592845 0.006920
4996.635434 0.007107
4996.678024 0.007298
4996.720613 0.007494
4996.763203 0.007694
4996.805792 0.007899
4996.848382 0.008108
4996.890971 0.008322
4996.933560 0.008541
4996.976150 0.008765
4997.018739 0.008994
4997.061329 0.009228
4997.103918 0.009467
4997.146508 0.009711
4997.189097 0.009961
4997.231687 0.010216
4997.274276 0.010477
4997.316865 0.010743
4997.359455 0.011016
4997.402044 0.011294
4997.444634 0.011577
4997.487223 0.011867
4997.529813 0.012163
4997.572402 0.012466
4997.614991 0.012774
4997.657581 0.013089
4997.700170 0.013410
4997.742760 0.013738
4997.785349 0.014073
4997.827939 0.014414
4997.870528 0.014762
4997.913118 0.015118
4997.955707 0.015480
4997.998296 0.015850
4998.040886 0.016226
4998.083475 0.016611
4998.126065 0.017002
4998.168654 0.017401
4998.211244 0.017808
4998.253833 0.018223
4998.296422 0.018646
4998.339012 0.019076
4998.381601 0.019515
4998.424191 0.019962
4998.466780 0.020417
4998.509370 0.020880
4998.551959 0.021352
4998.594549 0.021833
4998.637138 0.022322
4998.679727 0.022820
4998.722317 0.023327
4998.764906 0.023843
4998.807496 0.024368
4998.850085 0.024902
4998.892675 0.025446
4998.935264 0.025999
4998.977853 0.026561
4999.020443 0.027133
4999.063032 0.027715
4999.105622 0.028306
4999.148211 0.028907
4999.190801 0.029519
4999.233390 0.030140
4999.275980 0.030772
4999.318569 0.031413
4999.361158 0.032065
4999.403748 0.032728
4999.446337 0.033401
4999.488927 0.034085
4999.531516 0.034779
4999.574106 0.035484
4999.616695 0.036200
4999.659284 0.036927
4999.701874 0.037664
4999.744463 0.038413
4999.787053 0.039174
4999.829642 0.039945
4999.872232 0.040727
4999.914821 0.041522
4999.957411 0.042327
5000.000000 0.043144
5000.042589 0.043973
5000.085179 0.044813
5000.127768 0.045665
5000.170358 0.046529
5000.212947 0.047404
5000.255537 0.048292
5000.298126 0.049191
5000.340716 0.050102
5000.383305 0.051026
5000.425894 0.051961
5000.468484 0.052909
5000.511073 0.053868
5000.553663 0.054840
5000.596252 0.055825
5000.638842 0.056821
5000.681431 0.057830
5000.724020 0.058851
5000.766610 0.059884
5000.809199 0.060930
5000.851789 0.061988
5000.894378 0.063058
5000.936968 0.064141
5000.979557 0.065236
5001.022147 0.066344
5001.064736 0.067464
5001.107325 0.068596
5001.149915 0.069741
5001.192504 0.070898
5001.235094 0.072067
5001.277683 0.073249
5001.320273 0.074443
5001.362862 0.075649
5001.405451 0.076868
5001.448041 0.078098
5001.490630 0.079341
5001.533220 0.080596
5001.575809 0.081863
5001.618399 0.083142
5001.660988 0.084433
5001.703578 0.085736
5001.746167 0.087051
5001.788756 0.088378
5001.831346 0.089716
5001.873935 0.091065
5001.916525 0.092427
5001.959114 0.093799
5002.001704 0.095183
5002.044293 0.096579
5002.086882 0.097985
5002.129472 0.099403
5002.172061 0.100831
5002.214651 0.102270
5002.257240 0.103720
5002.299830 0.105180
5002.342419 0.106651
5002.385009 0.108132
5002.427598 0.109623
5002.470187 0.111124
5002.512777 0.112635
5002.555366 0.114156
5002.597956 0.115686
5002.640545 0.117226
5002.683135 0.118774
5002.725724 0.120332
5002.768313 0.121899
5002.810903 0.123474
5002.853492 0.125058
5002.896082 0.126650
5002.938671 0.128250
5002.981261 0.129858
5003.023850 0.131473
5003.066440 0.133096
5003.109029 0.134727
5003.151618 0.136364
5003.194208 0.138008
5003.236797 0.139658
5003.279387 0.141315
5003.321976 0.142978
5003.364566 0.144647
5003.407155 0.146321
5003.449744 0.148001
5003.492334 0.149685
5003.534923 0.151374
5003.577513 0.153068
5003.620102 0.154766
5003.662692 0.156468
5003.705281 0.158174
5003.747871 0.159883
5003.790460 0.161595
5003.833049 0.163310
5003.875639 0.165028
5003.918228 0.166747
5003.960818 0.168469
5004.003407 0.170192
5004.045997 0.171917
5004.088586 0.173642
5004.131175 0.175368
5004.173765 0.177094
5004.216354 0.178821
5004.258944 0.180547
5004.301533 0.182272
5004.344123 0.183996
5004.386712 0.185719
5004.429302 0.187440
5004.471891 0.189159
5004.514480 0.190876
5004.557070 0.192590
5004.599659 0.194301
5004.642249 0.196009
5004.684838 0.197712
5004.727428 0.199412
5004.770017 0.201107
5004.812606 0.202797
5004.855196 0.204482
5004.897785 0.206161
5004.940375 0.207834
5004.982964 0.209501
5005.025554 0.211161
5005.068143 0.212814
5005.110733 0.214460
5005.153322 0.216098
5005.195911 0.217727
5005.238501 0.219348
5005.281090 0.220960
5005.323680 0.222563
5005.366269 0.224156
5005.408859 0.225739
5005.451448 0.227312
5005.494037 0.228873
5005.536627 0.230424
5005.579216 0.231963
5005.621806 0.233490
5005.664395 0.235005
5005.706985 0.236507
5005.749574 0.237996
5005.792164 0.239471
5005.834753 0.240933
5005.877342 0.242381
5005.919932 0.243814
5005.962521 0.245232
5006.005111 0.246635
5006.047700 0.248023
5006.090290 0.249395
5006.132879 0.250750
5006.175468 0.252089
5006.218058 0.253411
5006.260647 0.254715
5006.303237 0.256002
5006.345826 0.257271
5006.388416 0.258521
5006.431005 0.259753
5006.473595 0.260966
5006.516184 0.262160
5006.558773 0.263334
5006.601363 0.264488
5006.643952 0.265622
5006.686542 0.266736
5006.729131 0.267828
5006.771721 0.268900
5006.814310 0.269950
5006.856899 0.270979
5006.899489 0.271985
5006.942078 0.272970
5006.984668 0.273931
5007.027257 0.274870
5007.069847 0.275787
5007.112436 0.276679
5007.155026 0.277549
5007.197615 0.278394
5007.240204 0.279216
5007.282794 0.280013
5007.325383 0.280786
5007.367973 0.281534
5007.410562 0.282257
5007.453152 0.282956
5007.495741 0.283629
5007.538330 0.284276
5007.580920 0.284898
5007.623509 0.285494
5007.666099 0.286065
5007.708688 0.286609
5007.751278 0.287126
5007.793867 0.287618
5007.836457 0.288083
5007.879046 0.288521
5007.921635 0.288932
5007.964225 0.289316
5008.006814 0.289674
5008.049404 0.290004
5008.091993 0.290307
5008.134583 0.290582
5008.177172 0.290831
5008.219761 0.291051
5008.262351 0.291244
5008.304940 0.291410
5008.347530 0.291548
5008.390119 0.291658
5008.432709 0.291741
5008.475298 0.291796
5008.517888 0.291823
5008.560477 0.291822
5008.603066 0.291793
5008.645656 0.291737
5008.688245 0.291653
5008.730835 0.291542
5008.773424 0.291402
5008.816014 0.291235
5008.858603 0.291041
5008.901193 0.290819
5008.943782 0.290569
5008.986371 0.290292
5009.028961 0.289988
5009.071550 0.289656
5009.114140 0.289298
5009.156729 0.288912
5009.199319 0.288499
5009.241908 0.288060
5009.284497 0.287593
5009.327087 0.287101
5009.369676 0.286582
5009.412266 0.286036
5009.454855 0.285465
5009.497445 0.284867
5009.540034 0.284244
5009.582624 0.283595
5009.625213 0.282921
5009.667802 0.282221
5009.710392 0.281496
5009.752981 0.280747
5009.795571 0.279973
5009.838160 0.279174
5009.880750 0.278352
5009.923339 0.277505
5009.965928 0.276634
5010.008518 0.275740
5010.051107 0.274823
5010.093697 0.273883
5010.136286 0.272920
5010.178876 0.271935
5010.221465 0.270927
5010.264055 0.269897
5010.306644 0.268846
5010.349233 0.267773
5010.391823 0.266680
5010.434412 0.265565
5010.477002 0.264430
5010.519591 0.263275
5010.562181 0.262100
5010.604770 0.260905
5010.647359 0.259691
5010.689949 0.258458
5010.732538 0.257207
5010.775128 0.255937
5010.817717 0.254649
5010.860307 0.253344
5010.902896 0.252021
5010.945486 0.250681
5010.988075 0.249325
5011.030664 0.247953
5011.073254 0.246564
5011.115843 0.245160
5011.158433 0.243741
5011.201022 0.242307
5011.243612 0.240859
5011.286201 0.239396
5011.328790 0.237920
5011.371380 0.236431
5011.413969 0.234928
5011.456559 0.233412
5011.499148 0.231885
5011.541738 0.230345
5011.584327 0.228794
5011.626917 0.227232
5011.669506 0.225659
5011.712095 0.224075
5011.754685 0.222482
5011.797274 0.220879
5011.839864 0.219266
5011.882453 0.217645
5011.925043 0.216015
5011.967632 0.214376
5012.010221 0.212730
5012.052811 0.211077
5012.095400 0.209416
5012.137990 0.207749
5012.180579 0.206075
5012.223169 0.204396
5012.265758 0.202711
5012.308348 0.201020
5012.350937 0.199325
5012.393526 0.197625
5012.436116 0.195922
5012.478705 0.194214
5012.521295 0.192503
5012.563884 0.190789
5012.606474 0.189072
5012.649063 0.187353
5012.691652 0.185631
5012.734242 0.183908
5012.776831 0.182184
5012.819421 0.180459
5012.862010 0.178733
5012.904600 0.177006
5012.947189 0.175280
5012.989779 0.173554
5013.032368 0.171829
5013.074957 0.170104
5013.117547 0.168381
5013.160136 0.166660
5013.202726 0.164940
5013.245315 0.163223
5013.287905 0.161508
5013.330494 0.159796
5013.373083 0.158087
5013.415673 0.156382
5013.458262 0.154680
5013.500852 0.152982
5013.543441 0.151288
5013.586031 0.149599
5013.628620 0.147915
5013.671210 0.146236
5013.713799 0.144562
5013.756388 0.142893
5013.798978 0.141231
5013.841567 0.139574
5013.884157 0.137924
5013.926746 0.136280
5013.969336 0.134643
5014.011925 0.133014
5014.054514 0.131391
5014.097104 0.129776
5014.139693 0.128168
5014.182283 0.126569
5014.224872 0.124977
5014.267462 0.123394
5014.310051 0.121819
5014.352641 0.120253
5014.395230 0.118695
5014.437819 0.117147
5014.480409 0.115608
5014.522998 0.114078
5014.565588 0.112558
5014.608177 0.111047
5014.650767 0.109547
5014.693356 0.108056
5014.735945 0.106576
5014.778535 0.105105
5014.821124 0.103646
5014.863714 0.102196
5014.906303 0.100758
5014.948893 0.099330
5014.991482 0.097913
5015.034072 0.096507
5015.076661 0.095113
5015.119250 0.093729
5015.161840 0.092357
5015.204429 0.090996
5015.247019 0.089647
5015.289608 0.088310
5015.332198 0.086984
5015.374787 0.085670
5015.417376 0.084367
5015.459966 0.083077
5015.502555 0.081798
5015.545145 0.080532
5015.587734 0.079278
5015.630324 0.078035
5015.672913 0.076805
5015.715503 0.075587
5015.758092 0.074382
5015.800681 0.073188
5015.843271 0.072007
5015.885860 0.070838
5015.928450 0.069682
5015.971039 0.068538
5016.013629 0.067406
5016.056218 0.066287
5016.098807 0.065180
5016.141397 0.064085
5016.183986 0.063003
5016.226576 0.061933
5016.269165 0.060876
5016.311755 0.059831
5016.354344 0.058798
5016.396934 0.057778
5016.439523 0.056770
5016.482112 0.055774
5016.524702 0.054791
5016.567291 0.053819
5016.609881 0.052860
5016.652470 0.051913
5016.695060 0.050978
5016.737649 0.050056
5016.780239 0.049145
5016.822828 0.048246
5016.865417 0.047359
5016.908007 0.046484
5016.950596 0.045621
5016.993186 0.044770
5017.035775 0.043930
5017.078365 0.043102
5017.120954 0.042286
5017.163543 0.041481
5017.206133 0.040687
5017.248722 0.039905
5017.291312 0.039135
5017.333901 0.038375
5017.376491 0.037627
5017.419080 0.036889
5017.461670 0.036163
5017.504259 0.035448
5017.546848 0.034743
5017.589438 0.034049
5017.632027 0.033366
5017.674617 0.032694
5017.717206 0.032032
5017.759796 0.031380
5017.802385 0.030739
5017.844974 0.030108
5017.887564 0.029487
5017.930153 0.028877
5017.972743 0.028276
5018.015332 0.027685
5018.057922 0.027104
5018.100511 0.026532
5018.143101 0.025970
5018.185690 0.025418
5018.228279 0.024875
5018.270869 0.024341
5018.313458 0.023816
5018.356048 0.023301
5018.398637 0.022794
5018.441227 0.022297
5018.483816 0.021808
5018.526405 0.021328
5018.568995 0.020856
5018.611584 0.020393
5018.654174 0.019939
5018.696763 0.019492
5018.739353 0.019054
5018.781942 0.018624
5018.824532 0.018202
5018.867121 0.017787
5018.909710 0.017381
5018.952300 0.016982
5018.994889 0.016591
5019.037479 0.016207
5019.080068 0.015831
5019.122658 0.015461
5019.165247 0.015099
5019.207836 0.014745
5019.250426 0.014397
5019.293015 0.014056
5019.335605 0.013721
5019.378194 0.013394
5019.420784 0.013073
5019.463373 0.012758
5019.505963 0.012450
5019.548552 0.012148
5019.591141 0.011852
5019.633731 0.011563
5019.676320 0.011279
5019.718910 0.011002
5019.761499 0.010730
5019.804089 0.010464
5019.846678 0.010203
5019.889267 0.009948
5019.931857 0.009699
5019.974446 0.009454
5020.017036 0.009216
5020.059625 0.008982
5020.102215 0.008753
5020.144804 0.008530
5020.187394 0.008311
5020.229983 0.008097
5020.272572 0.007888
5020.315162 0.007684
5020.357751 0.007484
5020.400341 0.007288
5020.442930 0.007097
5020.485520 0.006911
5020.528109 0.006729
5020.570698 0.006550
5020.613288 0.006376
5020.655877 0.006207
5020.698467 0.006040
5020.741056 0.005878
5020.783646 0.005720
5020.826235 0.005565
5020.868825 0.005414
5020.911414 0.005267
5020.954003 0.005123
5020.996593 0.004983
5021.039182 0.004846
5021.081772 0.004712
5021.124361 0.004582
5021.166951 0.004455
5021.209540 0.004331
5021.252129 0.004209
5021.294719 0.004091
5021.337308 0.003976
5021.379898 0.003864
5021.422487 0.003755
5021.465077 0.003648
5021.507666 0.003544
5021.550256 0.003443
5021.592845 0.003344
5021.635434 0.003248
5021.678024 0.003154
5021.720613 0.003062
5021.763203 0.002973
5021.805792 0.002887
5021.848382 0.002802
5021.890971 0.002720
5021.933560 0.002640
5021.976150 0.002562
5022.018739 0.002486
5022.061329 0.002412
5022.103918 0.002340
5022.146508 0.002271
5022.189097 0.002202
5022.231687 0.002136
5022.274276 0.002072
5022.316865 0.002009
5022.359455 0.001948
5022.402044 0.001889
5022.444634 0.001831
5022.487223 0.001775
5022.529813 0.001720
5022.572402 0.001667
5022.614991 0.001616
5022.657581 0.001566
5022.700170 0.001517
5022.742760 0.001470
5022.785349 0.001424
5022.827939 0.001379
5022.870528 0.001336
5022.913118 0.001294
5022.955707 0.001253
5022.998296 0.001213
5023.040886 0.001174
5023.083475 0.001137
5023.126065 0.001100
5023.168654 0.001065
5023.211244 0.001031
5023.253833 0.000998
5023.296422 0.000965
5023.339012 0.000934
5023.381601 0.000903
5023.424191 0.000874
5023.466780 0.000845
5023.509370 0.000818
5023.551959 0.000791
5023.594549 0.000765
5023.637138 0.000739
5023.679727 0.000715
5023.722317 0.000691
5023.764906 0.000668
5023.807496 0.000645
5023.850085 0.000624
5023.892675 0.000603
5023.935264 0.000582
5023.977853 0.000563
5024.020443 0.000544
5024.063032 0.000525
5024.105622 0.000507
5024.148211 0.000490
5024.190801 0.000473
5024.233390 0.000457
5024.275980 0.000441
5024.318569 0.000426
5024.361158 0.000411
5024.403748 0.000397
5024.446337 0.000383
5024.488927 0.000369
5024.531516 0.000357
5024.574106 0.000344
5024.616695 0.000332
5024.659284 0.000320
5024.701874 0.000309
5024.744463 0.000298
5024.787053 0.000287
5024.829642 0.000277
5024.872232 0.000267
5024.914821 0.000258
5024.957411 0.000248
5025.000000 0.000239
5025.042589 0.000231
5025.085179 0.000222
5025.127768 0.000214
5025.170358 0.000206
5025.212947 0.000199
5025.255537 0.000192
5025.298126 0.000185
5025.340716 0.000178
5025.383305 0.000171
5025.425894 0.000165
5025.468484 0.000159
5025.511073 0.000153
5025.553663 0.000147
5025.596252 0.000142
5025.638842 0.000136
5025.681431 0.000131
5025.724020 0.000126
5025.766610 0.000122
5025.809199 0.000117
5025.851789 0.000113
5025.894378 0.000108
5025.936968 0.000104
5025.979557 0.000100
5026.022147 0.000096
5026.064736 0.000093
5026.107325 0.000089
5026.149915 0.000086
5026.192504 0.000082
5026.235094 0.000079
5026.277683 0.000076
5026.320273 0.000073
5026.362862 0.000070
5026.405451 0.000068
5026.448041 0.000065
5026.490630 0.000062
5026.533220 0.000060
5026.575809 0.000058
5026.618399 0.000055
5026.660988 0.000053
5026.703578 0.000051
5026.746167 0.000049
5026.788756 0.000047
5026.831346 0.000045
5026.873935 0.000043
5026.916525 0.000042
5026.959114 0.000040
5027.001704 0.000038
5027.044293 0.000037
5027.086882 0.000035
5027.129472 0.000034
5027.172061 0.000032
5027.214651 0.000031
5027.257240 0.000030
5027.299830 0.000029
5027.342419 0.000027
5027.385009 0.000026
5027.427598 0.000025
5027.470187 0.000024
5027.512777 0.000023
5027.555366 0.000022
5027.597956 0.000021
5027.640545 0.000020
5027.683135 0.000020
5027.725724 0.000019
5027.768313 0.000018
5027.810903 0.000017
5027.853492 0.000016
5027.896082 0.000016
5027.938671 0.000015
5027.981261 0.000014
5028.023850 0.000014
5028.066440 0.000013
5028.109029 0.000013
5028.151618 0.000012
5028.194208 0.000012
5028.236797 0.000011
5028.279387 0.000011
5028.321976 0.000010
5028.364566 0.000010
5028.407155 0.000009
5028.449744 0.000009
5028.492334 0.000009
5028.534923 0.000008
5028.577513 0.000008
5028.620102 0.000007
5028.662692 0.000007
5028.705281 0.000007
5028.747871 0.000007
5028.790460 0.000006
5028.833049 0.000006
5028.875639 0.000006
5028.918228 0.000005
5028.960818 0.000005
5029.003407 0.000005
5029.045997 0.000005
5029.088586 0.000005
5029.131175 0.000004
5029.173765 0.000004
5029.216354 0.000004
5029.258944 0.000004
5029.301533 0.000004
5029.344123 0.000003
5029.386712 0.000003
5029.429302 0.000003
5029.471891 0.000003
5029.514480 0.000003
5029.557070 0.000003
5029.599659 0.000003
5029.642249 0.000002
5029.684838 0.000002
5029.727428 0.000002
5029.770017 0.000002
5029.812606 0.000002
5029.855196 0.000002
5029.897785 0.000002
5029.940375 0.000002
5029.982964 0.000002
5030.025554 0.000002
5030.068143 0.000002
5030.110733 0.000001
5030.153322 0.000001
5030.195911 0.000001
5030.238501 0.000001
5030.281090 0.000001
5030.323680 0.000001
5030.366269 0.000001
5030.408859 0.000001
5030.451448 0.000001
5030.494037 0.000001
5030.536627 0.000001
5030.579216 0.000001
5030.621806 0.000001
5030.664395 0.000001
5030.706985 0.000001
5030.749574 0.000001
5030.792164 0.000001
5030.834753 0.000001
5030.877342 0.000001
5030.919932 0.000001
5030.962521 0.000001
5031.005111 0.000001
5031.047700 0.000000
5031.090290 0.000000
5031.132879 0.000000
5031.175468 0.000000
5031.218058 0.000000
5031.260647 0.000000
5031.303237 0.000000
5031.345826 0.000000
5031.388416 0.000000
5031.431005 0.000000
5031.473595 0.000000
5031.516184 0.000000
5031.558773 0.000000
5031.601363 0.000000
5031.643952 0.000000
5031.686542 0.000000
5031.729131 0.000000
5031.771721 0.000000
5031.814310 0.000000
5031.856899 0.000000
5031.899489 0.000000
5031.942078 0.000000
5031.984668 0.000000
5032.027257 0.000000
5032.069847 0.000000
5032.112436 0.000000
5032.155026 0.000000
5032.197615 0.000000
5032.240204 0.000000
5032.282794 0.000000
5032.325383 0.000000
5032.367973 0.000000
5032.410562 0.000000
5032.453152 0.000000
5032.495741 0.000000
5032.538330 0.000000
5032.580920 0.000000
5032.623509 0.000000
5032.666099 0.000000
5032.708688 0.000000
5032.751278 0.000000
5032.793867 0.000000
5032.836457 0.000000
5032.879046 0.000000
5032.921635 0.000000
5032.964225 0.000000
5033.006814 0.000000
5033.049404 0.000000
5033.091993 0.000000
5033.134583 0.000000
5033.177172 0.000000
5033.219761 0.000000
5033.262351 0.000000
5033.304940 0.000000
5033.347530 0.000000
5033.390119 0.000000
5033.432709 0.000000
5033.475298 0.000000
5033.517888 0.000000
5033.560477 0.000000
5033.603066 0.000000
5033.645656 0.000000
5033.688245 0.000000
5033.730835 0.000000
5033.773424 0.000000
5033.816014 0.000000
5033.858603 0.000000
5033.901193 0.000000
5033.943782 0.000000
5033.986371 0.000000
5034.028961 0.000000
5034.071550 0.000000
5034.114140 0.000000
5034.156729 0.000000
5034.199319 0.000000
5034.241908 0.000000
5034.284497 0.000000
5034.327087 0.000000
5034.369676 0.000000
5034.412266 0.000000
5034.454855 0.000000
5034.497445 0.000000
5034.540034 0.000000
5034.582624 0.000000
5034.625213 0.000000
5034.667802 0.000000
5034.710392 0.000000
5034.752981 0.000000
5034.795571 0.000000
5034.838160 0.000000
5034.880750 0.000000
5034.923339 0.000000
5034.965928 0.000000
5035.008518 0.000000
5035.051107 0.000000
5035.093697 0.000000
5035.136286 0.000000
5035.178876 0.000000
5035.221465 0.000000
5035.264055 0.000000
5035.306644 0.000000
5035.349233 0.000000
5035.391823 0.000000
5035.434412 0.000000
5035.477002 0.000000
5035.519591 0.000000
5035.562181 0.000000
5035.604770 0.000000
5035.647359 0.000000
5035.689949 0.000000
5035.732538 0.000000
5035.775128 0.000000
5035.817717 0.000000
5035.860307 0.000000
5035.902896 0.000000
5035.945486 0.000000
5035.988075 0.000000
5036.030664 0.000000
5036.073254 0.000000
5036.115843 0.000000
5036.158433 0.000000
5036.201022 0.000000
5036.243612 0.000000
5036.286201 0.000000
5036.328790 0.000000
5036.371380 0.000000
5036.413969 0.000000
5036.456559 0.000000
5036.499148 0.000000
5036.541738 0.000000
5036.584327 0.000000
5036.626917 0.000000
5036.669506 0.000000
5036.712095 0.000000
5036.754685 0.000000
5036.797274 0.000000
5036.839864 0.000000
5036.882453 0.000000
5036.925043 0.000000
5036.967632 0.000000
5037.010221 0.000000
5037.052811 0.000000
5037.095400 0.000000
5037.137990 0.000000
5037.180579 0.000000
5037.223169 0.000000
5037.265758 0.000000
5037.308348 0.000000
5037.350937 0.000000
5037.393526 0.000000
5037.436116 0.000000
5037.478705 0.000000
5037.521295 0.000000
5037.563884 0.000000
5037.606474 0.000000
5037.649063 0.000000
5037.691652 0.000000
5037.734242 0.000000
5037.776831 0.000000
5037.819421 0.000000
5037.862010 0.000000
5037.904600 0.000000
5037.947189 0.000000
5037.989779 0.000000
5038.032368 0.000000
5038.074957 0.000000
5038.117547 0.000000
5038.160136 0.000000
5038.202726 0.000000
5038.245315 0.000000
5038.287905 0.000000
5038.330494 0.000000
5038.373083 0.000000
5038.415673 0.000000
5038.458262 0.000000
5038.500852 0.000000
5038.543441 0.000000
5038.586031 0.000000
5038.628620 0.000000
5038.671210 0.000000
5038.713799 0.000000
5038.756388 0.000000
5038.798978 0.000000
5038.841567 0.000000
5038.884157 0.000000
5038.926746 0.000000
5038.969336 0.000000
5039.011925 0.000000
5039.054514 0.000000
5039.097104 0.000000
5039.139693 0.000000
5039.182283 0.000000
5039.224872 0.000000
5039.267462 0.000000
5039.310051 0.000000
5039.352641 0.000000
5039.395230 0.000000
5039.437819 0.000000
5039.480409 0.000000
5039.522998 0.000000
5039.565588 0.000000
5039.608177 0.000000
5039.650767 0.000000
5039.693356 0.000000
5039.735945 0.000000
5039.778535 0.000000
5039.821124 0.000000
5039.863714 0.000000
5039.906303 0.000000
5039.948893 0.000000
5039.991482 0.000000
5040.034072 0.000000
5040.076661 0.000000
5040.119250 0.000000
5040.161840 0.000000
5040.204429 0.000000
5040.247019 0.000000
5040.289608 0.000000
5040.332198 0.000000
5040.374787 0.000000
5040.417376 0.000000
5040.459966 0.000000
5040.502555 0.000000
5040.545145 0.000000
5040.587734 0.000000
5040.630324 0.000000
5040.672913 0.000000
5040.715503 0.000000
5040.758092 0.000000
5040.800681 0.000000
5040.843271 0.000000
5040.885860 0.000000
5040.928450 0.000000
5040.971039 0.000000
5041.013629 0.000000
5041.056218 0.000000
5041.098807 0.000000
5041.141397 0.000000
5041.183986 0.000000
5041.226576 0.000000
5041.269165 0.000000
5041.311755 0.000000
5041.354344 0.000000
5041.396934 0.000000
5041.439523 0.000000
5041.482112 0.000000
5041.524702 0.000000
5041.567291 0.000000
5041.609881 0.000000
5041.652470 0.000000
5041.695060 0.000000
5041.737649 0.000000
5041.780239 0.000000
5041.822828 0.000000
5041.865417 0.000000
5041.908007 0.000000
5041.950596 0.000000
5041.993186 0.000000
5042.035775 0.000000
5042.078365 0.000000
5042.120954 0.000000
5042.163543 0.000000
5042.206133 0.000000
5042.248722 0.000000
5042.291312 0.000000
5042.333901 0.000000
5042.376491 0.000000
5042.419080 0.000000
5042.461670 0.000000
5042.504259 0.000000
5042.546848 0.000000
5042.589438 0.000000
5042.632027 0.000000
5042.674617 0.000000
5042.717206 0.000000
5042.759796 0.000000
5042.802385 0.000000
5042.844974 0.000000
5042.887564 0.000000
5042.930153 0.000000
5042.972743 0.000000
5043.015332 0.000000
5043.057922 0.000000
5043.100511 0.000000
5043.143101 0.000000
5043.185690 0.000000
5043.228279 0.000000
5043.270869 0.000000
5043.313458 0.000000
5043.356048 0.000000
5043.398637 0.000000
5043.441227 0.000000
5043.483816 0.000000
5043.526405 0.000000
5043.568995 0.000000
5043.611584 0.000000
5043.654174 0.000000
5043.696763 0.000000
5043.739353 0.000000
5043.781942 0.000000
5043.824532 0.000000
5043.867121 0.000000
5043.909710 0.000000
5043.952300 0.000000
5043.994889 0.000000
5044.037479 0.000000
5044.080068 0.000000
5044.122658 0.000000
5044.165247 0.000000
5044.207836 0.000000
5044.250426 0.000000
5044.293015 0.000000
5044.335605 0.000000
5044.378194 0.000000
5044.420784 0.000000
5044.463373 0.000000
5044.505963 0.000000
5044.548552 0.000000
5044.591141 0.000000
5044.633731 0.000000
5044.676320 0.000000
5044.718910 0.000000
5044.761499 0.000000
5044.804089 0.000000
5044.846678 0.000000
5044.889267 0.000000
5044.931857 0.000000
5044.974446 0.000000
5045.017036 0.000000
5045.059625 0.000000
5045.102215 0.000000
5045.144804 0.000000
5045.187394 0.000000
5045.229983 0.000000
5045.272572 0.000000
5045.315162 0.000000
5045.357751 0.000000
5045.400341 0.000000
5045.442930 0.000000
5045.485520 0.000000
5045.528109 0.000000
5045.570698 0.000000
5045.613288 0.000000
5045.655877 0.000000
5045.698467 0.000000
5045.741056 0.000000
5045.783646 0.000000
5045.826235 0.000000
5045.868825 0.000000
5045.911414 0.000000
5045.954003 0.000000
5045.996593 0.000000
5046.039182 0.000000
5046.081772 0.000000
5046.124361 0.000000
5046.166951 0.000000
5046.209540 0.000000
5046.252129 0.000000
5046.294719 0.000000
5046.337308 0.000000
5046.379898 0.000000
5046.422487 0.000000
5046.465077 0.000000
5046.507666 0.000000
5046.550256 0.000000
5046.592845 0.000000
5046.635434 0.000000
5046.678024 0.000000
5046.720613 0.000000
5046.763203 0.000000
5046.805792 0.000000
5046.848382 0.000000
5046.890971 0.000000
5046.933560 0.000000
5046.976150 0.000000
5047.018739 0.000000
5047.061329 0.000000
5047.103918 0.000000
5047.146508 0.000000
5047.189097 0.000000
5047.231687 0.000000
5047.274276 0.000000
5047.316865 0.000000
5047.359455 0.000000
5047.402044 0.000000
5047.444634 0.000000
5047.487223 0.000000
5047.529813 0.000000
5047.572402 0.000000
5047.614991 0.000000
5047.657581 0.000000
5047.700170 0.000000
5047.742760 0.000000
5047.785349 0.000000
5047.827939 0.000000
5047.870528 0.000000
5047.913118 0.000000
5047.955707 0.000000
5047.998296 0.000000
5048.040886 0.000000
5048.083475 0.000000
5048.126065 0.000000
5048.168654 0.000000
5048.211244 0.000000
5048.253833 0.000000
5048.296422 0.000000
5048.339012 0.000000
5048.381601 0.000000
5048.424191 0.000000
5048.466780 0.000000
5048.509370 0.000000
5048.551959 0.000000
5048.594549 0.000000
5048.637138 0.000000
5048.679727 0.000000
5048.722317 0.000000
5048.764906 0.000000
5048.807496 0.000000
5048.850085 0.000000
5048.892675 0.000000
5048.935264 0.000000
5048.977853 0.000000
5049.020443 0.000000
5049.063032 0.000000
5049.105622 0.000000
5049.148211 0.000000
5049.190801 0.000000
5049.233390 0.000000
5049.275980 0.000000
5049.318569 0.000000
5049.361158 0.000000
5049.403748 0.000000
5049.446337 0.000000
5049.488927 0.000000
5049.531516 0.000000
5049.574106 0.000000
5049.616695 0.000000
5049.659284 0.000000
5049.701874 0.000000
5049.744463 0.000000
5049.787053 0.000000
5049.829642 0.000000
5049.872232 0.000000
5049.914821 0.000000
5049.957411 0.000000
5050.000000 0.000000
5050.042589 0.000000
5050.085179 0.000000
5050.127768 0.000000
5050.170358 0.000000
5050.212947 0.000000
5050.255537 0.000000
5050.298126 0.000000
5050.340716 0.000000
5050.383305 0.000000
5050.425894 0.000000
5050.468484 0.000000
5050.511073 0.000000
5050.553663 0.000000
5050.596252 0.000000
5050.638842 0.000000
5050.681431 0.000000
5050.724020 0.000000
5050.766610 0.000000
5050.809199 0.000000
5050.851789 0.000000
5050.894378 0.000000
5050.936968 0.000000
5050.979557 0.000000
5051.022147 0.000000
5051.064736 0.000000
5051.107325 0.000000
5051.149915 0.000000
5051.192504 0.000000
5051.235094 0.000000
5051.277683 0.000000
5051.320273 0.000000
5051.362862 0.000000
5051.405451 0.000000
5051.448041 0.000000
5051.490630 0.000000
5051.533220 0.000000
5051.575809 0.000000
5051.618399 0.000000
5051.660988 0.000000
5051.703578 0.000000
5051.746167 0.000000
5051.788756 0.000000
5051.831346 0.000000
5051.873935 0.000000
5051.916525 0.000000
5051.959114 0.000000
5052.001704 0.000000
5052.044293 0.000000
5052.086882 0.000000
5052.129472 0.000000
5052.172061 0.000000
5052.214651 0.000000
5052.257240 0.000000
5052.299830 0.000000
5052.342419 0.000000
5052.385009 0.000000
5052.427598 0.000000
5052.470187 0.000000
5052.512777 0.000000
5052.555366 0.000000
5052.597956 0.000000
5052.640545 0.000000
5052.683135 0.000000
5052.725724 0.000000
5052.768313 0.000000
5052.810903 0.000000
5052.853492 0.000000
5052.896082 0.000000
5052.938671 0.000000
5052.981261 0.000000
5053.023850 0.000000
5053.066440 0.000000
5053.109029 0.000000
5053.151618 0.000000
5053.194208 0.000000
5053.236797 0.000000
5053.279387 0.000000
5053.321976 0.000000
5053.364566 0.000000
5053.407155 0.000000
5053.449744 0.000000
5053.492334 0.000000
5053.534923 0.000000
5053.577513 0.000000
5053.620102 0.000000
5053.662692 0.000000
5053.705281 0.000000
5053.747871 0.000000
5053.790460 0.000000
5053.833049 0.000000
5053.875639 0.000000
5053.918228 0.000000
5053.960818 0.000000
5054.003407 0.000000
5054.045997 0.000000
5054.088586 0.000000
5054.131175 0.000000
5054.173765 0.000000
5054.216354 0.000000
5054.258944 0.000000
5054.301533 0.000000
5054.344123 0.000000
5054.386712 0.000000
5054.429302 0.000000
5054.471891 0.000000
5054.514480 0.000000
5054.557070 0.000000
5054.599659 0.000000
5054.642249 0.000000
5054.684838 0.000000
5054.727428 0.000000
5054.770017 0.000000
5054.812606 0.000000
5054.855196 0.000000
5054.897785 0.000000
5054.940375 0.000000
5054.982964 0.000000
5055.025554 0.000000
5055.068143 0.000000
5055.110733 0.000000
5055.153322 0.000000
5055.195911 0.000000
5055.238501 0.000000
5055.281090 0.000000
5055.323680 0.000000
5055.366269 0.000000
5055.408859 0.000000
5055.451448 0.000000
5055.494037 0.000000
5055.536627 0.000000
5055.579216 0.000000
5055.621806 0.000000
5055.664395 0.000000
5055.706985 0.000000
5055.749574 0.000000
5055.792164 0.000000
5055.834753 0.000000
5055.877342 0.000000
5055.919932 0.000000
5055.962521 0.000000
5056.005111 0.000000
5056.047700 0.000000
5056.090290 0.000000
5056.132879 0.000000
5056.175468 0.000000
5056.218058 0.000000
5056.260647 0.000000
5056.303237 0.000000
5056.345826 0.000000
5056.388416 0.000000
5056.431005 0.000000
5056.473595 0.000000
5056.516184 0.000000
5056.558773 0.000000
5056.601363 0.000000
5056.643952 0.000000
5056.686542 0.000000
5056.729131 0.000000
5056.771721 0.000000
5056.814310 0.000000
5056.856899 0.000000
5056.899489 0.000000
5056.942078 0.000000
5056.984668 0.000000
5057.027257 0.000000
5057.069847 0.000000
5057.112436 0.000000
5057.155026 0.000000
5057.197615 0.000000
5057.240204 0.000000
5057.282794 0.000000
5057.325383 0.000000
5057.367973 0.000000
5057.410562 0.000000
5057.453152 0.000000
5057.495741 0.000000
5057.538330 0.000000
5057.580920 0.000000
5057.623509 0.000000
5057.666099 0.000000
5057.708688 0.000000
5057.751278 0.000000
5057.793867 0.000000
5057.836457 0.000000
5057.879046 0.000000
5057.921635 0.000000
5057.964225 0.000000
5058.006814 0.000000
5058.049404 0.000000
5058.091993 0.000000
5058.134583 0.000000
5058.177172 0.000000
5058.219761 0.000000
5058.262351 0.000000
5058.304940 0.000000
5058.347530 0.000000
5058.390119 0.000000
5058.432709 0.000000
5058.475298 0.000000
5058.517888 0.000000
5058.560477 0.000000
5058.603066 0.000000
5058.645656 0.000000
5058.688245 0.000000
5058.730835 0.000000
5058.773424 0.000000
5058.816014 0.000000
5058.858603 0.000000
5058.901193 0.000000
5058.943782 0.000000
5058.986371 0.000000
5059.028961 0.000000
5059.071550 0.000000
5059.114140 0.000000
5059.156729 0.000000
5059.199319 0.000000
5059.241908 0.000000
5059.284497 0.000000
5059.327087 0.000000
5059.369676 0.000000
5059.412266 0.000000
5059.454855 0.000000
5059.497445 0.000000
5059.540034 0.000000
5059.582624 0.000000
5059.625213 0.000000
5059.667802 0.000000
5059.710392 0.000000
5059.752981 0.000000
5059.795571 0.000000
5059.838160 0.000000
5059.880750 0.000000
5059.923339 0.000000
5059.965928 0.000000
5060.008518 0.000000
5060.051107 0.000000
5060.093697 0.000000
5060.136286 0.000000
5060.178876 0.000000
5060.221465 0.000000
5060.264055 0.000000
5060.306644 0.000000
5060.349233 0.000000
5060.391823 0.000000
5060.434412 0.000000
5060.477002 0.000000
5060.519591 0.000000
5060.562181 0.000000
5060.604770 0.000000
5060.647359 0.000000
5060.689949 0.000000
5060.732538 0.000000
5060.775128 0.000000
5060.817717 0.000000
5060.860307 0.000000
5060.902896 0.000000
5060.945486 0.000000
5060.988075 0.000000
5061.030664 0.000000
5061.073254 0.000000
5061.115843 0.000000
5061.158433 0.000000
5061.201022 0.000000
5061.243612 0.000000
5061.286201 0.000000
5061.328790 0.000000
5061.371380 0.000000
5061.413969 0.000000
5061.456559 0.000000
5061.499148 0.000000
5061.541738 0.000000
5061.584327 0.000000
5061.626917 0.000000
5061.669506 0.000000
5061.712095 0.000000
5061.754685 0.000000
5061.797274 0.000000
5061.839864 0.000000
5061.882453 0.000000
5061.925043 0.000000
5061.967632 0.000000
5062.010221 0.000000
5062.052811 0.000000
5062.095400 0.000000
5062.137990 0.000000
5062.180579 0.000000
5062.223169 0.000000
5062.265758 0.000000
5062.308348 0.000000
5062.350937 0.000000
5062.393526 0.000000
5062.436116 0.000000
5062.478705 0.000000
5062.521295 0.000000
5062.563884 0.000000
5062.606474 0.000000
5062.649063 0.000000
5062.691652 0.000000
5062.734242 0.000000
5062.776831 0.000000
5062.819421 0.000000
5062.862010 0.000000
5062.904600 0.000000
5062.947189 0.000000
5062.989779 0.000000
5063.032368 0.000000
5063.074957 0.000000
5063.117547 0.000000
5063.160136 0.000000
5063.202726 0.000000
5063.245315 0.000000
5063.287905 0.000000
5063.330494 0.000000
5063.373083 0.000000
5063.415673 0.000000
5063.458262 0.000000
5063.500852 0.000000
5063.543441 0.000000
5063.586031 0.000000
5063.628620 0.000000
5063.671210 0.000000
5063.713799 0.000000
5063.756388 0.000000
5063.798978 0.000000
5063.841567 0.000000
5063.884157 0.000000
5063.926746 0.000000
5063.969336 0.000000
5064.011925 0.000000
5064.054514 0.000000
5064.097104 0.000000
5064.139693 0.000000
5064.182283 0.000000
5064.224872 0.000000
5064.267462 0.000000
5064.310051 0.000000
5064.352641 0.000000
5064.395230 0.000000
5064.437819 0.000000
5064.480409 0.000000
5064.522998 0.000000
5064.565588 0.000000
5064.608177 0.000000
5064.650767 0.000000
5064.693356 0.000000
5064.735945 0.000000
5064.778535 0.000000
5064.821124 0.000000
5064.863714 0.000000
5064.906303 0.000000
5064.948893 0.000000
5064.991482 0.000000
5065.034072 0.000000
5065.076661 0.000000
5065.119250 0.000000
5065.161840 0.000000
5065.204429 0.000000
5065.247019 0.000000
5065.289608 0.000000
5065.332198 0.000000
5065.374787 0.000000
5065.417376 0.000000
5065.459966 0.000000
5065.502555 0.000000
5065.545145 0.000000
5065.587734 0.000000
5065.630324 0.000000
5065.672913 0.000000
5065.715503 0.000000
5065.758092 0.000000
5065.800681 0.000000
5065.843271 0.000000
5065.885860 0.000000
5065.928450 0.000000
5065.971039 0.000000
5066.013629 0.000000
5066.056218 0.000000
5066.098807 0.000000
5066.141397 0.000000
5066.183986 0.000000
5066.226576 0.000000
5066.269165 0.000000
5066.311755 0.000000
5066.354344 0.000000
5066.396934 0.000000
5066.439523 0.000000
5066.482112 0.000000
5066.524702 0.000000
5066.567291 0.000000
5066.609881 0.000000
5066.652470 0.000000
5066.695060 0.000000
5066.737649 0.000000
5066.780239 0.000000
5066.822828 0.000000
5066.865417 0.000000
5066.908007 0.000000
5066.950596 0.000000
5066.993186 0.000000
5067.035775 0.000000
5067.078365 0.000000
5067.120954 0.000000
5067.163543 0.000000
5067.206133 0.000000
5067.248722 0.000000
5067.291312 0.000000
5067.333901 0.000000
5067.376491 0.000000
5067.419080 0.000000
5067.461670 0.000000
5067.504259 0.000000
5067.546848 0.000000
5067.589438 0.000000
5067.632027 0.000000
5067.674617 0.000000
5067.717206 0.000000
5067.759796 0.000000
5067.802385 0.000000
5067.844974 0.000000
5067.887564 0.000000
5067.930153 0.000000
5067.972743 0.000000
5068.015332 0.000000
5068.057922 0.000000
5068.100511 0.000000
5068.143101 0.000000
5068.185690 0.000000
5068.228279 0.000000
5068.270869 0.000000
5068.313458 0.000000
5068.356048 0.000000
5068.398637 0.000000
5068.441227 0.000000
5068.483816 0.000000
5068.526405 0.000000
5068.568995 0.000000
5068.611584 0.000000
5068.654174 0.000000
5068.696763 0.000000
5068.739353 0.000000
5068.781942 0.000000
5068.824532 0.000000
5068.867121 0.000000
5068.909710 0.000000
5068.952300 0.000000
5068.994889 0.000000
5069.037479 0.000000
5069.080068 0.000000
5069.122658 0.000000
5069.165247 0.000000
5069.207836 0.000000
5069.250426 0.000000
5069.293015 0.000000
5069.335605 0.000000
5069.378194 0.000000
5069.420784 0.000000
5069.463373 0.000000
5069.505963 0.000000
5069.548552 0.000000
5069.591141 0.000000
5069.633731 0.000000
5069.676320 0.000000
5069.718910 0.000000
5069.761499 0.000000
5069.804089 0.000000
5069.846678 0.000000
5069.889267 0.000000
5069.931857 0.000000
5069.974446 0.000000
