4900.034256 0.000000
4900.077049 0.000000
4900.119843 0.000000
4900.162636 0.000000
4900.205430 0.000000
4900.248224 0.000000
4900.291017 0.000000
4900.333811 0.000000
4900.376604 0.000000
4900.419398 0.000000
4900.462191 0.000000
4900.504985 0.000000
4900.547779 0.000000
4900.590572 0.000000
4900.633366 0.000000
4900.676159 0.000000
4900.718953 0.000000
4900.761746 0.000000
4900.804540 0.000000
4900.847333 0.000000
4900.890127 0.000000
4900.932921 0.000000
4900.975714 0.000000
4901.018508 0.000000
4901.061301 0.000000
4901.104095 0.000000
4901.146888 0.000000
4901.189682 0.000000
4901.232476 0.000000
4901.275269 0.000000
4901.318063 0.000000
4901.360856 0.000000
4901.403650 0.000000
4901.446443 0.000000
4901.489237 0.000000
4901.532030 0.000000
4901.574824 0.000000
4901.617618 0.000000
4901.660411 0.000000
4901.703205 0.000000
4901.745998 0.000000
4901.788792 0.000000
4901.831585 0.000000
4901.874379 0.000000
4901.917173 0.000000
4901.959966 0.000000
4902.002760 0.000000
4902.045553 0.000000
4902.088347 0.000000
4902.131140 0.000000
4902.173934 0.000000
4902.216728 0.000000
4902.259521 0.000000
4902.302315 0.000000
4902.345108 0.000000
4902.387902 0.000000
4902.430695 0.000000
4902.473489 0.000000
4902.516282 0.000000
4902.559076 0.000000
4902.601870 0.000000
4902.644663 0.000000
4902.687457 0.000000
4902.730250 0.000000
4902.773044 0.000000
4902.815837 0.000000
4902.858631 0.000000
4902.901425 0.000000
4902.944218 0.000000
4902.987012 0.000000
4903.029805 0.000000
4903.072599 0.000000
4903.115392 0.000000
4903.158186 0.000000
4903.200979 0.000000
4903.243773 0.000000
4903.286567 0.000000
4903.329360 0.000000
4903.372154 0.000000
4903.414947 0.000000
4903.457741 0.000000
4903.500534 0.000000
4903.543328 0.000000
4903.586122 0.000000
4903.628915 0.000000
4903.671709 0.000000
4903.714502 0.000000
4903.757296 0.000000
4903.800089 0.000000
4903.842883 0.000000
4903.885676 0.000000
4903.928470 0.000000
4903.971264 0.000000
4904.014057 0.000000
4904.056851 0.000000
4904.099644 0.000000
4904.142438 0.000000
4904.185231 0.000000
4904.228025 0.000000
4904.270819 0.000000
4904.313612 0.000000
4904.356406 0.000000
4904.399199 0.000000
4904.441993 0.000000
4904.484786 0.000000
4904.527580 0.000000
4904.570374 0.000000
4904.613167 0.000000
4904.655961 0.000000
4904.698754 0.000000
4904.741548 0.000000
4904.784341 0.000000
4904.827135 0.000000
4904.869928 0.000000
4904.912722 0.000000
4904.955516 0.000000
4904.998309 0.000000
4905.041103 0.000000
4905.083896 0.000000
4905.126690 0.000000
4905.169483 0.000000
4905.212277 0.000000
4905.255071 0.000000
4905.297864 0.000000
4905.340658 0.000000
4905.383451 0.000000
4905.426245 0.000000
4905.469038 0.000000
4905.511832 0.000000
4905.554625 0.000000
4905.597419 0.000000
4905.640213 0.000000
4905.683006 0.000000
4905.725800 0.000000
4905.768593 0.000000
4905.811387 0.000000
4905.854180 0.000000
4905.896974 0.000000
4905.939768 0.000000
4905.982561 0.000000
4906.025355 0.000000
4906.068148 0.000000
4906.110942 0.000000
4906.153735 0.000000
4906.196529 0.000000
4906.239323 0.000000
4906.282116 0.000000
4906.324910 0.000000
4906.367703 0.000000
4906.410497 0.000000
4906.453290 0.000000
4906.496084 0.000000
4906.538877 0.000000
4906.581671 0.000000
4906.624465 0.000000
4906.667258 0.000000
4906.710052 0.000000
4906.752845 0.000000
4906.795639 0.000000
4906.838432 0.000000
4906.881226 0.000000
4906.924020 0.000000
4906.966813 0.000000
4907.009607 0.000000
4907.052400 0.000000
4907.095194 0.000000
4907.137987 0.000000
4907.180781 0.000000
4907.223574 0.000000
4907.266368 0.000000
4907.309162 0.000000
4907.351955 0.000000
4907.394749 0.000000
4907.437542 0.000000
4907.480336 0.000000
4907.523129 0.000000
4907.565923 0.000000
4907.608717 0.000000
4907.651510 0.000000
4907.694304 0.000000
4907.737097 0.000000
4907.779891 0.000000
4907.822684 0.000000
4907.865478 0.000000
4907.908271 0.000000
4907.951065 0.000000
4907.993859 0.000000
4908.036652 0.000000
4908.079446 0.000000
4908.122239 0.000000
4908.165033 0.000000
4908.207826 0.000000
4908.250620 0.000000
4908.293414 0.000000
4908.336207 0.000000
4908.379001 0.000000
4908.421794 0.000000
4908.464588 0.000000
4908.507381 0.000000
4908.550175 0.000000
4908.592969 0.000000
4908.635762 0.000000
4908.678556 0.000000
4908.721349 0.000000
4908.764143 0.000000
4908.806936 0.000000
4908.849730 0.000000
4908.892523 0.000000
4908.935317 0.000000
4908.978111 0.000000
4909.020904 0.000000
4909.063698 0.000000
4909.106491 0.000000
4909.149285 0.000000
4909.192078 0.000000
4909.234872 0.000000
4909.277666 0.000000
4909.320459 0.000000
4909.363253 0.000000
4909.406046 0.000000
4909.448840 0.000000
4909.491633 0.000000
4909.534427 0.000000
4909.577220 0.000000
4909.620014 0.000000
4909.662808 0.000000
4909.705601 0.000000
4909.748395 0.000000
4909.791188 0.000000
4909.833982 0.000000
4909.876775 0.000000
4909.919569 0.000000
4909.962363 0.000000
4910.005156 0.000000
4910.047950 0.000000
4910.090743 0.000000
4910.133537 0.000000
4910.176330 0.000000
4910.219124 0.000000
4910.261918 0.000000
4910.304711 0.000000
4910.347505 0.000000
4910.390298 0.000000
4910.433092 0.000000
4910.475885 0.000000
4910.518679 0.000000
4910.561472 0.000000
4910.604266 0.000000
4910.647060 0.000000
4910.689853 0.000000
4910.732647 0.000000
4910.775440 0.000000
4910.818234 0.000000
4910.861027 0.000000
4910.903821 0.000000
4910.946615 0.000000
4910.989408 0.000000
4911.032202 0.000000
4911.074995 0.000000
4911.117789 0.000000
4911.160582 0.000000
4911.203376 0.000000
4911.246169 0.000000
4911.288963 0.000000
4911.331757 0.000000
4911.374550 0.000000
4911.417344 0.000000
4911.460137 0.000000
4911.502931 0.000000
4911.545724 0.000000
4911.588518 0.000000
4911.631312 0.000000
4911.674105 0.000000
4911.716899 0.000000
4911.759692 0.000000
4911.802486 0.000000
4911.845279 0.000000
4911.888073 0.000000
4911.930866 0.000000
4911.973660 0.000000
4912.016454 0.000000
4912.059247 0.000000
4912.102041 0.000000
4912.144834 0.000000
4912.187628 0.000000
4912.230421 0.000000
4912.273215 0.000000
4912.316009 0.000000
4912.358802 0.000000
4912.401596 0.000000
4912.444389 0.000000
4912.487183 0.000000
4912.529976 0.000000
4912.572770 0.000000
4912.615564 0.000000
4912.658357 0.000000
4912.701151 0.000000
4912.743944 0.000000
4912.786738 0.000000
4912.829531 0.000000
4912.872325 0.000000
4912.915118 0.000000
4912.957912 0.000000
4913.000706 0.000000
4913.043499 0.000000
4913.086293 0.000000
4913.129086 0.000000
4913.171880 0.000000
4913.214673 0.000000
4913.257467 0.000000
4913.300261 0.000000
4913.343054 0.000000
4913.385848 0.000000
4913.428641 0.000000
4913.471435 0.000000
4913.514228 0.000000
4913.557022 0.000000
4913.599815 0.000000
4913.642609 0.000000
4913.685403 0.000000
4913.728196 0.000000
4913.770990 0.000000
4913.813783 0.000000
4913.856577 0.000000
4913.899370 0.000000
4913.942164 0.000000
4913.984958 0.000000
4914.027751 0.000000
4914.070545 0.000000
4914.113338 0.000000
4914.156132 0.000000
4914.198925 0.000000
4914.241719 0.000000
4914.284513 0.000000
4914.327306 0.000000
4914.370100 0.000000
4914.412893 0.000000
4914.455687 0.000000
4914.498480 0.000000
4914.541274 0.000000
4914.584067 0.000000
4914.626861 0.000000
4914.669655 0.000000
4914.712448 0.000000
4914.755242 0.000000
4914.798035 0.000000
4914.840829 0.000000
4914.883622 0.000000
4914.926416 0.000000
4914.969210 0.000000
4915.012003 0.000000
4915.054797 0.000000
4915.097590 0.000000
4915.140384 0.000000
4915.183177 0.000000
4915.225971 0.000000
4915.268764 0.000000
4915.311558 0.000000
4915.354352 0.000000
4915.397145 0.000000
4915.439939 0.000000
4915.482732 0.000000
4915.525526 0.000000
4915.568319 0.000000
4915.611113 0.000000
4915.653907 0.000000
4915.696700 0.000000
4915.739494 0.000000
4915.782287 0.000000
4915.825081 0.000000
4915.867874 0.000000
4915.910668 0.000000
4915.953461 0.000000
4915.996255 0.000000
4916.039049 0.000000
4916.081842 0.000000
4916.124636 0.000000
4916.167429 0.000000
4916.210223 0.000000
4916.253016 0.000000
4916.295810 0.000000
4916.338604 0.000000
4916.381397 0.000000
4916.424191 0.000000
4916.466984 0.000000
4916.509778 0.000000
4916.552571 0.000000
4916.595365 0.000000
4916.638159 0.000000
4916.680952 0.000000
4916.723746 0.000000
4916.766539 0.000000
4916.809333 0.000000
4916.852126 0.000000
4916.894920 0.000000
4916.937713 0.000000
4916.980507 0.000000
4917.023301 0.000000
4917.066094 0.000000
4917.108888 0.000000
4917.151681 0.000000
4917.194475 0.000000
4917.237268 0.000000
4917.280062 0.000000
4917.322856 0.000000
4917.365649 0.000000
4917.408443 0.000000
4917.451236 0.000000
4917.494030 0.000000
4917.536823 0.000000
4917.579617 0.000000
4917.622410 0.000000
4917.665204 0.000000
4917.707998 0.000000
4917.750791 0.000000
4917.793585 0.000000
4917.836378 0.000000
4917.879172 0.000000
4917.921965 0.000000
4917.964759 0.000000
4918.007553 0.000000
4918.050346 0.000000
4918.093140 0.000000
4918.135933 0.000000
4918.178727 0.000000
4918.221520 0.000000
4918.264314 0.000000
4918.307108 0.000000
4918.349901 0.000000
4918.392695 0.000000
4918.435488 0.000000
4918.478282 0.000000
4918.521075 0.000000
4918.563869 0.000000
4918.606662 0.000000
4918.649456 0.000000
4918.692250 0.000000
4918.735043 0.000000
4918.777837 0.000000
4918.820630 0.000000
4918.863424 0.000000
4918.906217 0.000000
4918.949011 0.000000
4918.991805 0.000000
4919.034598 0.000000
4919.077392 0.000000
4919.120185 0.000000
4919.162979 0.000000
4919.205772 0.000000
4919.248566 0.000000
4919.291359 0.000000
4919.334153 0.000000
4919.376947 0.000000
4919.419740 0.000000
4919.462534 0.000000
4919.505327 0.000000
4919.548121 0.000000
4919.590914 0.000000
4919.633708 0.000000
4919.676502 0.000000
4919.719295 0.000000
4919.762089 0.000000
4919.804882 0.000000
4919.847676 0.000000
4919.890469 0.000000
4919.933263 0.000000
4919.976056 0.000000
4920.018850 0.000000
4920.061644 0.000000
4920.104437 0.000000
4920.147231 0.000000
4920.190024 0.000000
4920.232818 0.000000
4920.275611 0.000000
4920.318405 0.000000
4920.361199 0.000000
4920.403992 0.000000
4920.446786 0.000000
4920.489579 0.000000
4920.532373 0.000000
4920.575166 0.000000
4920.617960 0.000000
4920.660754 0.000000
4920.703547 0.000000
4920.746341 0.000000
4920.789134 0.000000
4920.831928 0.000000
4920.874721 0.000000
4920.917515 0.000000
4920.960308 0.000000
4921.003102 0.000000
4921.045896 0.000000
4921.088689 0.000000
4921.131483 0.000000
4921.174276 0.000000
4921.217070 0.000000
4921.259863 0.000000
4921.302657 0.000000
4921.345451 0.000000
4921.388244 0.000000
4921.431038 0.000000
4921.473831 0.000000
4921.516625 0.000000
4921.559418 0.000000
4921.602212 0.000000
4921.645005 0.000000
4921.687799 0.000000
4921.730593 0.000000
4921.773386 0.000000
4921.816180 0.000000
4921.858973 0.000000
4921.901767 0.000000
4921.944560 0.000000
4921.987354 0.000000
4922.030148 0.000000
4922.072941 0.000000
4922.115735 0.000000
4922.158528 0.000000
4922.201322 0.000000
4922.244115 0.000000
4922.286909 0.000000
4922.329703 0.000000
4922.372496 0.000000
4922.415290 0.000000
4922.458083 0.000000
4922.500877 0.000000
4922.543670 0.000000
4922.586464 0.000000
4922.629257 0.000000
4922.672051 0.000000
4922.714845 0.000000
4922.757638 0.000000
4922.800432 0.000000
4922.843225 0.000000
4922.886019 0.000000
4922.928812 0.000000
4922.971606 0.000000
4923.014400 0.000000
4923.057193 0.000000
4923.099987 0.000000
4923.142780 0.000000
4923.185574 0.000000
4923.228367 0.000000
4923.271161 0.000000
4923.313954 0.000000
4923.356748 0.000000
4923.399542 0.000000
4923.442335 0.000000
4923.485129 0.000000
4923.527922 0.000000
4923.570716 0.000000
4923.613509 0.000000
4923.656303 0.000000
4923.699097 0.000000
4923.741890 0.000000
4923.784684 0.000000
4923.827477 0.000000
4923.870271 0.000000
4923.913064 0.000000
4923.955858 0.000000
4923.998652 0.000000
4924.041445 0.000000
4924.084239 0.000000
4924.127032 0.000000
4924.169826 0.000000
4924.212619 0.000000
4924.255413 0.000000
4924.298206 0.000000
4924.341000 0.000000
4924.383794 0.000000
4924.426587 0.000000
4924.469381 0.000000
4924.512174 0.000000
4924.554968 0.000000
4924.597761 0.000000
4924.640555 0.000000
4924.683349 0.000000
4924.726142 0.000000
4924.768936 0.000000
4924.811729 0.000000
4924.854523 0.000000
4924.897316 0.000000
4924.940110 0.000000
4924.982903 0.000000
4925.025697 0.000000
4925.068491 0.000000
4925.111284 0.000000
4925.154078 0.000000
4925.196871 0.000000
4925.239665 0.000000
4925.282458 0.000000
4925.325252 0.000000
4925.368046 0.000000
4925.410839 0.000000
4925.453633 0.000000
4925.496426 0.000000
4925.539220 0.000000
4925.582013 0.000000
4925.624807 0.000000
4925.667600 0.000000
4925.710394 0.000000
4925.753188 0.000000
4925.795981 0.000000
4925.838775 0.000000
4925.881568 0.000000
4925.924362 0.000000
4925.967155 0.000000
4926.009949 0.000000
4926.052743 0.000000
4926.095536 0.000000
4926.138330 0.000000
4926.181123 0.000000
4926.223917 0.000000
4926.266710 0.000000
4926.309504 0.000000
4926.352298 0.000000
4926.395091 0.000000
4926.437885 0.000000
4926.480678 0.000000
4926.523472 0.000000
4926.566265 0.000000
4926.609059 0.000000
4926.651852 0.000000
4926.694646 0.000000
4926.737440 0.000000
4926.780233 0.000000
4926.823027 0.000000
4926.865820 0.000000
4926.908614 0.000000
4926.951407 0.000000
4926.994201 0.000000
4927.036995 0.000000
4927.079788 0.000000
4927.122582 0.000000
4927.165375 0.000000
4927.208169 0.000000
4927.250962 0.000000
4927.293756 0.000000
4927.336549 0.000000
4927.379343 0.000000
4927.422137 0.000000
4927.464930 0.000000
4927.507724 0.000000
4927.550517 0.000000
4927.593311 0.000000
4927.636104 0.000000
4927.678898 0.000000
4927.721692 0.000000
4927.764485 0.000000
4927.807279 0.000000
4927.850072 0.000000
4927.892866 0.000000
4927.935659 0.000000
4927.978453 0.000000
4928.021247 0.000000
4928.064040 0.000000
4928.106834 0.000000
4928.149627 0.000000
4928.192421 0.000000
4928.235214 0.000000
4928.278008 0.000000
4928.320801 0.000000
4928.363595 0.000000
4928.406389 0.000000
4928.449182 0.000000
4928.491976 0.000000
4928.534769 0.000000
4928.577563 0.000000
4928.620356 0.000000
4928.663150 0.000000
4928.705944 0.000000
4928.748737 0.000000
4928.791531 0.000000
4928.834324 0.000000
4928.877118 0.000000
4928.919911 0.000000
4928.962705 0.000000
4929.005498 0.000000
4929.048292 0.000000
4929.091086 0.000000
4929.133879 0.000000
4929.176673 0.000000
4929.219466 0.000000
4929.262260 0.000000
4929.305053 0.000000
4929.347847 0.000000
4929.390641 0.000000
4929.433434 0.000000
4929.476228 0.000000
4929.519021 0.000000
4929.561815 0.000000
4929.604608 0.000000
4929.647402 0.000000
4929.690195 0.000000
4929.732989 0.000000
4929.775783 0.000000
4929.818576 0.000000
4929.861370 0.000000
4929.904163 0.000000
4929.946957 0.000000
4929.989750 0.000000
4930.032544 0.000000
4930.075338 0.000000
4930.118131 0.000000
4930.160925 0.000000
4930.203718 0.000000
4930.246512 0.000000
4930.289305 0.000000
4930.332099 0.000000
4930.374893 0.000000
4930.417686 0.000000
4930.460480 0.000000
4930.503273 0.000000
4930.546067 0.000000
4930.588860 0.000000
4930.631654 0.000000
4930.674447 0.000000
4930.717241 0.000000
4930.760035 0.000000
4930.802828 0.000000
4930.845622 0.000000
4930.888415 0.000000
4930.931209 0.000000
4930.974002 0.000000
4931.016796 0.000000
4931.059590 0.000000
4931.102383 0.000000
4931.145177 0.000000
4931.187970 0.000000
4931.230764 0.000000
4931.273557 0.000000
4931.316351 0.000000
4931.359144 0.000000
4931.401938 0.000000
4931.444732 0.000000
4931.487525 0.000000
4931.530319 0.000000
4931.573112 0.000000
4931.615906 0.000000
4931.658699 0.000000
4931.701493 0.000000
4931.744287 0.000000
4931.787080 0.000000
4931.829874 0.000000
4931.872667 0.000000
4931.915461 0.000000
4931.958254 0.000000
4932.001048 0.000000
4932.043842 0.000000
4932.086635 0.000000
4932.129429 0.000000
4932.172222 0.000000
4932.215016 0.000000
4932.257809 0.000000
4932.300603 0.000000
4932.343396 0.000000
4932.386190 0.000000
4932.428984 0.000000
4932.471777 0.000000
4932.514571 0.000000
4932.557364 0.000000
4932.600158 0.000000
4932.642951 0.000000
4932.685745 0.000000
4932.728539 0.000000
4932.771332 0.000000
4932.814126 0.000000
4932.856919 0.000000
4932.899713 0.000000
4932.942506 0.000000
4932.985300 0.000000
4933.028093 0.000000
4933.070887 0.000000
4933.113681 0.000000
4933.156474 0.000000
4933.199268 0.000000
4933.242061 0.000000
4933.284855 0.000000
4933.327648 0.000000
4933.370442 0.000000
4933.413236 0.000000
4933.456029 0.000000
4933.498823 0.000000
4933.541616 0.000000
4933.584410 0.000000
4933.627203 0.000000
4933.669997 0.000000
4933.712790 0.000000
4933.755584 0.000000
4933.798378 0.000000
4933.841171 0.000000
4933.883965 0.000000
4933.926758 0.000000
4933.969552 0.000000
4934.012345 0.000000
4934.055139 0.000000
4934.097933 0.000000
4934.140726 0.000000
4934.183520 0.000000
4934.226313 0.000000
4934.269107 0.000000
4934.311900 0.000000
4934.354694 0.000000
4934.397488 0.000000
4934.440281 0.000000
4934.483075 0.000000
4934.525868 0.000000
4934.568662 0.000000
4934.611455 0.000000
4934.654249 0.000000
4934.697042 0.000000
4934.739836 0.000000
4934.782630 0.000000
4934.825423 0.000000
4934.868217 0.000000
4934.911010 0.000000
4934.953804 0.000000
4934.996597 0.000000
4935.039391 0.000000
4935.082185 0.000000
4935.124978 0.000000
4935.167772 0.000000
4935.210565 0.000000
4935.253359 0.000000
4935.296152 0.000000
4935.338946 0.000000
4935.381739 0.000000
4935.424533 0.000000
4935.467327 0.000000
4935.510120 0.000000
4935.552914 0.000000
4935.595707 0.000000
4935.638501 0.000000
4935.681294 0.000000
4935.724088 0.000000
4935.766882 0.000000
4935.809675 0.000000
4935.852469 0.000000
4935.895262 0.000000
4935.938056 0.000000
4935.980849 0.000000
4936.023643 0.000000
4936.066437 0.000000
4936.109230 0.000000
4936.152024 0.000000
4936.194817 0.000000
4936.237611 0.000000
4936.280404 0.000000
4936.323198 0.000000
4936.365991 0.000000
4936.408785 0.000000
4936.451579 0.000000
4936.494372 0.000000
4936.537166 0.000000
4936.579959 0.000000
4936.622753 0.000000
4936.665546 0.000000
4936.708340 0.000000
4936.751134 0.000000
4936.793927 0.000000
4936.836721 0.000000
4936.879514 0.000000
4936.922308 0.000000
4936.965101 0.000000
4937.007895 0.000000
4937.050688 0.000000
4937.093482 0.000000
4937.136276 0.000000
4937.179069 0.000000
4937.221863 0.000000
4937.264656 0.000000
4937.307450 0.000000
4937.350243 0.000000
4937.393037 0.000000
4937.435831 0.000000
4937.478624 0.000000
4937.521418 0.000000
4937.564211 0.000000
4937.607005 0.000000
4937.649798 0.000000
4937.692592 0.000000
4937.735385 0.000000
4937.778179 0.000000
4937.820973 0.000000
4937.863766 0.000000
4937.906560 0.000000
4937.949353 0.000000
4937.992147 0.000000
4938.034940 0.000000
4938.077734 0.000000
4938.120528 0.000000
4938.163321 0.000000
4938.206115 0.000000
4938.248908 0.000000
4938.291702 0.000000
4938.334495 0.000000
4938.377289 0.000000
4938.420083 0.000000
4938.462876 0.000000
4938.505670 0.000000
4938.548463 0.000000
4938.591257 0.000000
4938.634050 0.000000
4938.676844 0.000000
4938.719637 0.000000
4938.762431 0.000000
4938.805225 0.000000
4938.848018 0.000000
4938.890812 0.000000
4938.933605 0.000000
4938.976399 0.000000
4939.019192 0.000000
4939.061986 0.000000
4939.104780 0.000000
4939.147573 0.000000
4939.190367 0.000000
4939.233160 0.000000
4939.275954 0.000000
4939.318747 0.000000
4939.361541 0.000000
4939.404334 0.000000
4939.447128 0.000000
4939.489922 0.000000
4939.532715 0.000000
4939.575509 0.000000
4939.618302 0.000000
4939.661096 0.000000
4939.703889 0.000000
4939.746683 0.000000
4939.789477 0.000000
4939.832270 0.000000
4939.875064 0.000000
4939.917857 0.000000
4939.960651 0.000000
4940.003444 0.000000
4940.046238 0.000000
4940.089032 0.000000
4940.131825 0.000000
4940.174619 0.000000
4940.217412 0.000000
4940.260206 0.000000
4940.302999 0.000000
4940.345793 0.000000
4940.388586 0.000000
4940.431380 0.000000
4940.474174 0.000000
4940.516967 0.000000
4940.559761 0.000000
4940.602554 0.000000
4940.645348 0.000000
4940.688141 0.000000
4940.730935 0.000000
4940.773729 0.000000
4940.816522 0.000000
4940.859316 0.000000
4940.902109 0.000000
4940.944903 0.000000
4940.987696 0.000000
4941.030490 0.000000
4941.073283 0.000000
4941.116077 0.000000
4941.158871 0.000000
4941.201664 0.000000
4941.244458 0.000000
4941.287251 0.000000
4941.330045 0.000000
4941.372838 0.000000
4941.415632 0.000000
4941.458426 0.000000
4941.501219 0.000000
4941.544013 0.000000
4941.586806 0.000000
4941.629600 0.000000
4941.672393 0.000000
4941.715187 0.000000
4941.757980 0.000000
4941.800774 0.000000
4941.843568 0.000000
4941.886361 0.000000
4941.929155 0.000000
4941.971948 0.000000
4942.014742 0.000000
4942.057535 0.000000
4942.100329 0.000000
4942.143123 0.000000
4942.185916 0.000000
4942.228710 0.000000
4942.271503 0.000000
4942.314297 0.000000
4942.357090 0.000000
4942.399884 0.000000
4942.442678 0.000000
4942.485471 0.000000
4942.528265 0.000000
4942.571058 0.000000
4942.613852 0.000000
4942.656645 0.000000
4942.699439 0.000000
4942.742232 0.000000
4942.785026 0.000000
4942.827820 0.000000
4942.870613 0.000000
4942.913407 0.000000
4942.956200 0.000000
4942.998994 0.000000
4943.041787 0.000000
4943.084581 0.000000
4943.127375 0.000000
4943.170168 0.000000
4943.212962 0.000000
4943.255755 0.000000
4943.298549 0.000000
4943.341342 0.000000
4943.384136 0.000000
4943.426929 0.000000
4943.469723 0.000000
4943.512517 0.000000
4943.555310 0.000000
4943.598104 0.000000
4943.640897 0.000000
4943.683691 0.000000
4943.726484 0.000000
4943.769278 0.000000
4943.812072 0.000000
4943.854865 0.000000
4943.897659 0.000000
4943.940452 0.000000
4943.983246 0.000000
4944.026039 0.000000
4944.068833 0.000000
4944.111627 0.000000
4944.154420 0.000000
4944.197214 0.000000
4944.240007 0.000000
4944.282801 0.000000
4944.325594 0.000000
4944.368388 0.000000
4944.411181 0.000000
4944.453975 0.000000
4944.496769 0.000000
4944.539562 0.000000
4944.582356 0.000000
4944.625149 0.000000
4944.667943 0.000000
4944.710736 0.000000
4944.753530 0.000000
4944.796324 0.000000
4944.839117 0.000000
4944.881911 0.000000
4944.924704 0.000000
4944.967498 0.000000
4945.010291 0.000000
4945.053085 0.000000
4945.095878 0.000000
4945.138672 0.000000
4945.181466 0.000000
4945.224259 0.000000
4945.267053 0.000000
4945.309846 0.000000
4945.352640 0.000000
4945.395433 0.000000
4945.438227 0.000000
4945.481021 0.000000
4945.523814 0.000000
4945.566608 0.000000
4945.609401 0.000000
4945.652195 0.000000
4945.694988 0.000000
4945.737782 0.000000
4945.780575 0.000000
4945.823369 0.000000
4945.866163 0.000000
4945.908956 0.000000
4945.951750 0.000000
4945.994543 0.000000
4946.037337 0.000000
4946.080130 0.000000
4946.122924 0.000000
4946.165718 0.000000
4946.208511 0.000000
4946.251305 0.000000
4946.294098 0.000000
4946.336892 0.000000
4946.379685 0.000000
4946.422479 0.000000
4946.465273 0.000000
4946.508066 0.000000
4946.550860 0.000000
4946.593653 0.000000
4946.636447 0.000000
4946.679240 0.000000
4946.722034 0.000000
4946.764827 0.000000
4946.807621 0.000000
4946.850415 0.000000
4946.893208 0.000000
4946.936002 0.000000
4946.978795 0.000000
4947.021589 0.000000
4947.064382 0.000000
4947.107176 0.000000
4947.149970 0.000000
4947.192763 0.000000
4947.235557 0.000000
4947.278350 0.000000
4947.321144 0.000000
4947.363937 0.000000
4947.406731 0.000000
4947.449524 0.000000
4947.492318 0.000000
4947.535112 0.000000
4947.577905 0.000000
4947.620699 0.000000
4947.663492 0.000000
4947.706286 0.000000
4947.749079 0.000000
4947.791873 0.000000
4947.834667 0.000000
4947.877460 0.000000
4947.920254 0.000000
4947.963047 0.000000
4948.005841 0.000000
4948.048634 0.000000
4948.091428 0.000000
4948.134222 0.000000
4948.177015 0.000000
4948.219809 0.000000
4948.262602 0.000000
4948.305396 0.000000
4948.348189 0.000000
4948.390983 0.000000
4948.433776 0.000000
4948.476570 0.000000
4948.519364 0.000000
4948.562157 0.000000
4948.604951 0.000000
4948.647744 0.000000
4948.690538 0.000000
4948.733331 0.000000
4948.776125 0.000000
4948.818919 0.000000
4948.861712 0.000000
4948.904506 0.000000
4948.947299 0.000000
4948.990093 0.000000
4949.032886 0.000000
4949.075680 0.000000
4949.118473 0.000000
4949.161267 0.000000
4949.204061 0.000000
4949.246854 0.000000
4949.289648 0.000000
4949.332441 0.000000
4949.375235 0.000000
4949.418028 0.000000
4949.460822 0.000000
4949.503616 0.000000
4949.546409 0.000000
4949.589203 0.000000
4949.631996 0.000000
4949.674790 0.000000
4949.717583 0.000000
4949.760377 0.000000
4949.803171 0.000000
4949.845964 0.000000
4949.888758 0.000000
4949.931551 0.000000
4949.974345 0.000000
4950.017138 0.000000
4950.059932 0.000000
4950.102725 0.000000
4950.145519 0.000000
4950.188313 0.000000
4950.231106 0.000000
4950.273900 0.000000
4950.316693 0.000000
4950.359487 0.000000
4950.402280 0.000000
4950.445074 0.000000
4950.487868 0.000000
4950.530661 0.000000
4950.573455 0.000000
4950.616248 0.000000
4950.659042 0.000000
4950.701835 0.000000
4950.744629 0.000000
4950.787422 0.000000
4950.830216 0.000000
4950.873010 0.000000
4950.915803 0.000000
4950.958597 0.000000
4951.001390 0.000000
4951.044184 0.000000
4951.086977 0.000000
4951.129771 0.000000
4951.172565 0.000000
4951.215358 0.000000
4951.258152 0.000000
4951.300945 0.000000
4951.343739 0.000000
4951.386532 0.000000
4951.429326 0.000000
4951.472119 0.000000
4951.514913 0.000000
4951.557707 0.000000
4951.600500 0.000000
4951.643294 0.000000
4951.686087 0.000000
4951.728881 0.000000
4951.771674 0.000000
4951.814468 0.000000
4951.857262 0.000000
4951.900055 0.000000
4951.942849 0.000000
4951.985642 0.000000
4952.028436 0.000000
4952.071229 0.000000
4952.114023 0.000000
4952.156817 0.000000
4952.199610 0.000000
4952.242404 0.000000
4952.285197 0.000000
4952.327991 0.000000
4952.370784 0.000000
4952.413578 0.000000
4952.456371 0.000000
4952.499165 0.000000
4952.541959 0.000000
4952.584752 0.000000
4952.627546 0.000000
4952.670339 0.000000
4952.713133 0.000000
4952.755926 0.000000
4952.798720 0.000000
4952.841514 0.000000
4952.884307 0.000000
4952.927101 0.000000
4952.969894 0.000000
4953.012688 0.000000
4953.055481 0.000000
4953.098275 0.000000
4953.141068 0.000000
4953.183862 0.000000
4953.226656 0.000000
4953.269449 0.000000
4953.312243 0.000000
4953.355036 0.000000
4953.397830 0.000000
4953.440623 0.000000
4953.483417 0.000000
4953.526211 0.000000
4953.569004 0.000000
4953.611798 0.000000
4953.654591 0.000000
4953.697385 0.000000
4953.740178 0.000000
4953.782972 0.000000
4953.825766 0.000000
4953.868559 0.000000
4953.911353 0.000000
4953.954146 0.000000
4953.996940 0.000000
4954.039733 0.000000
4954.082527 0.000000
4954.125320 0.000000
4954.168114 0.000000
4954.210908 0.000000
4954.253701 0.000000
4954.296495 0.000000
4954.339288 0.000000
4954.382082 0.000000
4954.424875 0.000000
4954.467669 0.000000
4954.510463 0.000000
4954.553256 0.000000
4954.596050 0.000000
4954.638843 0.000000
4954.681637 0.000000
4954.724430 0.000000
4954.767224 0.000000
4954.810017 0.000000
4954.852811 0.000000
4954.895605 0.000000
4954.938398 0.000000
4954.981192 0.000000
4955.023985 0.000000
4955.066779 0.000000
4955.109572 0.000000
4955.152366 0.000000
4955.195160 0.000000
4955.237953 0.000000
4955.280747 0.000000
4955.323540 0.000000
4955.366334 0.000000
4955.409127 0.000000
4955.451921 0.000000
4955.494714 0.000000
4955.537508 0.000000
4955.580302 0.000000
4955.623095 0.000000
4955.665889 0.000000
4955.708682 0.000000
4955.751476 0.000000
4955.794269 0.000000
4955.837063 0.000000
4955.879857 0.000000
4955.922650 0.000000
4955.965444 0.000000
4956.008237 0.000000
4956.051031 0.000000
4956.093824 0.000000
4956.136618 0.000000
4956.179412 0.000000
4956.222205 0.000000
4956.264999 0.000000
4956.307792 0.000000
4956.350586 0.000000
4956.393379 0.000000
4956.436173 0.000000
4956.478966 0.000000
4956.521760 0.000000
4956.564554 0.000000
4956.607347 0.000000
4956.650141 0.000000
4956.692934 0.000000
4956.735728 0.000000
4956.778521 0.000000
4956.821315 0.000000
4956.864109 0.000000
4956.906902 0.000000
4956.949696 0.000000
4956.992489 0.000000
4957.035283 0.000000
4957.078076 0.000000
4957.120870 0.000000
4957.163663 0.000000
4957.206457 0.000000
4957.249251 0.000000
4957.292044 0.000000
4957.334838 0.000000
4957.377631 0.000000
4957.420425 0.000000
4957.463218 0.000000
4957.506012 0.000000
4957.548806 0.000000
4957.591599 0.000000
4957.634393 0.000000
4957.677186 0.000000
4957.719980 0.000000
4957.762773 0.000000
4957.805567 0.000000
4957.848361 0.000000
4957.891154 0.000000
4957.933948 0.000000
4957.976741 0.000000
4958.019535 0.000000
4958.062328 0.000000
4958.105122 0.000000
4958.147915 0.000000
4958.190709 0.000000
4958.233503 0.000000
4958.276296 0.000000
4958.319090 0.000000
4958.361883 0.000000
4958.404677 0.000000
4958.447470 0.000000
4958.490264 0.000000
4958.533058 0.000000
4958.575851 0.000000
4958.618645 0.000000
4958.661438 0.000000
4958.704232 0.000000
4958.747025 0.000000
4958.789819 0.000000
4958.832612 0.000000
4958.875406 0.000000
4958.918200 0.000000
4958.960993 0.000000
4959.003787 0.000000
4959.046580 0.000000
4959.089374 0.000000
4959.132167 0.000000
4959.174961 0.000000
4959.217755 0.000000
4959.260548 0.000000
4959.303342 0.000000
4959.346135 0.000000
4959.388929 0.000000
4959.431722 0.000000
4959.474516 0.000000
4959.517309 0.000000
4959.560103 0.000000
4959.602897 0.000000
4959.645690 0.000000
4959.688484 0.000000
4959.731277 0.000000
4959.774071 0.000000
4959.816864 0.000000
4959.859658 0.000000
4959.902452 0.000000
4959.945245 0.000000
4959.988039 0.000000
4960.030832 0.000000
4960.073626 0.000000
4960.116419 0.000000
4960.159213 0.000000
4960.202007 0.000000
4960.244800 0.000000
4960.287594 0.000000
4960.330387 0.000000
4960.373181 0.000000
4960.415974 0.000000
4960.458768 0.000000
4960.501561 0.000000
4960.544355 0.000000
4960.587149 0.000000
4960.629942 0.000000
4960.672736 0.000000
4960.715529 0.000000
4960.758323 0.000000
4960.801116 0.000000
4960.843910 0.000000
4960.886704 0.000000
4960.929497 0.000000
4960.972291 0.000000
4961.015084 0.000000
4961.057878 0.000000
4961.100671 0.000000
4961.143465 0.000000
4961.186258 0.000000
4961.229052 0.000000
4961.271846 0.000000
4961.314639 0.000000
4961.357433 0.000000
4961.400226 0.000000
4961.443020 0.000000
4961.485813 0.000000
4961.528607 0.000000
4961.571401 0.000000
4961.614194 0.000000
4961.656988 0.000000
4961.699781 0.000000
4961.742575 0.000000
4961.785368 0.000000
4961.828162 0.000000
4961.870956 0.000000
4961.913749 0.000000
4961.956543 0.000000
4961.999336 0.000000
4962.042130 0.000000
4962.084923 0.000000
4962.127717 0.000000
4962.170510 0.000000
4962.213304 0.000000
4962.256098 0.000000
4962.298891 0.000000
4962.341685 0.000000
4962.384478 0.000000
4962.427272 0.000000
4962.470065 0.000000
4962.512859 0.000000
4962.555653 0.000000
4962.598446 0.000000
4962.641240 0.000000
4962.684033 0.000000
4962.726827 0.000000
4962.769620 0.000000
4962.812414 0.000000
4962.855207 0.000000
4962.898001 0.000000
4962.940795 0.000000
4962.983588 0.000000
4963.026382 0.000000
4963.069175 0.000000
4963.111969 0.000000
4963.154762 0.000000
4963.197556 0.000000
4963.240350 0.000000
4963.283143 0.000000
4963.325937 0.000000
4963.368730 0.000000
4963.411524 0.000000
4963.454317 0.000000
4963.497111 0.000000
4963.539904 0.000000
4963.582698 0.000000
4963.625492 0.000000
4963.668285 0.000000
4963.711079 0.000000
4963.753872 0.000000
4963.796666 0.000000
4963.839459 0.000000
4963.882253 0.000000
4963.925047 0.000000
4963.967840 0.000000
4964.010634 0.000000
4964.053427 0.000000
4964.096221 0.000000
4964.139014 0.000000
4964.181808 0.000000
4964.224602 0.000000
4964.267395 0.000000
4964.310189 0.000000
4964.352982 0.000000
4964.395776 0.000000
4964.438569 0.000000
4964.481363 0.000000
4964.524156 0.000000
4964.566950 0.000000
4964.609744 0.000000
4964.652537 0.000000
4964.695331 0.000000
4964.738124 0.000000
4964.780918 0.000000
4964.823711 0.000000
4964.866505 0.000000
4964.909299 0.000000
4964.952092 0.000000
4964.994886 0.000000
4965.037679 0.000000
4965.080473 0.000000
4965.123266 0.000000
4965.166060 0.000000
4965.208853 0.000000
4965.251647 0.000000
4965.294441 0.000000
4965.337234 0.000000
4965.380028 0.000000
4965.422821 0.000000
4965.465615 0.000000
4965.508408 0.000000
4965.551202 0.000000
4965.593996 0.000000
4965.636789 0.000000
4965.679583 0.000000
4965.722376 0.000000
4965.765170 0.000000
4965.807963 0.000000
4965.850757 0.000000
4965.893551 0.000000
4965.936344 0.000000
4965.979138 0.000000
4966.021931 0.000000
4966.064725 0.000000
4966.107518 0.000000
4966.150312 0.000000
4966.193105 0.000000
4966.235899 0.000000
4966.278693 0.000000
4966.321486 0.000000
4966.364280 0.000000
4966.407073 0.000000
4966.449867 0.000000
4966.492660 0.000000
4966.535454 0.000000
4966.578248 0.000000
4966.621041 0.000000
4966.663835 0.000000
4966.706628 0.000000
4966.749422 0.000000
4966.792215 0.000000
4966.835009 0.000000
4966.877802 0.000000
4966.920596 0.000000
4966.963390 0.000000
4967.006183 0.000000
4967.048977 0.000000
4967.091770 0.000000
4967.134564 0.000000
4967.177357 0.000000
4967.220151 0.000000
4967.262945 0.000000
4967.305738 0.000000
4967.348532 0.000000
4967.391325 0.000000
4967.434119 0.000000
4967.476912 0.000000
4967.519706 0.000000
4967.562499 0.000000
4967.605293 0.000000
4967.648087 0.000000
4967.690880 0.000000
4967.733674 0.000000
4967.776467 0.000000
4967.819261 0.000000
4967.862054 0.000000
4967.904848 0.000000
4967.947642 0.000000
4967.990435 0.000000
4968.033229 0.000000
4968.076022 0.000000
4968.118816 0.000000
4968.161609 0.000000
4968.204403 0.000000
4968.247197 0.000000
4968.289990 0.000000
4968.332784 0.000000
4968.375577 0.000000
4968.418371 0.000000
4968.461164 0.000000
4968.503958 0.000000
4968.546751 0.000000
4968.589545 0.000000
4968.632339 0.000000
4968.675132 0.000000
4968.717926 0.000000
4968.760719 0.000000
4968.803513 0.000000
4968.846306 0.000000
4968.889100 0.000000
4968.931894 0.000000
4968.974687 0.000000
4969.017481 0.000000
4969.060274 0.000000
4969.103068 0.000000
4969.145861 0.000000
4969.188655 0.000000
4969.231448 0.000000
4969.274242 0.000000
4969.317036 0.000000
4969.359829 0.000000
4969.402623 0.000000
4969.445416 0.000000
4969.488210 0.000000
4969.531003 0.000000
4969.573797 0.000000
4969.616591 0.000000
4969.659384 0.000000
4969.702178 0.000000
4969.744971 0.000000
4969.787765 0.000000
4969.830558 0.000000
4969.873352 0.000000
4969.916146 0.000000
4969.958939 0.000000
4970.001733 0.000000
4970.044526 0.000000
4970.087320 0.000000
4970.130113 0.000000
4970.172907 0.000000
4970.215700 0.000000
4970.258494 0.000000
4970.301288 0.000000
4970.344081 0.000000
4970.386875 0.000000
4970.429668 0.000000
4970.472462 0.000000
4970.515255 0.000000
4970.558049 0.000000
4970.600843 0.000000
4970.643636 0.000000
4970.686430 0.000000
4970.729223 0.000000
4970.772017 0.000000
4970.814810 0.000000
4970.857604 0.000000
4970.900397 0.000000
4970.943191 0.000000
4970.985985 0.000000
4971.028778 0.000000
4971.071572 0.000000
4971.114365 0.000000
4971.157159 0.000000
4971.199952 0.000000
4971.242746 0.000000
4971.285540 0.000000
4971.328333 0.000000
4971.371127 0.000000
4971.413920 0.000000
4971.456714 0.000000
4971.499507 0.000000
4971.542301 0.000000
4971.585095 0.000000
4971.627888 0.000000
4971.670682 0.000000
4971.713475 0.000000
4971.756269 0.000000
4971.799062 0.000000
4971.841856 0.000000
4971.884649 0.000000
4971.927443 0.000000
4971.970237 0.000000
4972.013030 0.000000
4972.055824 0.000000
4972.098617 0.000000
4972.141411 0.000000
4972.184204 0.000000
4972.226998 0.000000
4972.269792 0.000000
4972.312585 0.000000
4972.355379 0.000000
4972.398172 0.000000
4972.440966 0.000000
4972.483759 0.000000
4972.526553 0.000000
4972.569346 0.000000
4972.612140 0.000000
4972.654934 0.000000
4972.697727 0.000000
4972.740521 0.000000
4972.783314 0.000000
4972.826108 0.000000
4972.868901 0.000000
4972.911695 0.000000
4972.954489 0.000000
4972.997282 0.000000
4973.040076 0.000000
4973.082869 0.000000
4973.125663 0.000000
4973.168456 0.000000
4973.211250 0.000000
4973.254043 0.000000
4973.296837 0.000000
4973.339631 0.000000
4973.382424 0.000000
4973.425218 0.000000
4973.468011 0.000000
4973.510805 0.000000
4973.553598 0.000000
4973.596392 0.000000
4973.639186 0.000000
4973.681979 0.000000
4973.724773 0.000000
4973.767566 0.000000
4973.810360 0.000000
4973.853153 0.000000
4973.895947 0.000000
4973.938741 0.000000
4973.981534 0.000000
4974.024328 0.000000
4974.067121 0.000000
4974.109915 0.000000
4974.152708 0.000000
4974.195502 0.000000
4974.238295 0.000000
4974.281089 0.000000
4974.323883 0.000000
4974.366676 0.000000
4974.409470 0.000000
4974.452263 0.000000
4974.495057 0.000000
4974.537850 0.000000
4974.580644 0.000000
4974.623438 0.000000
4974.666231 0.000000
4974.709025 0.000000
4974.751818 0.000000
4974.794612 0.000000
4974.837405 0.000000
4974.880199 0.000000
4974.922992 0.000000
4974.965786 0.000000
4975.008580 0.000000
4975.051373 0.000000
4975.094167 0.000000
4975.136960 0.000000
4975.179754 0.000000
4975.222547 0.000000
4975.265341 0.000000
4975.308135 0.000000
4975.350928 0.000000
4975.393722 0.000000
4975.436515 0.000000
4975.479309 0.000000
4975.522102 0.000000
4975.564896 0.000000
4975.607690 0.000000
4975.650483 0.000000
4975.693277 0.000000
4975.736070 0.000000
4975.778864 0.000000
4975.821657 0.000000
4975.864451 0.000000
4975.907244 0.000000
4975.950038 0.000000
4975.992832 0.000000
4976.035625 0.000000
4976.078419 0.000000
4976.121212 0.000000
4976.164006 0.000000
4976.206799 0.000000
4976.249593 0.000000
4976.292387 0.000000
4976.335180 0.000000
4976.377974 0.000000
4976.420767 0.000000
4976.463561 0.000000
4976.506354 0.000000
4976.549148 0.000000
4976.591941 0.000000
4976.634735 0.000000
4976.677529 0.000000
4976.720322 0.000000
4976.763116 0.000000
4976.805909 0.000000
4976.848703 0.000000
4976.891496 0.000000
4976.934290 0.000000
4976.977084 0.000000
4977.019877 0.000000
4977.062671 0.000000
4977.105464 0.000000
4977.148258 0.000000
4977.191051 0.000000
4977.233845 0.000000
4977.276638 0.000000
4977.319432 0.000000
4977.362226 0.000000
4977.405019 0.000000
4977.447813 0.000000
4977.490606 0.000000
4977.533400 0.000000
4977.576193 0.000000
4977.618987 0.000000
4977.661781 0.000000
4977.704574 0.000000
4977.747368 0.000000
4977.790161 0.000000
4977.832955 0.000000
4977.875748 0.000000
4977.918542 0.000000
4977.961336 0.000000
4978.004129 0.000000
4978.046923 0.000000
4978.089716 0.000000
4978.132510 0.000000
4978.175303 0.000000
4978.218097 0.000000
4978.260890 0.000000
4978.303684 0.000000
4978.346478 0.000000
4978.389271 0.000000
4978.432065 0.000000
4978.474858 0.000000
4978.517652 0.000000
4978.560445 0.000000
4978.603239 0.000000
4978.646033 0.000000
4978.688826 0.000000
4978.731620 0.000000
4978.774413 0.000000
4978.817207 0.000000
4978.860000 0.000000
4978.902794 0.000000
4978.945587 0.000000
4978.988381 0.000000
4979.031175 0.000000
4979.073968 0.000000
4979.116762 0.000000
4979.159555 0.000000
4979.202349 0.000000
4979.245142 0.000000
4979.287936 0.000000
4979.330730 0.000000
4979.373523 0.000000
4979.416317 0.000000
4979.459110 0.000000
4979.501904 0.000000
4979.544697 0.000000
4979.587491 0.000000
4979.630285 0.000000
4979.673078 0.000000
4979.715872 0.000000
4979.758665 0.000000
4979.801459 0.000000
4979.844252 0.000000
4979.887046 0.000000
4979.929839 0.000000
4979.972633 0.000000
4980.015427 0.000000
4980.058220 0.000000
4980.101014 0.000000
4980.143807 0.000000
4980.186601 0.000000
4980.229394 0.000000
4980.272188 0.000000
4980.314982 0.000000
4980.357775 0.000000
4980.400569 0.000000
4980.443362 0.000000
4980.486156 0.000000
4980.528949 0.000000
4980.571743 0.000000
4980.614536 0.000000
4980.657330 0.000000
4980.700124 0.000000
4980.742917 0.000000
4980.785711 0.000000
4980.828504 0.000000
4980.871298 0.000000
4980.914091 0.000000
4980.956885 0.000000
4980.999679 0.000000
4981.042472 0.000000
4981.085266 0.000000
4981.128059 0.000000
4981.170853 0.000000
4981.213646 0.000000
4981.256440 0.000000
4981.299233 0.000000
4981.342027 0.000000
4981.384821 0.000000
4981.427614 0.000000
4981.470408 0.000000
4981.513201 0.000000
4981.555995 0.000000
4981.598788 0.000000
4981.641582 0.000000
4981.684376 0.000000
4981.727169 0.000000
4981.769963 0.000000
4981.812756 0.000000
4981.855550 0.000000
4981.898343 0.000000
4981.941137 0.000000
4981.983931 0.000000
4982.026724 0.000000
4982.069518 0.000000
4982.112311 0.000000
4982.155105 0.000000
4982.197898 0.000000
4982.240692 0.000000
4982.283485 0.000000
4982.326279 0.000000
4982.369073 0.000000
4982.411866 0.000000
4982.454660 0.000000
4982.497453 0.000000
4982.540247 0.000000
4982.583040 0.000000
4982.625834 0.000000
4982.668628 0.000000
4982.711421 0.000000
4982.754215 0.000000
4982.797008 0.000000
4982.839802 0.000000
4982.882595 0.000000
4982.925389 0.000000
4982.968182 0.000000
4983.010976 0.000000
4983.053770 0.000000
4983.096563 0.000000
4983.139357 0.000000
4983.182150 0.000000
4983.224944 0.000000
4983.267737 0.000000
4983.310531 0.000000
4983.353325 0.000000
4983.396118 0.000000
4983.438912 0.000000
4983.481705 0.000000
4983.524499 0.000000
4983.567292 0.000000
4983.610086 0.000000
4983.652880 0.000000
4983.695673 0.000000
4983.738467 0.000000
4983.781260 0.000000
4983.824054 0.000000
4983.866847 0.000000
4983.909641 0.000000
4983.952434 0.000000
4983.995228 0.000000
4984.038022 0.000000
4984.080815 0.000000
4984.123609 0.000000
4984.166402 0.000000
4984.209196 0.000000
4984.251989 0.000000
4984.294783 0.000000
4984.337577 0.000000
4984.380370 0.000000
4984.423164 0.000000
4984.465957 0.000000
4984.508751 0.000000
4984.551544 0.000000
4984.594338 0.000000
4984.637131 0.000000
4984.679925 0.000000
4984.722719 0.000000
4984.765512 0.000000
4984.808306 0.000000
4984.851099 0.000000
4984.893893 0.000000
4984.936686 0.000000
4984.979480 0.000000
4985.022274 0.000000
4985.065067 0.000000
4985.107861 0.000000
4985.150654 0.000000
4985.193448 0.000000
4985.236241 0.000000
4985.279035 0.000000
4985.321828 0.000000
4985.364622 0.000000
4985.407416 0.000000
4985.450209 0.000000
4985.493003 0.000000
4985.535796 0.000000
4985.578590 0.000000
4985.621383 0.000000
4985.664177 0.000000
4985.706971 0.000000
4985.749764 0.000000
4985.792558 0.000000
4985.835351 0.000000
4985.878145 0.000000
4985.920938 0.000000
4985.963732 0.000000
4986.006526 0.000000
4986.049319 0.000000
4986.092113 0.000000
4986.134906 0.000000
4986.177700 0.000000
4986.220493 0.000000
4986.263287 0.000000
4986.306080 0.000000
4986.348874 0.000000
4986.391668 0.000000
4986.434461 0.000000
4986.477255 0.000000
4986.520048 0.000000
4986.562842 0.000000
4986.605635 0.000000
4986.648429 0.000000
4986.691223 0.000000
4986.734016 0.000000
4986.776810 0.000000
4986.819603 0.000000
4986.862397 0.000000
4986.905190 0.000000
4986.947984 0.000000
4986.990777 0.000000
4987.033571 0.000000
4987.076365 0.000000
4987.119158 0.000000
4987.161952 0.000000
4987.204745 0.000000
4987.247539 0.000000
4987.290332 0.000000
4987.333126 0.000000
4987.375920 0.000000
4987.418713 0.000000
4987.461507 0.000000
4987.504300 0.000000
4987.547094 0.000000
4987.589887 0.000000
4987.632681 0.000000
4987.675475 0.000000
4987.718268 0.000000
4987.761062 0.000000
4987.803855 0.000000
4987.846649 0.000000
4987.889442 0.000000
4987.932236 0.000000
4987.975029 0.000000
4988.017823 0.000000
4988.060617 0.000000
4988.103410 0.000000
4988.146204 0.000000
4988.188997 0.000000
4988.231791 0.000000
4988.274584 0.000000
4988.317378 0.000000
4988.360172 0.000000
4988.402965 0.000000
4988.445759 0.000000
4988.488552 0.000000
4988.531346 0.000000
4988.574139 0.000000
4988.616933 0.000000
4988.659726 0.000000
4988.702520 0.000000
4988.745314 0.000000
4988.788107 0.000000
4988.830901 0.000000
4988.873694 0.000000
4988.916488 0.000000
4988.959281 0.000000
4989.002075 0.000000
4989.044869 0.000000
4989.087662 0.000000
4989.130456 0.000000
4989.173249 0.000000
4989.216043 0.000000
4989.258836 0.000000
4989.301630 0.000000
4989.344423 0.000000
4989.387217 0.000000
4989.430011 0.000000
4989.472804 0.000000
4989.515598 0.000000
4989.558391 0.000000
4989.601185 0.000000
4989.643978 0.000000
4989.686772 0.000000
4989.729566 0.000000
4989.772359 0.000000
4989.815153 0.000000
4989.857946 0.000000
4989.900740 0.000000
4989.943533 0.000000
4989.986327 0.000000
4990.029121 0.000000
4990.071914 0.000000
4990.114708 0.000000
4990.157501 0.000000
4990.200295 0.000000
4990.243088 0.000000
4990.285882 0.000000
4990.328675 0.000000
4990.371469 0.000000
4990.414263 0.000000
4990.457056 0.000000
4990.499850 0.000000
4990.542643 0.000000
4990.585437 0.000000
4990.628230 0.000000
4990.671024 0.000000
4990.713818 0.000000
4990.756611 0.000000
4990.799405 0.000000
4990.842198 0.000000
4990.884992 0.000000
4990.927785 0.000000
4990.970579 0.000000
4991.013372 0.000000
4991.056166 0.000000
4991.098960 0.000000
4991.141753 0.000000
4991.184547 0.000000
4991.227340 0.000000
4991.270134 0.000000
4991.312927 0.000000
4991.355721 0.000000
4991.398515 0.000000
4991.441308 0.000000
4991.484102 0.000000
4991.526895 0.000000
4991.569689 0.000000
4991.612482 0.000000
4991.655276 0.000000
4991.698070 0.000000
4991.740863 0.000000
4991.783657 0.000000
4991.826450 0.000000
4991.869244 0.000000
4991.912037 0.000000
4991.954831 0.000000
4991.997624 0.000000
4992.040418 0.000000
4992.083212 0.000000
4992.126005 0.000000
4992.168799 0.000000
4992.211592 0.000000
4992.254386 0.000000
4992.297179 0.000000
4992.339973 0.000000
4992.382767 0.000000
4992.425560 0.000000
4992.468354 0.000000
4992.511147 0.000000
4992.553941 0.000000
4992.596734 0.000000
4992.639528 0.000000
4992.682321 0.000000
4992.725115 0.000000
4992.767909 0.000000
4992.810702 0.000000
4992.853496 0.000000
4992.896289 0.000000
4992.939083 0.000000
4992.981876 0.000000
4993.024670 0.000000
4993.067464 0.000000
4993.110257 0.000000
4993.153051 0.000000
4993.195844 0.000000
4993.238638 0.000000
4993.281431 0.000000
4993.324225 0.000001
4993.367018 0.000001
4993.409812 0.000001
4993.452606 0.000001
4993.495399 0.000001
4993.538193 0.000001
4993.580986 0.000001
4993.623780 0.000001
4993.666573 0.000001
4993.709367 0.000001
4993.752161 0.000001
4993.794954 0.000001
4993.837748 0.000001
4993.880541 0.000001
4993.923335 0.000001
4993.966128 0.000001
4994.008922 0.000001
4994.051716 0.000002
4994.094509 0.000002
4994.137303 0.000002
4994.180096 0.000002
4994.222890 0.000002
4994.265683 0.000002
4994.308477 0.000002
4994.351270 0.000002
4994.394064 0.000003
4994.436858 0.000003
4994.479651 0.000003
4994.522445 0.000003
4994.565238 0.000003
4994.608032 0.000004
4994.650825 0.000004
4994.693619 0.000004
4994.736413 0.000004
4994.779206 0.000005
4994.822000 0.000005
4994.864793 0.000005
4994.907587 0.000006
4994.950380 0.000006
4994.993174 0.000006
4995.035967 0.000007
4995.078761 0.000007
4995.121555 0.000008
4995.164348 0.000008
4995.207142 0.000009
4995.249935 0.000009
4995.292729 0.000010
4995.335522 0.000010
4995.378316 0.000011
4995.421110 0.000011
4995.463903 0.000012
4995.506697 0.000013
4995.549490 0.000014
4995.592284 0.000015
4995.635077 0.000015
4995.677871 0.000016
4995.720665 0.000017
4995.763458 0.000018
4995.806252 0.000019
4995.849045 0.000021
4995.891839 0.000022
4995.934632 0.000023
4995.977426 0.000024
4996.020219 0.000026
4996.063013 0.000027
4996.105807 0.000029
4996.148600 0.000030
4996.191394 0.000032
4996.234187 0.000034
4996.276981 0.000036
4996.319774 0.000038
4996.362568 0.000040
4996.405362 0.000042
4996.448155 0.000045
4996.490949 0.000047
4996.533742 0.000050
4996.576536 0.000053
4996.619329 0.000055
4996.662123 0.000059
4996.704916 0.000062
4996.747710 0.000065
4996.790504 0.000069
4996.833297 0.000072
4996.876091 0.000076
4996.918884 0.000080
4996.961678 0.000085
4997.004471 0.000089
4997.047265 0.000094
4997.090059 0.000099
4997.132852 0.000104
4997.175646 0.000110
4997.218439 0.000115
4997.261233 0.000121
4997.304026 0.000128
4997.346820 0.000134
4997.389614 0.000141
4997.432407 0.000148
4997.475201 0.000156
4997.517994 0.000164
4997.560788 0.000172
4997.603581 0.000181
4997.646375 0.000190
4997.689168 0.000199
4997.731962 0.000209
4997.774756 0.000220
4997.817549 0.000231
4997.860343 0.000242
4997.903136 0.000254
4997.945930 0.000266
4997.988723 0.000279
4998.031517 0.000293
4998.074311 0.000307
4998.117104 0.000322
4998.159898 0.000337
4998.202691 0.000353
4998.245485 0.000370
4998.288278 0.000387
4998.331072 0.000405
4998.373865 0.000424
4998.416659 0.000444
4998.459453 0.000465
4998.502246 0.000486
4998.545040 0.000509
4998.587833 0.000532
4998.630627 0.000557
4998.673420 0.000582
4998.716214 0.000608
4998.759008 0.000636
4998.801801 0.000664
4998.844595 0.000694
4998.887388 0.000725
4998.930182 0.000757
4998.972975 0.000790
4999.015769 0.000825
4999.058562 0.000861
4999.101356 0.000898
4999.144150 0.000937
4999.186943 0.000977
4999.229737 0.001019
4999.272530 0.001063
4999.315324 0.001108
4999.358117 0.001155
4999.400911 0.001203
4999.443705 0.001254
4999.486498 0.001306
4999.529292 0.001360
4999.572085 0.001416
4999.614879 0.001474
4999.657672 0.001535
4999.700466 0.001597
4999.743260 0.001662
4999.786053 0.001729
4999.828847 0.001798
4999.871640 0.001870
4999.914434 0.001944
4999.957227 0.002021
5000.000021 0.002100
5000.042814 0.002182
5000.085608 0.002267
5000.128402 0.002355
5000.171195 0.002445
5000.213989 0.002539
5000.256782 0.002636
5000.299576 0.002736
5000.342369 0.002839
5000.385163 0.002945
5000.427957 0.003055
5000.470750 0.003169
5000.513544 0.003285
5000.556337 0.003406
5000.599131 0.003530
5000.641924 0.003659
5000.684718 0.003791
5000.727511 0.003927
5000.770305 0.004067
5000.813099 0.004212
5000.855892 0.004360
5000.898686 0.004514
5000.941479 0.004671
5000.984273 0.004833
5001.027066 0.005000
5001.069860 0.005172
5001.112654 0.005349
5001.155447 0.005530
5001.198241 0.005717
5001.241034 0.005908
5001.283828 0.006105
5001.326621 0.006308
5001.369415 0.006516
5001.412209 0.006729
5001.455002 0.006948
5001.497796 0.007173
5001.540589 0.007403
5001.583383 0.007640
5001.626176 0.007883
5001.668970 0.008132
5001.711763 0.008387
5001.754557 0.008648
5001.797351 0.008916
5001.840144 0.009190
5001.882938 0.009471
5001.925731 0.009759
5001.968525 0.010054
5002.011318 0.010355
5002.054112 0.010664
5002.096906 0.010979
5002.139699 0.011302
5002.182493 0.011632
5002.225286 0.011970
5002.268080 0.012314
5002.310873 0.012667
5002.353667 0.013027
5002.396460 0.013394
5002.439254 0.013770
5002.482048 0.014153
5002.524841 0.014544
5002.567635 0.014943
5002.610428 0.015350
5002.653222 0.015765
5002.696015 0.016188
5002.738809 0.016619
5002.781603 0.017059
5002.824396 0.017506
5002.867190 0.017963
5002.909983 0.018427
5002.952777 0.018900
5002.995570 0.019381
5003.038364 0.019871
5003.081157 0.020370
5003.123951 0.020876
5003.166745 0.021392
5003.209538 0.021915
5003.252332 0.022448
5003.295125 0.022989
5003.337919 0.023538
5003.380712 0.024096
5003.423506 0.024663
5003.466300 0.025238
5003.509093 0.025821
5003.551887 0.026413
5003.594680 0.027013
5003.637474 0.027622
5003.680267 0.028239
5003.723061 0.028864
5003.765855 0.029497
5003.808648 0.030139
5003.851442 0.030788
5003.894235 0.031446
5003.937029 0.032111
5003.979822 0.032785
5004.022616 0.033466
5004.065409 0.034154
5004.108203 0.034850
5004.150997 0.035554
5004.193790 0.036265
5004.236584 0.036983
5004.279377 0.037708
5004.322171 0.038439
5004.364964 0.039178
5004.407758 0.039923
5004.450552 0.040674
5004.493345 0.041432
5004.536139 0.042196
5004.578932 0.042965
5004.621726 0.043740
5004.664519 0.044521
5004.707313 0.045307
5004.750106 0.046098
5004.792900 0.046894
5004.835694 0.047694
5004.878487 0.048499
5004.921281 0.049308
5004.964074 0.050121
5005.006868 0.050937
5005.049661 0.051757
5005.092455 0.052581
5005.135249 0.053406
5005.178042 0.054235
5005.220836 0.055066
5005.263629 0.055899
5005.306423 0.056734
5005.349216 0.057570
5005.392010 0.058407
5005.434804 0.059245
5005.477597 0.060084
5005.520391 0.060923
5005.563184 0.061761
5005.605978 0.062600
5005.648771 0.063437
5005.691565 0.064274
5005.734358 0.065109
5005.777152 0.065942
5005.819946 0.066774
5005.862739 0.067602
5005.905533 0.068428
5005.948326 0.069251
5005.991120 0.070070
5006.033913 0.070886
5006.076707 0.071697
5006.119501 0.072504
5006.162294 0.073305
5006.205088 0.074102
5006.247881 0.074892
5006.290675 0.075677
5006.333468 0.076455
5006.376262 0.077227
5006.419055 0.077991
5006.461849 0.078748
5006.504643 0.079497
5006.547436 0.080238
5006.590230 0.080970
5006.633023 0.081693
5006.675817 0.082407
5006.718610 0.083112
5006.761404 0.083806
5006.804198 0.084490
5006.846991 0.085163
5006.889785 0.085825
5006.932578 0.086476
5006.975372 0.087115
5007.018165 0.087742
5007.060959 0.088357
5007.103752 0.088958
5007.146546 0.089547
5007.189340 0.090123
5007.232133 0.090685
5007.274927 0.091233
5007.317720 0.091766
5007.360514 0.092286
5007.403307 0.092790
5007.446101 0.093279
5007.488895 0.093753
5007.531688 0.094211
5007.574482 0.094654
5007.617275 0.095080
5007.660069 0.095490
5007.702862 0.095883
5007.745656 0.096260
5007.788450 0.096620
5007.831243 0.096962
5007.874037 0.097287
5007.916830 0.097594
5007.959624 0.097884
5008.002417 0.098156
5008.045211 0.098410
5008.088004 0.098645
5008.130798 0.098862
5008.173592 0.099061
5008.216385 0.099241
5008.259179 0.099402
5008.301972 0.099545
5008.344766 0.099669
5008.387559 0.099774
5008.430353 0.099859
5008.473147 0.099926
5008.515940 0.099974
5008.558734 0.100003
5008.601527 0.100012
5008.644321 0.100003
5008.687114 0.099974
5008.729908 0.099926
5008.772701 0.099859
5008.815495 0.099773
5008.858289 0.099668
5008.901082 0.099544
5008.943876 0.099401
5008.986669 0.099240
5009.029463 0.099060
5009.072256 0.098861
5009.115050 0.098644
5009.157844 0.098408
5009.200637 0.098154
5009.243431 0.097882
5009.286224 0.097593
5009.329018 0.097285
5009.371811 0.096960
5009.414605 0.096617
5009.457399 0.096258
5009.500192 0.095881
5009.542986 0.095487
5009.585779 0.095077
5009.628573 0.094651
5009.671366 0.094208
5009.714160 0.093750
5009.756953 0.093276
5009.799747 0.092787
5009.842541 0.092282
5009.885334 0.091763
5009.928128 0.091229
5009.970921 0.090681
5010.013715 0.090119
5010.056508 0.089544
5010.099302 0.088955
5010.142096 0.088353
5010.184889 0.087738
5010.227683 0.087111
5010.270476 0.086472
5010.313270 0.085821
5010.356063 0.085159
5010.398857 0.084485
5010.441650 0.083801
5010.484444 0.083107
5010.527238 0.082403
5010.570031 0.081689
5010.612825 0.080965
5010.655618 0.080233
5010.698412 0.079492
5010.741205 0.078743
5010.783999 0.077986
5010.826793 0.077222
5010.869586 0.076450
5010.912380 0.075672
5010.955173 0.074887
5010.997967 0.074097
5011.040760 0.073300
5011.083554 0.072499
5011.126347 0.071692
5011.169141 0.070881
5011.211935 0.070065
5011.254728 0.069246
5011.297522 0.068423
5011.340315 0.067597
5011.383109 0.066768
5011.425902 0.065937
5011.468696 0.065104
5011.511490 0.064269
5011.554283 0.063432
5011.597077 0.062594
5011.639870 0.061756
5011.682664 0.060917
5011.725457 0.060078
5011.768251 0.059240
5011.811045 0.058402
5011.853838 0.057564
5011.896632 0.056728
5011.939425 0.055894
5011.982219 0.055061
5012.025012 0.054230
5012.067806 0.053401
5012.110599 0.052575
5012.153393 0.051752
5012.196187 0.050932
5012.238980 0.050116
5012.281774 0.049303
5012.324567 0.048494
5012.367361 0.047689
5012.410154 0.046889
5012.452948 0.046093
5012.495742 0.045302
5012.538535 0.044516
5012.581329 0.043735
5012.624122 0.042960
5012.666916 0.042191
5012.709709 0.041427
5012.752503 0.040669
5012.795296 0.039918
5012.838090 0.039173
5012.880884 0.038435
5012.923677 0.037703
5012.966471 0.036978
5013.009264 0.036260
5013.052058 0.035549
5013.094851 0.034846
5013.137645 0.034150
5013.180439 0.033461
5013.223232 0.032780
5013.266026 0.032107
5013.308819 0.031442
5013.351613 0.030784
5013.394406 0.030135
5013.437200 0.029493
5013.479994 0.028860
5013.522787 0.028235
5013.565581 0.027618
5013.608374 0.027009
5013.651168 0.026409
5013.693961 0.025817
5013.736755 0.025234
5013.779548 0.024659
5013.822342 0.024093
5013.865136 0.023535
5013.907929 0.022985
5013.950723 0.022444
5013.993516 0.021912
5014.036310 0.021388
5014.079103 0.020873
5014.121897 0.020366
5014.164691 0.019868
5014.207484 0.019378
5014.250278 0.018897
5014.293071 0.018424
5014.335865 0.017960
5014.378658 0.017504
5014.421452 0.017056
5014.464245 0.016616
5014.507039 0.016185
5014.549833 0.015762
5014.592626 0.015347
5014.635420 0.014940
5014.678213 0.014541
5014.721007 0.014150
5014.763800 0.013767
5014.806594 0.013392
5014.849388 0.013024
5014.892181 0.012664
5014.934975 0.012312
5014.977768 0.011967
5015.020562 0.011630
5015.063355 0.011300
5015.106149 0.010977
5015.148942 0.010662
5015.191736 0.010353
5015.234530 0.010052
5015.277323 0.009757
5015.320117 0.009470
5015.362910 0.009189
5015.405704 0.008914
5015.448497 0.008646
5015.491291 0.008385
5015.534085 0.008130
5015.576878 0.007881
5015.619672 0.007639
5015.662465 0.007402
5015.705259 0.007171
5015.748052 0.006947
5015.790846 0.006728
5015.833640 0.006514
5015.876433 0.006306
5015.919227 0.006104
5015.962020 0.005907
5016.004814 0.005715
5016.047607 0.005529
5016.090401 0.005347
5016.133194 0.005171
5016.175988 0.004999
5016.218782 0.004832
5016.261575 0.004670
5016.304369 0.004513
5016.347162 0.004359
5016.389956 0.004211
5016.432749 0.004066
5016.475543 0.003926
5016.518337 0.003790
5016.561130 0.003658
5016.603924 0.003530
5016.646717 0.003405
5016.689511 0.003285
5016.732304 0.003168
5016.775098 0.003054
5016.817891 0.002945
5016.860685 0.002838
5016.903479 0.002735
5016.946272 0.002635
5016.989066 0.002538
5017.031859 0.002445
5017.074653 0.002354
5017.117446 0.002267
5017.160240 0.002182
5017.203034 0.002100
5017.245827 0.002020
5017.288621 0.001943
5017.331414 0.001869
5017.374208 0.001798
5017.417001 0.001728
5017.459795 0.001661
5017.502589 0.001597
5017.545382 0.001534
5017.588176 0.001474
5017.630969 0.001416
5017.673763 0.001360
5017.716556 0.001306
5017.759350 0.001253
5017.802143 0.001203
5017.844937 0.001154
5017.887731 0.001108
5017.930524 0.001062
5017.973318 0.001019
5018.016111 0.000977
5018.058905 0.000937
5018.101698 0.000898
5018.144492 0.000860
5018.187286 0.000824
5018.230079 0.000790
5018.272873 0.000756
5018.315666 0.000724
5018.358460 0.000694
5018.401253 0.000664
5018.444047 0.000635
5018.486840 0.000608
5018.529634 0.000582
5018.572428 0.000556
5018.615221 0.000532
5018.658015 0.000509
5018.700808 0.000486
5018.743602 0.000465
5018.786395 0.000444
5018.829189 0.000424
5018.871983 0.000405
5018.914776 0.000387
5018.957570 0.000370
5019.000363 0.000353
5019.043157 0.000337
5019.085950 0.000321
5019.128744 0.000307
5019.171537 0.000293
5019.214331 0.000279
5019.257125 0.000266
5019.299918 0.000254
5019.342712 0.000242
5019.385505 0.000230
5019.428299 0.000220
5019.471092 0.000209
5019.513886 0.000199
5019.556680 0.000190
5019.599473 0.000181
5019.642267 0.000172
5019.685060 0.000164
5019.727854 0.000156
5019.770647 0.000148
5019.813441 0.000141
5019.856235 0.000134
5019.899028 0.000127
5019.941822 0.000121
5019.984615 0.000115
5020.027409 0.000109
5020.070202 0.000104
5020.112996 0.000099
5020.155789 0.000094
5020.198583 0.000089
5020.241377 0.000085
5020.284170 0.000080
5020.326964 0.000076
5020.369757 0.000072
5020.412551 0.000069
5020.455344 0.000065
5020.498138 0.000062
5020.540932 0.000059
5020.583725 0.000055
5020.626519 0.000053
5020.669312 0.000050
5020.712106 0.000047
5020.754899 0.000045
5020.797693 0.000042
5020.840486 0.000040
5020.883280 0.000038
5020.926074 0.000036
5020.968867 0.000034
5021.011661 0.000032
5021.054454 0.000030
5021.097248 0.000029
5021.140041 0.000027
5021.182835 0.000026
5021.225629 0.000024
5021.268422 0.000023
5021.311216 0.000022
5021.354009 0.000021
5021.396803 0.000019
5021.439596 0.000018
5021.482390 0.000017
5021.525184 0.000016
5021.567977 0.000015
5021.610771 0.000015
5021.653564 0.000014
5021.696358 0.000013
5021.739151 0.000012
5021.781945 0.000011
5021.824738 0.000011
5021.867532 0.000010
5021.910326 0.000010
5021.953119 0.000009
5021.995913 0.000009
5022.038706 0.000008
5022.081500 0.000008
5022.124293 0.000007
5022.167087 0.000007
5022.209881 0.000006
5022.252674 0.000006
5022.295468 0.000006
5022.338261 0.000005
5022.381055 0.000005
5022.423848 0.000005
5022.466642 0.000004
5022.509435 0.000004
5022.552229 0.000004
5022.595023 0.000004
5022.637816 0.000003
5022.680610 0.000003
5022.723403 0.000003
5022.766197 0.000003
5022.808990 0.000003
5022.851784 0.000002
5022.894578 0.000002
5022.937371 0.000002
5022.980165 0.000002
5023.022958 0.000002
5023.065752 0.000002
5023.108545 0.000002
5023.151339 0.000002
5023.194133 0.000001
5023.236926 0.000001
5023.279720 0.000001
5023.322513 0.000001
5023.365307 0.000001
5023.408100 0.000001
5023.450894 0.000001
5023.493687 0.000001
5023.536481 0.000001
5023.579275 0.000001
5023.622068 0.000001
5023.664862 0.000001
5023.707655 0.000001
5023.750449 0.000001
5023.793242 0.000001
5023.836036 0.000001
5023.878830 0.000001
5023.921623 0.000000
5023.964417 0.000000
5024.007210 0.000000
5024.050004 0.000000
5024.092797 0.000000
5024.135591 0.000000
5024.178384 0.000000
5024.221178 0.000000
5024.263972 0.000000
5024.306765 0.000000
5024.349559 0.000000
5024.392352 0.000000
5024.435146 0.000000
5024.477939 0.000000
5024.520733 0.000000
5024.563527 0.000000
5024.606320 0.000000
5024.649114 0.000000
5024.691907 0.000000
5024.734701 0.000000
5024.777494 0.000000
5024.820288 0.000000
5024.863081 0.000000
5024.905875 0.000000
5024.948669 0.000000
5024.991462 0.000000
5025.034256 0.000000
5025.077049 0.000000
5025.119843 0.000000
5025.162636 0.000000
5025.205430 0.000000
5025.248224 0.000000
5025.291017 0.000000
5025.333811 0.000000
5025.376604 0.000000
5025.419398 0.000000
5025.462191 0.000000
5025.504985 0.000000
5025.547779 0.000000
5025.590572 0.000000
5025.633366 0.000000
5025.676159 0.000000
5025.718953 0.000000
5025.761746 0.000000
5025.804540 0.000000
5025.847333 0.000000
5025.890127 0.000000
5025.932921 0.000000
5025.975714 0.000000
5026.018508 0.000000
5026.061301 0.000000
5026.104095 0.000000
5026.146888 0.000000
5026.189682 0.000000
5026.232476 0.000000
5026.275269 0.000000
5026.318063 0.000000
5026.360856 0.000000
5026.403650 0.000000
5026.446443 0.000000
5026.489237 0.000000
5026.532030 0.000000
5026.574824 0.000000
5026.617618 0.000000
5026.660411 0.000000
5026.703205 0.000000
5026.745998 0.000000
5026.788792 0.000000
5026.831585 0.000000
5026.874379 0.000000
5026.917173 0.000000
5026.959966 0.000000
5027.002760 0.000000
5027.045553 0.000000
5027.088347 0.000000
5027.131140 0.000000
5027.173934 0.000000
5027.216728 0.000000
5027.259521 0.000000
5027.302315 0.000000
5027.345108 0.000000
5027.387902 0.000000
5027.430695 0.000000
5027.473489 0.000000
5027.516282 0.000000
5027.559076 0.000000
5027.601870 0.000000
5027.644663 0.000000
5027.687457 0.000000
5027.730250 0.000000
5027.773044 0.000000
5027.815837 0.000000
5027.858631 0.000000
5027.901425 0.000000
5027.944218 0.000000
5027.987012 0.000000
5028.029805 0.000000
5028.072599 0.000000
5028.115392 0.000000
5028.158186 0.000000
5028.200979 0.000000
5028.243773 0.000000
5028.286567 0.000000
5028.329360 0.000000
5028.372154 0.000000
5028.414947 0.000000
5028.457741 0.000000
5028.500534 0.000000
5028.543328 0.000000
5028.586122 0.000000
5028.628915 0.000000
5028.671709 0.000000
5028.714502 0.000000
5028.757296 0.000000
5028.800089 0.000000
5028.842883 0.000000
5028.885676 0.000000
5028.928470 0.000000
5028.971264 0.000000
5029.014057 0.000000
5029.056851 0.000000
5029.099644 0.000000
5029.142438 0.000000
5029.185231 0.000000
5029.228025 0.000000
5029.270819 0.000000
5029.313612 0.000000
5029.356406 0.000000
5029.399199 0.000000
5029.441993 0.000000
5029.484786 0.000000
5029.527580 0.000000
5029.570374 0.000000
5029.613167 0.000000
5029.655961 0.000000
5029.698754 0.000000
5029.741548 0.000000
5029.784341 0.000000
5029.827135 0.000000
5029.869928 0.000000
5029.912722 0.000000
5029.955516 0.000000
5029.998309 0.000000
5030.041103 0.000000
5030.083896 0.000000
5030.126690 0.000000
5030.169483 0.000000
5030.212277 0.000000
5030.255071 0.000000
5030.297864 0.000000
5030.340658 0.000000
5030.383451 0.000000
5030.426245 0.000000
5030.469038 0.000000
5030.511832 0.000000
5030.554625 0.000000
5030.597419 0.000000
5030.640213 0.000000
5030.683006 0.000000
5030.725800 0.000000
5030.768593 0.000000
5030.811387 0.000000
5030.854180 0.000000
5030.896974 0.000000
5030.939768 0.000000
5030.982561 0.000000
5031.025355 0.000000
5031.068148 0.000000
5031.110942 0.000000
5031.153735 0.000000
5031.196529 0.000000
5031.239323 0.000000
5031.282116 0.000000
5031.324910 0.000000
5031.367703 0.000000
5031.410497 0.000000
5031.453290 0.000000
5031.496084 0.000000
5031.538877 0.000000
5031.581671 0.000000
5031.624465 0.000000
5031.667258 0.000000
5031.710052 0.000000
5031.752845 0.000000
5031.795639 0.000000
5031.838432 0.000000
5031.881226 0.000000
5031.924020 0.000000
5031.966813 0.000000
5032.009607 0.000000
5032.052400 0.000000
5032.095194 0.000000
5032.137987 0.000000
5032.180781 0.000000
5032.223574 0.000000
5032.266368 0.000000
5032.309162 0.000000
5032.351955 0.000000
5032.394749 0.000000
5032.437542 0.000000
5032.480336 0.000000
5032.523129 0.000000
5032.565923 0.000000
5032.608717 0.000000
5032.651510 0.000000
5032.694304 0.000000
5032.737097 0.000000
5032.779891 0.000000
5032.822684 0.000000
5032.865478 0.000000
5032.908271 0.000000
5032.951065 0.000000
5032.993859 0.000000
5033.036652 0.000000
5033.079446 0.000000
5033.122239 0.000000
5033.165033 0.000000
5033.207826 0.000000
5033.250620 0.000000
5033.293414 0.000000
5033.336207 0.000000
5033.379001 0.000000
5033.421794 0.000000
5033.464588 0.000000
5033.507381 0.000000
5033.550175 0.000000
5033.592969 0.000000
5033.635762 0.000000
5033.678556 0.000000
5033.721349 0.000000
5033.764143 0.000000
5033.806936 0.000000
5033.849730 0.000000
5033.892523 0.000000
5033.935317 0.000000
5033.978111 0.000000
5034.020904 0.000000
5034.063698 0.000000
5034.106491 0.000000
5034.149285 0.000000
5034.192078 0.000000
5034.234872 0.000000
5034.277666 0.000000
5034.320459 0.000000
5034.363253 0.000000
5034.406046 0.000000
5034.448840 0.000000
5034.491633 0.000000
5034.534427 0.000000
5034.577220 0.000000
5034.620014 0.000000
5034.662808 0.000000
5034.705601 0.000000
5034.748395 0.000000
5034.791188 0.000000
5034.833982 0.000000
5034.876775 0.000000
5034.919569 0.000000
5034.962363 0.000000
5035.005156 0.000000
5035.047950 0.000000
5035.090743 0.000000
5035.133537 0.000000
5035.176330 0.000000
5035.219124 0.000000
5035.261918 0.000000
5035.304711 0.000000
5035.347505 0.000000
5035.390298 0.000000
5035.433092 0.000000
5035.475885 0.000000
5035.518679 0.000000
5035.561472 0.000000
5035.604266 0.000000
5035.647060 0.000000
5035.689853 0.000000
5035.732647 0.000000
5035.775440 0.000000
5035.818234 0.000000
5035.861027 0.000000
5035.903821 0.000000
5035.946615 0.000000
5035.989408 0.000000
5036.032202 0.000000
5036.074995 0.000000
5036.117789 0.000000
5036.160582 0.000000
5036.203376 0.000000
5036.246169 0.000000
5036.288963 0.000000
5036.331757 0.000000
5036.374550 0.000000
5036.417344 0.000000
5036.460137 0.000000
5036.502931 0.000000
5036.545724 0.000000
5036.588518 0.000000
5036.631312 0.000000
5036.674105 0.000000
5036.716899 0.000000
5036.759692 0.000000
5036.802486 0.000000
5036.845279 0.000000
5036.888073 0.000000
5036.930866 0.000000
5036.973660 0.000000
5037.016454 0.000000
5037.059247 0.000000
5037.102041 0.000000
5037.144834 0.000000
5037.187628 0.000000
5037.230421 0.000000
5037.273215 0.000000
5037.316009 0.000000
5037.358802 0.000000
5037.401596 0.000000
5037.444389 0.000000
5037.487183 0.000000
5037.529976 0.000000
5037.572770 0.000000
5037.615564 0.000000
5037.658357 0.000000
5037.701151 0.000000
5037.743944 0.000000
5037.786738 0.000000
5037.829531 0.000000
5037.872325 0.000000
5037.915118 0.000000
5037.957912 0.000000
5038.000706 0.000000
5038.043499 0.000000
5038.086293 0.000000
5038.129086 0.000000
5038.171880 0.000000
5038.214673 0.000000
5038.257467 0.000000
5038.300261 0.000000
5038.343054 0.000000
5038.385848 0.000000
5038.428641 0.000000
5038.471435 0.000000
5038.514228 0.000000
5038.557022 0.000000
5038.599815 0.000000
5038.642609 0.000000
5038.685403 0.000000
5038.728196 0.000000
5038.770990 0.000000
5038.813783 0.000000
5038.856577 0.000000
5038.899370 0.000000
5038.942164 0.000000
5038.984958 0.000000
5039.027751 0.000000
5039.070545 0.000000
5039.113338 0.000000
5039.156132 0.000000
5039.198925 0.000000
5039.241719 0.000000
5039.284513 0.000000
5039.327306 0.000000
5039.370100 0.000000
5039.412893 0.000000
5039.455687 0.000000
5039.498480 0.000000
5039.541274 0.000000
5039.584067 0.000000
5039.626861 0.000000
5039.669655 0.000000
5039.712448 0.000000
5039.755242 0.000000
5039.798035 0.000000
5039.840829 0.000000
5039.883622 0.000000
5039.926416 0.000000
5039.969210 0.000000
5040.012003 0.000000
5040.054797 0.000000
5040.097590 0.000000
5040.140384 0.000000
5040.183177 0.000000
5040.225971 0.000000
5040.268764 0.000000
5040.311558 0.000000
5040.354352 0.000000
5040.397145 0.000000
5040.439939 0.000000
5040.482732 0.000000
5040.525526 0.000000
5040.568319 0.000000
5040.611113 0.000000
5040.653907 0.000000
5040.696700 0.000000
5040.739494 0.000000
5040.782287 0.000000
5040.825081 0.000000
5040.867874 0.000000
5040.910668 0.000000
5040.953461 0.000000
5040.996255 0.000000
5041.039049 0.000000
5041.081842 0.000000
5041.124636 0.000000
5041.167429 0.000000
5041.210223 0.000000
5041.253016 0.000000
5041.295810 0.000000
5041.338604 0.000000
5041.381397 0.000000
5041.424191 0.000000
5041.466984 0.000000
5041.509778 0.000000
5041.552571 0.000000
5041.595365 0.000000
5041.638159 0.000000
5041.680952 0.000000
5041.723746 0.000000
5041.766539 0.000000
5041.809333 0.000000
5041.852126 0.000000
5041.894920 0.000000
5041.937713 0.000000
5041.980507 0.000000
5042.023301 0.000000
5042.066094 0.000000
5042.108888 0.000000
5042.151681 0.000000
5042.194475 0.000000
5042.237268 0.000000
5042.280062 0.000000
5042.322856 0.000000
5042.365649 0.000000
5042.408443 0.000000
5042.451236 0.000000
5042.494030 0.000000
5042.536823 0.000000
5042.579617 0.000000
5042.622410 0.000000
5042.665204 0.000000
5042.707998 0.000000
5042.750791 0.000000
5042.793585 0.000000
5042.836378 0.000000
5042.879172 0.000000
5042.921965 0.000000
5042.964759 0.000000
5043.007553 0.000000
5043.050346 0.000000
5043.093140 0.000000
5043.135933 0.000000
5043.178727 0.000000
5043.221520 0.000000
5043.264314 0.000000
5043.307108 0.000000
5043.349901 0.000000
5043.392695 0.000000
5043.435488 0.000000
5043.478282 0.000000
5043.521075 0.000000
5043.563869 0.000000
5043.606662 0.000000
5043.649456 0.000000
5043.692250 0.000000
5043.735043 0.000000
5043.777837 0.000000
5043.820630 0.000000
5043.863424 0.000000
5043.906217 0.000000
5043.949011 0.000000
5043.991805 0.000000
5044.034598 0.000000
5044.077392 0.000000
5044.120185 0.000000
5044.162979 0.000000
5044.205772 0.000000
5044.248566 0.000000
5044.291359 0.000000
5044.334153 0.000000
5044.376947 0.000000
5044.419740 0.000000
5044.462534 0.000000
5044.505327 0.000000
5044.548121 0.000000
5044.590914 0.000000
5044.633708 0.000000
5044.676502 0.000000
5044.719295 0.000000
5044.762089 0.000000
5044.804882 0.000000
5044.847676 0.000000
5044.890469 0.000000
5044.933263 0.000000
5044.976056 0.000000
5045.018850 0.000000
5045.061644 0.000000
5045.104437 0.000000
5045.147231 0.000000
5045.190024 0.000000
5045.232818 0.000000
5045.275611 0.000000
5045.318405 0.000000
5045.361199 0.000000
5045.403992 0.000000
5045.446786 0.000000
5045.489579 0.000000
5045.532373 0.000000
5045.575166 0.000000
5045.617960 0.000000
5045.660754 0.000000
5045.703547 0.000000
5045.746341 0.000000
5045.789134 0.000000
5045.831928 0.000000
5045.874721 0.000000
5045.917515 0.000000
5045.960308 0.000000
5046.003102 0.000000
5046.045896 0.000000
5046.088689 0.000000
5046.131483 0.000000
5046.174276 0.000000
5046.217070 0.000000
5046.259863 0.000000
5046.302657 0.000000
5046.345451 0.000000
5046.388244 0.000000
5046.431038 0.000000
5046.473831 0.000000
5046.516625 0.000000
5046.559418 0.000000
5046.602212 0.000000
5046.645005 0.000000
5046.687799 0.000000
5046.730593 0.000000
5046.773386 0.000000
5046.816180 0.000000
5046.858973 0.000000
5046.901767 0.000000
5046.944560 0.000000
5046.987354 0.000000
5047.030148 0.000000
5047.072941 0.000000
5047.115735 0.000000
5047.158528 0.000000
5047.201322 0.000000
5047.244115 0.000000
5047.286909 0.000000
5047.329703 0.000000
5047.372496 0.000000
5047.415290 0.000000
5047.458083 0.000000
5047.500877 0.000000
5047.543670 0.000000
5047.586464 0.000000
5047.629257 0.000000
5047.672051 0.000000
5047.714845 0.000000
5047.757638 0.000000
5047.800432 0.000000
5047.843225 0.000000
5047.886019 0.000000
5047.928812 0.000000
5047.971606 0.000000
5048.014400 0.000000
5048.057193 0.000000
5048.099987 0.000000
5048.142780 0.000000
5048.185574 0.000000
5048.228367 0.000000
5048.271161 0.000000
5048.313954 0.000000
5048.356748 0.000000
5048.399542 0.000000
5048.442335 0.000000
5048.485129 0.000000
5048.527922 0.000000
5048.570716 0.000000
5048.613509 0.000000
5048.656303 0.000000
5048.699097 0.000000
5048.741890 0.000000
5048.784684 0.000000
5048.827477 0.000000
5048.870271 0.000000
5048.913064 0.000000
5048.955858 0.000000
5048.998652 0.000000
5049.041445 0.000000
5049.084239 0.000000
5049.127032 0.000000
5049.169826 0.000000
5049.212619 0.000000
5049.255413 0.000000
5049.298206 0.000000
5049.341000 0.000000
5049.383794 0.000000
5049.426587 0.000000
5049.469381 0.000000
5049.512174 0.000000
5049.554968 0.000000
5049.597761 0.000000
5049.640555 0.000000
5049.683349 0.000000
5049.726142 0.000000
5049.768936 0.000000
5049.811729 0.000000
5049.854523 0.000000
5049.897316 0.000000
5049.940110 0.000000
5049.982903 0.000000
5050.025697 0.000000
5050.068491 0.000000
5050.111284 0.000000
5050.154078 0.000000
5050.196871 0.000000
5050.239665 0.000000
5050.282458 0.000000
5050.325252 0.000000
5050.368046 0.000000
5050.410839 0.000000
5050.453633 0.000000
5050.496426 0.000000
5050.539220 0.000000
5050.582013 0.000000
5050.624807 0.000000
5050.667600 0.000000
5050.710394 0.000000
5050.753188 0.000000
5050.795981 0.000000
5050.838775 0.000000
5050.881568 0.000000
5050.924362 0.000000
5050.967155 0.000000
5051.009949 0.000000
5051.052743 0.000000
5051.095536 0.000000
5051.138330 0.000000
5051.181123 0.000000
5051.223917 0.000000
5051.266710 0.000000
5051.309504 0.000000
5051.352298 0.000000
5051.395091 0.000000
5051.437885 0.000000
5051.480678 0.000000
5051.523472 0.000000
5051.566265 0.000000
5051.609059 0.000000
5051.651852 0.000000
5051.694646 0.000000
5051.737440 0.000000
5051.780233 0.000000
5051.823027 0.000000
5051.865820 0.000000
5051.908614 0.000000
5051.951407 0.000000
5051.994201 0.000000
5052.036995 0.000000
5052.079788 0.000000
5052.122582 0.000000
5052.165375 0.000000
5052.208169 0.000000
5052.250962 0.000000
5052.293756 0.000000
5052.336549 0.000000
5052.379343 0.000000
5052.422137 0.000000
5052.464930 0.000000
5052.507724 0.000000
5052.550517 0.000000
5052.593311 0.000000
5052.636104 0.000000
5052.678898 0.000000
5052.721692 0.000000
5052.764485 0.000000
5052.807279 0.000000
5052.850072 0.000000
5052.892866 0.000000
5052.935659 0.000000
5052.978453 0.000000
5053.021247 0.000000
5053.064040 0.000000
5053.106834 0.000000
5053.149627 0.000000
5053.192421 0.000000
5053.235214 0.000000
5053.278008 0.000000
5053.320801 0.000000
5053.363595 0.000000
5053.406389 0.000000
5053.449182 0.000000
5053.491976 0.000000
5053.534769 0.000000
5053.577563 0.000000
5053.620356 0.000000
5053.663150 0.000000
5053.705944 0.000000
5053.748737 0.000000
5053.791531 0.000000
5053.834324 0.000000
5053.877118 0.000000
5053.919911 0.000000
5053.962705 0.000000
5054.005498 0.000000
5054.048292 0.000000
5054.091086 0.000000
5054.133879 0.000000
5054.176673 0.000000
5054.219466 0.000000
5054.262260 0.000000
5054.305053 0.000000
5054.347847 0.000000
5054.390641 0.000000
5054.433434 0.000000
5054.476228 0.000000
5054.519021 0.000000
5054.561815 0.000000
5054.604608 0.000000
5054.647402 0.000000
5054.690195 0.000000
5054.732989 0.000000
5054.775783 0.000000
5054.818576 0.000000
5054.861370 0.000000
5054.904163 0.000000
5054.946957 0.000000
5054.989750 0.000000
5055.032544 0.000000
5055.075338 0.000000
5055.118131 0.000000
5055.160925 0.000000
5055.203718 0.000000
5055.246512 0.000000
5055.289305 0.000000
5055.332099 0.000000
5055.374893 0.000000
5055.417686 0.000000
5055.460480 0.000000
5055.503273 0.000000
5055.546067 0.000000
5055.588860 0.000000
5055.631654 0.000000
5055.674447 0.000000
5055.717241 0.000000
5055.760035 0.000000
5055.802828 0.000000
5055.845622 0.000000
5055.888415 0.000000
5055.931209 0.000000
5055.974002 0.000000
5056.016796 0.000000
5056.059590 0.000000
5056.102383 0.000000
5056.145177 0.000000
5056.187970 0.000000
5056.230764 0.000000
5056.273557 0.000000
5056.316351 0.000000
5056.359144 0.000000
5056.401938 0.000000
5056.444732 0.000000
5056.487525 0.000000
5056.530319 0.000000
5056.573112 0.000000
5056.615906 0.000000
5056.658699 0.000000
5056.701493 0.000000
5056.744287 0.000000
5056.787080 0.000000
5056.829874 0.000000
5056.872667 0.000000
5056.915461 0.000000
5056.958254 0.000000
5057.001048 0.000000
5057.043842 0.000000
5057.086635 0.000000
5057.129429 0.000000
5057.172222 0.000000
5057.215016 0.000000
5057.257809 0.000000
5057.300603 0.000000
5057.343396 0.000000
5057.386190 0.000000
5057.428984 0.000000
5057.471777 0.000000
5057.514571 0.000000
5057.557364 0.000000
5057.600158 0.000000
5057.642951 0.000000
5057.685745 0.000000
5057.728539 0.000000
5057.771332 0.000000
5057.814126 0.000000
5057.856919 0.000000
5057.899713 0.000000
5057.942506 0.000000
5057.985300 0.000000
5058.028093 0.000000
5058.070887 0.000000
5058.113681 0.000000
5058.156474 0.000000
5058.199268 0.000000
5058.242061 0.000000
5058.284855 0.000000
5058.327648 0.000000
5058.370442 0.000000
5058.413236 0.000000
5058.456029 0.000000
5058.498823 0.000000
5058.541616 0.000000
5058.584410 0.000000
5058.627203 0.000000
5058.669997 0.000000
5058.712790 0.000000
5058.755584 0.000000
5058.798378 0.000000
5058.841171 0.000000
5058.883965 0.000000
5058.926758 0.000000
5058.969552 0.000000
5059.012345 0.000000
5059.055139 0.000000
5059.097933 0.000000
5059.140726 0.000000
5059.183520 0.000000
5059.226313 0.000000
5059.269107 0.000000
5059.311900 0.000000
5059.354694 0.000000
5059.397488 0.000000
5059.440281 0.000000
5059.483075 0.000000
5059.525868 0.000000
5059.568662 0.000000
5059.611455 0.000000
5059.654249 0.000000
5059.697042 0.000000
5059.739836 0.000000
5059.782630 0.000000
5059.825423 0.000000
5059.868217 0.000000
5059.911010 0.000000
5059.953804 0.000000
5059.996597 0.000000
5060.039391 0.000000
5060.082185 0.000000
5060.124978 0.000000
5060.167772 0.000000
5060.210565 0.000000
5060.253359 0.000000
5060.296152 0.000000
5060.338946 0.000000
5060.381739 0.000000
5060.424533 0.000000
5060.467327 0.000000
5060.510120 0.000000
5060.552914 0.000000
5060.595707 0.000000
5060.638501 0.000000
5060.681294 0.000000
5060.724088 0.000000
5060.766882 0.000000
5060.809675 0.000000
5060.852469 0.000000
5060.895262 0.000000
5060.938056 0.000000
5060.980849 0.000000
5061.023643 0.000000
5061.066437 0.000000
5061.109230 0.000000
5061.152024 0.000000
5061.194817 0.000000
5061.237611 0.000000
5061.280404 0.000000
5061.323198 0.000000
5061.365991 0.000000
5061.408785 0.000000
5061.451579 0.000000
5061.494372 0.000000
5061.537166 0.000000
5061.579959 0.000000
5061.622753 0.000000
5061.665546 0.000000
5061.708340 0.000000
5061.751134 0.000000
5061.793927 0.000000
5061.836721 0.000000
5061.879514 0.000000
5061.922308 0.000000
5061.965101 0.000000
5062.007895 0.000000
5062.050688 0.000000
5062.093482 0.000000
5062.136276 0.000000
5062.179069 0.000000
5062.221863 0.000000
5062.264656 0.000000
5062.307450 0.000000
5062.350243 0.000000
5062.393037 0.000000
5062.435831 0.000000
5062.478624 0.000000
5062.521418 0.000000
5062.564211 0.000000
5062.607005 0.000000
5062.649798 0.000000
5062.692592 0.000000
5062.735385 0.000000
5062.778179 0.000000
5062.820973 0.000000
5062.863766 0.000000
5062.906560 0.000000
5062.949353 0.000000
5062.992147 0.000000
5063.034940 0.000000
5063.077734 0.000000
5063.120528 0.000000
5063.163321 0.000000
5063.206115 0.000000
5063.248908 0.000000
5063.291702 0.000000
5063.334495 0.000000
5063.377289 0.000000
5063.420083 0.000000
5063.462876 0.000000
5063.505670 0.000000
5063.548463 0.000000
5063.591257 0.000000
5063.634050 0.000000
5063.676844 0.000000
5063.719637 0.000000
5063.762431 0.000000
5063.805225 0.000000
5063.848018 0.000000
5063.890812 0.000000
5063.933605 0.000000
5063.976399 0.000000
5064.019192 0.000000
5064.061986 0.000000
5064.104780 0.000000
5064.147573 0.000000
5064.190367 0.000000
5064.233160 0.000000
5064.275954 0.000000
5064.318747 0.000000
5064.361541 0.000000
5064.404334 0.000000
5064.447128 0.000000
5064.489922 0.000000
5064.532715 0.000000
5064.575509 0.000000
5064.618302 0.000000
5064.661096 0.000000
5064.703889 0.000000
5064.746683 0.000000
5064.789477 0.000000
5064.832270 0.000000
5064.875064 0.000000
5064.917857 0.000000
5064.960651 0.000000
5065.003444 0.000000
5065.046238 0.000000
5065.089032 0.000000
5065.131825 0.000000
5065.174619 0.000000
5065.217412 0.000000
5065.260206 0.000000
5065.302999 0.000000
5065.345793 0.000000
5065.388586 0.000000
5065.431380 0.000000
5065.474174 0.000000
5065.516967 0.000000
5065.559761 0.000000
5065.602554 0.000000
5065.645348 0.000000
5065.688141 0.000000
5065.730935 0.000000
5065.773729 0.000000
5065.816522 0.000000
5065.859316 0.000000
5065.902109 0.000000
5065.944903 0.000000
5065.987696 0.000000
5066.030490 0.000000
5066.073283 0.000000
5066.116077 0.000000
5066.158871 0.000000
5066.201664 0.000000
5066.244458 0.000000
5066.287251 0.000000
5066.330045 0.000000
5066.372838 0.000000
5066.415632 0.000000
5066.458426 0.000000
5066.501219 0.000000
5066.544013 0.000000
5066.586806 0.000000
5066.629600 0.000000
5066.672393 0.000000
5066.715187 0.000000
5066.757980 0.000000
5066.800774 0.000000
5066.843568 0.000000
5066.886361 0.000000
5066.929155 0.000000
5066.971948 0.000000
5067.014742 0.000000
5067.057535 0.000000
5067.100329 0.000000
5067.143123 0.000000
5067.185916 0.000000
5067.228710 0.000000
5067.271503 0.000000
5067.314297 0.000000
5067.357090 0.000000
5067.399884 0.000000
5067.442678 0.000000
5067.485471 0.000000
5067.528265 0.000000
5067.571058 0.000000
5067.613852 0.000000
5067.656645 0.000000
5067.699439 0.000000
5067.742232 0.000000
5067.785026 0.000000
5067.827820 0.000000
5067.870613 0.000000
5067.913407 0.000000
5067.956200 0.000000
5067.998994 0.000000
5068.041787 0.000000
5068.084581 0.000000
5068.127375 0.000000
5068.170168 0.000000
5068.212962 0.000000
5068.255755 0.000000
5068.298549 0.000000
5068.341342 0.000000
5068.384136 0.000000
5068.426929 0.000000
5068.469723 0.000000
5068.512517 0.000000
5068.555310 0.000000
5068.598104 0.000000
5068.640897 0.000000
5068.683691 0.000000
5068.726484 0.000000
5068.769278 0.000000
5068.812072 0.000000
5068.854865 0.000000
5068.897659 0.000000
5068.940452 0.000000
5068.983246 0.000000
5069.026039 0.000000
5069.068833 0.000000
5069.111627 0.000000
5069.154420 0.000000
5069.197214 0.000000
5069.240007 0.000000
5069.282801 0.000000
5069.325594 0.000000
5069.368388 0.000000
5069.411181 0.000000
5069.453975 0.000000
5069.496769 0.000000
5069.539562 0.000000
5069.582356 0.000000
5069.625149 0.000000
5069.667943 0.000000
5069.710736 0.000000
5069.753530 0.000000
5069.796324 0.000000
5069.839117 0.000000
5069.881911 0.000000
5069.924704 0.000000
5069.967498 0.000000
