4900.024325 0.000000
4900.064850 0.000000
4900.105375 0.000000
4900.145901 0.000000
4900.186426 0.000000
4900.226951 0.000000
4900.267476 0.000000
4900.308001 0.000000
4900.348527 0.000000
4900.389052 0.000000
4900.429577 0.000000
4900.470102 0.000000
4900.510627 0.000000
4900.551153 0.000000
4900.591678 0.000000
4900.632203 0.000000
4900.672728 0.000000
4900.713254 0.000000
4900.753779 0.000000
4900.794304 0.000000
4900.834829 0.000000
4900.875354 0.000000
4900.915880 0.000000
4900.956405 0.000000
4900.996930 0.000000
4901.037455 0.000000
4901.077980 0.000000
4901.118506 0.000000
4901.159031 0.000000
4901.199556 0.000000
4901.240081 0.000000
4901.280606 0.000000
4901.321132 0.000000
4901.361657 0.000000
4901.402182 0.000000
4901.442707 0.000000
4901.483232 0.000000
4901.523758 0.000000
4901.564283 0.000000
4901.604808 0.000000
4901.645333 0.000000
4901.685858 0.000000
4901.726384 0.000000
4901.766909 0.000000
4901.807434 0.000000
4901.847959 0.000000
4901.888485 0.000000
4901.929010 0.000000
4901.969535 0.000000
4902.010060 0.000000
4902.050585 0.000000
4902.091111 0.000000
4902.131636 0.000000
4902.172161 0.000000
4902.212686 0.000000
4902.253211 0.000000
4902.293737 0.000000
4902.334262 0.000000
4902.374787 0.000000
4902.415312 0.000000
4902.455837 0.000000
4902.496363 0.000000
4902.536888 0.000000
4902.577413 0.000000
4902.617938 0.000000
4902.658463 0.000000
4902.698989 0.000000
4902.739514 0.000000
4902.780039 0.000000
4902.820564 0.000000
4902.861089 0.000000
4902.901615 0.000000
4902.942140 0.000000
4902.982665 0.000000
4903.023190 0.000000
4903.063716 0.000000
4903.104241 0.000000
4903.144766 0.000000
4903.185291 0.000000
4903.225816 0.000000
4903.266342 0.000000
4903.306867 0.000000
4903.347392 0.000000
4903.387917 0.000000
4903.428442 0.000000
4903.468968 0.000000
4903.509493 0.000000
4903.550018 0.000000
4903.590543 0.000000
4903.631068 0.000000
4903.671594 0.000000
4903.712119 0.000000
4903.752644 0.000000
4903.793169 0.000000
4903.833694 0.000000
4903.874220 0.000000
4903.914745 0.000000
4903.955270 0.000000
4903.995795 0.000000
4904.036320 0.000000
4904.076846 0.000000
4904.117371 0.000000
4904.157896 0.000000
4904.198421 0.000000
4904.238947 0.000000
4904.279472 0.000000
4904.319997 0.000000
4904.360522 0.000000
4904.401047 0.000000
4904.441573 0.000000
4904.482098 0.000000
4904.522623 0.000000
4904.563148 0.000000
4904.603673 0.000000
4904.644199 0.000000
4904.684724 0.000000
4904.725249 0.000000
4904.765774 0.000000
4904.806299 0.000000
4904.846825 0.000000
4904.887350 0.000000
4904.927875 0.000000
4904.968400 0.000000
4905.008925 0.000000
4905.049451 0.000000
4905.089976 0.000000
4905.130501 0.000000
4905.171026 0.000000
4905.211551 0.000000
4905.252077 0.000000
4905.292602 0.000000
4905.333127 0.000000
4905.373652 0.000000
4905.414178 0.000000
4905.454703 0.000000
4905.495228 0.000000
4905.535753 0.000000
4905.576278 0.000000
4905.616804 0.000000
4905.657329 0.000000
4905.697854 0.000000
4905.738379 0.000000
4905.778904 0.000000
4905.819430 0.000000
4905.859955 0.000000
4905.900480 0.000000
4905.941005 0.000000
4905.981530 0.000000
4906.022056 0.000000
4906.062581 0.000000
4906.103106 0.000000
4906.143631 0.000000
4906.184156 0.000000
4906.224682 0.000000
4906.265207 0.000000
4906.305732 0.000000
4906.346257 0.000000
4906.386782 0.000000
4906.427308 0.000000
4906.467833 0.000000
4906.508358 0.000000
4906.548883 0.000000
4906.589408 0.000000
4906.629934 0.000000
4906.670459 0.000000
4906.710984 0.000000
4906.751509 0.000000
4906.792035 0.000000
4906.832560 0.000000
4906.873085 0.000000
4906.913610 0.000000
4906.954135 0.000000
4906.994661 0.000000
4907.035186 0.000000
4907.075711 0.000000
4907.116236 0.000000
4907.156761 0.000000
4907.197287 0.000000
4907.237812 0.000000
4907.278337 0.000000
4907.318862 0.000000
4907.359387 0.000000
4907.399913 0.000000
4907.440438 0.000000
4907.480963 0.000000
4907.521488 0.000000
4907.562013 0.000000
4907.602539 0.000000
4907.643064 0.000000
4907.683589 0.000000
4907.724114 0.000000
4907.764639 0.000000
4907.805165 0.000000
4907.845690 0.000000
4907.886215 0.000000
4907.926740 0.000000
4907.967266 0.000000
4908.007791 0.000000
4908.048316 0.000000
4908.088841 0.000000
4908.129366 0.000000
4908.169892 0.000000
4908.210417 0.000000
4908.250942 0.000000
4908.291467 0.000000
4908.331992 0.000000
4908.372518 0.000000
4908.413043 0.000000
4908.453568 0.000000
4908.494093 0.000000
4908.534618 0.000000
4908.575144 0.000000
4908.615669 0.000000
4908.656194 0.000000
4908.696719 0.000000
4908.737244 0.000000
4908.777770 0.000000
4908.818295 0.000000
4908.858820 0.000000
4908.899345 0.000000
4908.939870 0.000000
4908.980396 0.000000
4909.020921 0.000000
4909.061446 0.000000
4909.101971 0.000000
4909.142497 0.000000
4909.183022 0.000000
4909.223547 0.000000
4909.264072 0.000000
4909.304597 0.000000
4909.345123 0.000000
4909.385648 0.000000
4909.426173 0.000000
4909.466698 0.000000
4909.507223 0.000000
4909.547749 0.000000
4909.588274 0.000000
4909.628799 0.000000
4909.669324 0.000000
4909.709849 0.000000
4909.750375 0.000000
4909.790900 0.000000
4909.831425 0.000000
4909.871950 0.000000
4909.912475 0.000000
4909.953001 0.000000
4909.993526 0.000000
4910.034051 0.000000
4910.074576 0.000000
4910.115101 0.000000
4910.155627 0.000000
4910.196152 0.000000
4910.236677 0.000000
4910.277202 0.000000
4910.317728 0.000000
4910.358253 0.000000
4910.398778 0.000000
4910.439303 0.000000
4910.479828 0.000000
4910.520354 0.000000
4910.560879 0.000000
4910.601404 0.000000
4910.641929 0.000000
4910.682454 0.000000
4910.722980 0.000000
4910.763505 0.000000
4910.804030 0.000000
4910.844555 0.000000
4910.885080 0.000000
4910.925606 0.000000
4910.966131 0.000000
4911.006656 0.000000
4911.047181 0.000000
4911.087706 0.000000
4911.128232 0.000000
4911.168757 0.000000
4911.209282 0.000000
4911.249807 0.000000
4911.290332 0.000000
4911.330858 0.000000
4911.371383 0.000000
4911.411908 0.000000
4911.452433 0.000000
4911.492959 0.000000
4911.533484 0.000000
4911.574009 0.000000
4911.614534 0.000000
4911.655059 0.000000
4911.695585 0.000000
4911.736110 0.000000
4911.776635 0.000000
4911.817160 0.000000
4911.857685 0.000000
4911.898211 0.000000
4911.938736 0.000000
4911.979261 0.000000
4912.019786 0.000000
4912.060311 0.000000
4912.100837 0.000000
4912.141362 0.000000
4912.181887 0.000000
4912.222412 0.000000
4912.262937 0.000000
4912.303463 0.000000
4912.343988 0.000000
4912.384513 0.000000
4912.425038 0.000000
4912.465563 0.000000
4912.506089 0.000000
4912.546614 0.000000
4912.587139 0.000000
4912.627664 0.000000
4912.668190 0.000000
4912.708715 0.000000
4912.749240 0.000000
4912.789765 0.000000
4912.830290 0.000000
4912.870816 0.000000
4912.911341 0.000000
4912.951866 0.000000
4912.992391 0.000000
4913.032916 0.000000
4913.073442 0.000000
4913.113967 0.000000
4913.154492 0.000000
4913.195017 0.000000
4913.235542 0.000000
4913.276068 0.000000
4913.316593 0.000000
4913.357118 0.000000
4913.397643 0.000000
4913.438168 0.000000
4913.478694 0.000000
4913.519219 0.000000
4913.559744 0.000000
4913.600269 0.000000
4913.640794 0.000000
4913.681320 0.000000
4913.721845 0.000000
4913.762370 0.000000
4913.802895 0.000000
4913.843420 0.000000
4913.883946 0.000000
4913.924471 0.000000
4913.964996 0.000000
4914.005521 0.000000
4914.046047 0.000000
4914.086572 0.000000
4914.127097 0.000000
4914.167622 0.000000
4914.208147 0.000000
4914.248673 0.000000
4914.289198 0.000000
4914.329723 0.000000
4914.370248 0.000000
4914.410773 0.000000
4914.451299 0.000000
4914.491824 0.000000
4914.532349 0.000000
4914.572874 0.000000
4914.613399 0.000000
4914.653925 0.000000
4914.694450 0.000000
4914.734975 0.000000
4914.775500 0.000000
4914.816025 0.000000
4914.856551 0.000000
4914.897076 0.000000
4914.937601 0.000000
4914.978126 0.000000
4915.018651 0.000000
4915.059177 0.000000
4915.099702 0.000000
4915.140227 0.000000
4915.180752 0.000000
4915.221278 0.000000
4915.261803 0.000000
4915.302328 0.000000
4915.342853 0.000000
4915.383378 0.000000
4915.423904 0.000000
4915.464429 0.000000
4915.504954 0.000000
4915.545479 0.000000
4915.586004 0.000000
4915.626530 0.000000
4915.667055 0.000000
4915.707580 0.000000
4915.748105 0.000000
4915.788630 0.000000
4915.829156 0.000000
4915.869681 0.000000
4915.910206 0.000000
4915.950731 0.000000
4915.991256 0.000000
4916.031782 0.000000
4916.072307 0.000000
4916.112832 0.000000
4916.153357 0.000000
4916.193882 0.000000
4916.234408 0.000000
4916.274933 0.000000
4916.315458 0.000000
4916.355983 0.000000
4916.396509 0.000000
4916.437034 0.000000
4916.477559 0.000000
4916.518084 0.000000
4916.558609 0.000000
4916.599135 0.000000
4916.639660 0.000000
4916.680185 0.000000
4916.720710 0.000000
4916.761235 0.000000
4916.801761 0.000000
4916.842286 0.000000
4916.882811 0.000000
4916.923336 0.000000
4916.963861 0.000000
4917.004387 0.000000
4917.044912 0.000000
4917.085437 0.000000
4917.125962 0.000000
4917.166487 0.000000
4917.207013 0.000000
4917.247538 0.000000
4917.288063 0.000000
4917.328588 0.000000
4917.369113 0.000000
4917.409639 0.000000
4917.450164 0.000000
4917.490689 0.000000
4917.531214 0.000000
4917.571740 0.000000
4917.612265 0.000000
4917.652790 0.000000
4917.693315 0.000000
4917.733840 0.000000
4917.774366 0.000000
4917.814891 0.000000
4917.855416 0.000000
4917.895941 0.000000
4917.936466 0.000000
4917.976992 0.000000
4918.017517 0.000000
4918.058042 0.000000
4918.098567 0.000000
4918.139092 0.000000
4918.179618 0.000000
4918.220143 0.000000
4918.260668 0.000000
4918.301193 0.000000
4918.341718 0.000000
4918.382244 0.000000
4918.422769 0.000000
4918.463294 0.000000
4918.503819 0.000000
4918.544344 0.000000
4918.584870 0.000000
4918.625395 0.000000
4918.665920 0.000000
4918.706445 0.000000
4918.746971 0.000000
4918.787496 0.000000
4918.828021 0.000000
4918.868546 0.000000
4918.909071 0.000000
4918.949597 0.000000
4918.990122 0.000000
4919.030647 0.000000
4919.071172 0.000000
4919.111697 0.000000
4919.152223 0.000000
4919.192748 0.000000
4919.233273 0.000000
4919.273798 0.000000
4919.314323 0.000000
4919.354849 0.000000
4919.395374 0.000000
4919.435899 0.000000
4919.476424 0.000000
4919.516949 0.000000
4919.557475 0.000000
4919.598000 0.000000
4919.638525 0.000000
4919.679050 0.000000
4919.719575 0.000000
4919.760101 0.000000
4919.800626 0.000000
4919.841151 0.000000
4919.881676 0.000000
4919.922201 0.000000
4919.962727 0.000000
4920.003252 0.000000
4920.043777 0.000000
4920.084302 0.000000
4920.124828 0.000000
4920.165353 0.000000
4920.205878 0.000000
4920.246403 0.000000
4920.286928 0.000000
4920.327454 0.000000
4920.367979 0.000000
4920.408504 0.000000
4920.449029 0.000000
4920.489554 0.000000
4920.530080 0.000000
4920.570605 0.000000
4920.611130 0.000000
4920.651655 0.000000
4920.692180 0.000000
4920.732706 0.000000
4920.773231 0.000000
4920.813756 0.000000
4920.854281 0.000000
4920.894806 0.000000
4920.935332 0.000000
4920.975857 0.000000
4921.016382 0.000000
4921.056907 0.000000
4921.097432 0.000000
4921.137958 0.000000
4921.178483 0.000000
4921.219008 0.000000
4921.259533 0.000000
4921.300059 0.000000
4921.340584 0.000000
4921.381109 0.000000
4921.421634 0.000000
4921.462159 0.000000
4921.502685 0.000000
4921.543210 0.000000
4921.583735 0.000000
4921.624260 0.000000
4921.664785 0.000000
4921.705311 0.000000
4921.745836 0.000000
4921.786361 0.000000
4921.826886 0.000000
4921.867411 0.000000
4921.907937 0.000000
4921.948462 0.000000
4921.988987 0.000000
4922.029512 0.000000
4922.070037 0.000000
4922.110563 0.000000
4922.151088 0.000000
4922.191613 0.000000
4922.232138 0.000000
4922.272663 0.000000
4922.313189 0.000000
4922.353714 0.000000
4922.394239 0.000000
4922.434764 0.000000
4922.475290 0.000000
4922.515815 0.000000
4922.556340 0.000000
4922.596865 0.000000
4922.637390 0.000000
4922.677916 0.000000
4922.718441 0.000000
4922.758966 0.000000
4922.799491 0.000000
4922.840016 0.000000
4922.880542 0.000000
4922.921067 0.000000
4922.961592 0.000000
4923.002117 0.000000
4923.042642 0.000000
4923.083168 0.000000
4923.123693 0.000000
4923.164218 0.000000
4923.204743 0.000000
4923.245268 0.000000
4923.285794 0.000000
4923.326319 0.000000
4923.366844 0.000000
4923.407369 0.000000
4923.447894 0.000000
4923.488420 0.000000
4923.528945 0.000000
4923.569470 0.000000
4923.609995 0.000000
4923.650521 0.000000
4923.691046 0.000000
4923.731571 0.000000
4923.772096 0.000000
4923.812621 0.000000
4923.853147 0.000000
4923.893672 0.000000
4923.934197 0.000000
4923.974722 0.000000
4924.015247 0.000000
4924.055773 0.000000
4924.096298 0.000000
4924.136823 0.000000
4924.177348 0.000000
4924.217873 0.000000
4924.258399 0.000000
4924.298924 0.000000
4924.339449 0.000000
4924.379974 0.000000
4924.420499 0.000000
4924.461025 0.000000
4924.501550 0.000000
4924.542075 0.000000
4924.582600 0.000000
4924.623125 0.000000
4924.663651 0.000000
4924.704176 0.000000
4924.744701 0.000000
4924.785226 0.000000
4924.825752 0.000000
4924.866277 0.000000
4924.906802 0.000000
4924.947327 0.000000
4924.987852 0.000000
4925.028378 0.000000
4925.068903 0.000000
4925.109428 0.000000
4925.149953 0.000000
4925.190478 0.000000
4925.231004 0.000000
4925.271529 0.000000
4925.312054 0.000000
4925.352579 0.000000
4925.393104 0.000000
4925.433630 0.000000
4925.474155 0.000000
4925.514680 0.000000
4925.555205 0.000000
4925.595730 0.000000
4925.636256 0.000000
4925.676781 0.000000
4925.717306 0.000000
4925.757831 0.000000
4925.798356 0.000000
4925.838882 0.000000
4925.879407 0.000000
4925.919932 0.000000
4925.960457 0.000000
4926.000982 0.000000
4926.041508 0.000000
4926.082033 0.000000
4926.122558 0.000000
4926.163083 0.000000
4926.203609 0.000000
4926.244134 0.000000
4926.284659 0.000000
4926.325184 0.000000
4926.365709 0.000000
4926.406235 0.000000
4926.446760 0.000000
4926.487285 0.000000
4926.527810 0.000000
4926.568335 0.000000
4926.608861 0.000000
4926.649386 0.000000
4926.689911 0.000000
4926.730436 0.000000
4926.770961 0.000000
4926.811487 0.000000
4926.852012 0.000000
4926.892537 0.000000
4926.933062 0.000000
4926.973587 0.000000
4927.014113 0.000000
4927.054638 0.000000
4927.095163 0.000000
4927.135688 0.000000
4927.176213 0.000000
4927.216739 0.000000
4927.257264 0.000000
4927.297789 0.000000
4927.338314 0.000000
4927.378840 0.000000
4927.419365 0.000000
4927.459890 0.000000
4927.500415 0.000000
4927.540940 0.000000
4927.581466 0.000000
4927.621991 0.000000
4927.662516 0.000000
4927.703041 0.000000
4927.743566 0.000000
4927.784092 0.000000
4927.824617 0.000000
4927.865142 0.000000
4927.905667 0.000000
4927.946192 0.000000
4927.986718 0.000000
4928.027243 0.000000
4928.067768 0.000000
4928.108293 0.000000
4928.148818 0.000000
4928.189344 0.000000
4928.229869 0.000000
4928.270394 0.000000
4928.310919 0.000000
4928.351444 0.000000
4928.391970 0.000000
4928.432495 0.000000
4928.473020 0.000000
4928.513545 0.000000
4928.554071 0.000000
4928.594596 0.000000
4928.635121 0.000000
4928.675646 0.000000
4928.716171 0.000000
4928.756697 0.000000
4928.797222 0.000000
4928.837747 0.000000
4928.878272 0.000000
4928.918797 0.000000
4928.959323 0.000000
4928.999848 0.000000
4929.040373 0.000000
4929.080898 0.000000
4929.121423 0.000000
4929.161949 0.000000
4929.202474 0.000000
4929.242999 0.000000
4929.283524 0.000000
4929.324049 0.000000
4929.364575 0.000000
4929.405100 0.000000
4929.445625 0.000000
4929.486150 0.000000
4929.526675 0.000000
4929.567201 0.000000
4929.607726 0.000000
4929.648251 0.000000
4929.688776 0.000000
4929.729302 0.000000
4929.769827 0.000000
4929.810352 0.000000
4929.850877 0.000000
4929.891402 0.000000
4929.931928 0.000000
4929.972453 0.000000
4930.012978 0.000000
4930.053503 0.000000
4930.094028 0.000000
4930.134554 0.000000
4930.175079 0.000000
4930.215604 0.000000
4930.256129 0.000000
4930.296654 0.000000
4930.337180 0.000000
4930.377705 0.000000
4930.418230 0.000000
4930.458755 0.000000
4930.499280 0.000000
4930.539806 0.000000
4930.580331 0.000000
4930.620856 0.000000
4930.661381 0.000000
4930.701906 0.000000
4930.742432 0.000000
4930.782957 0.000000
4930.823482 0.000000
4930.864007 0.000000
4930.904533 0.000000
4930.945058 0.000000
4930.985583 0.000000
4931.026108 0.000000
4931.066633 0.000000
4931.107159 0.000000
4931.147684 0.000000
4931.188209 0.000000
4931.228734 0.000000
4931.269259 0.000000
4931.309785 0.000000
4931.350310 0.000000
4931.390835 0.000000
4931.431360 0.000000
4931.471885 0.000000
4931.512411 0.000000
4931.552936 0.000000
4931.593461 0.000000
4931.633986 0.000000
4931.674511 0.000000
4931.715037 0.000000
4931.755562 0.000000
4931.796087 0.000000
4931.836612 0.000000
4931.877137 0.000000
4931.917663 0.000000
4931.958188 0.000000
4931.998713 0.000000
4932.039238 0.000000
4932.079764 0.000000
4932.120289 0.000000
4932.160814 0.000000
4932.201339 0.000000
4932.241864 0.000000
4932.282390 0.000000
4932.322915 0.000000
4932.363440 0.000000
4932.403965 0.000000
4932.444490 0.000000
4932.485016 0.000000
4932.525541 0.000000
4932.566066 0.000000
4932.606591 0.000000
4932.647116 0.000000
4932.687642 0.000000
4932.728167 0.000000
4932.768692 0.000000
4932.809217 0.000000
4932.849742 0.000000
4932.890268 0.000000
4932.930793 0.000000
4932.971318 0.000000
4933.011843 0.000000
4933.052368 0.000000
4933.092894 0.000000
4933.133419 0.000000
4933.173944 0.000000
4933.214469 0.000000
4933.254994 0.000000
4933.295520 0.000000
4933.336045 0.000000
4933.376570 0.000000
4933.417095 0.000000
4933.457621 0.000000
4933.498146 0.000000
4933.538671 0.000000
4933.579196 0.000000
4933.619721 0.000000
4933.660247 0.000000
4933.700772 0.000000
4933.741297 0.000000
4933.781822 0.000000
4933.822347 0.000000
4933.862873 0.000000
4933.903398 0.000000
4933.943923 0.000000
4933.984448 0.000000
4934.024973 0.000000
4934.065499 0.000000
4934.106024 0.000000
4934.146549 0.000000
4934.187074 0.000000
4934.227599 0.000000
4934.268125 0.000000
4934.308650 0.000000
4934.349175 0.000000
4934.389700 0.000000
4934.430225 0.000000
4934.470751 0.000000
4934.511276 0.000000
4934.551801 0.000000
4934.592326 0.000000
4934.632852 0.000000
4934.673377 0.000000
4934.713902 0.000000
4934.754427 0.000000
4934.794952 0.000000
4934.835478 0.000000
4934.876003 0.000000
4934.916528 0.000000
4934.957053 0.000000
4934.997578 0.000000
4935.038104 0.000000
4935.078629 0.000000
4935.119154 0.000000
4935.159679 0.000000
4935.200204 0.000000
4935.240730 0.000000
4935.281255 0.000000
4935.321780 0.000000
4935.362305 0.000000
4935.402830 0.000000
4935.443356 0.000000
4935.483881 0.000000
4935.524406 0.000000
4935.564931 0.000000
4935.605456 0.000000
4935.645982 0.000000
4935.686507 0.000000
4935.727032 0.000000
4935.767557 0.000000
4935.808083 0.000000
4935.848608 0.000000
4935.889133 0.000000
4935.929658 0.000000
4935.970183 0.000000
4936.010709 0.000000
4936.051234 0.000000
4936.091759 0.000000
4936.132284 0.000000
4936.172809 0.000000
4936.213335 0.000000
4936.253860 0.000000
4936.294385 0.000000
4936.334910 0.000000
4936.375435 0.000000
4936.415961 0.000000
4936.456486 0.000000
4936.497011 0.000000
4936.537536 0.000000
4936.578061 0.000000
4936.618587 0.000000
4936.659112 0.000000
4936.699637 0.000000
4936.740162 0.000000
4936.780687 0.000000
4936.821213 0.000000
4936.861738 0.000000
4936.902263 0.000000
4936.942788 0.000000
4936.983314 0.000000
4937.023839 0.000000
4937.064364 0.000000
4937.104889 0.000000
4937.145414 0.000000
4937.185940 0.000000
4937.226465 0.000000
4937.266990 0.000000
4937.307515 0.000000
4937.348040 0.000000
4937.388566 0.000000
4937.429091 0.000000
4937.469616 0.000000
4937.510141 0.000000
4937.550666 0.000000
4937.591192 0.000000
4937.631717 0.000000
4937.672242 0.000000
4937.712767 0.000000
4937.753292 0.000000
4937.793818 0.000000
4937.834343 0.000000
4937.874868 0.000000
4937.915393 0.000000
4937.955918 0.000000
4937.996444 0.000000
4938.036969 0.000000
4938.077494 0.000000
4938.118019 0.000000
4938.158545 0.000000
4938.199070 0.000000
4938.239595 0.000000
4938.280120 0.000000
4938.320645 0.000000
4938.361171 0.000000
4938.401696 0.000000
4938.442221 0.000000
4938.482746 0.000000
4938.523271 0.000000
4938.563797 0.000000
4938.604322 0.000000
4938.644847 0.000000
4938.685372 0.000000
4938.725897 0.000000
4938.766423 0.000000
4938.806948 0.000000
4938.847473 0.000000
4938.887998 0.000000
4938.928523 0.000000
4938.969049 0.000000
4939.009574 0.000000
4939.050099 0.000000
4939.090624 0.000000
4939.131149 0.000000
4939.171675 0.000000
4939.212200 0.000000
4939.252725 0.000000
4939.293250 0.000000
4939.333775 0.000000
4939.374301 0.000000
4939.414826 0.000000
4939.455351 0.000000
4939.495876 0.000000
4939.536402 0.000000
4939.576927 0.000000
4939.617452 0.000000
4939.657977 0.000000
4939.698502 0.000000
4939.739028 0.000000
4939.779553 0.000000
4939.820078 0.000000
4939.860603 0.000000
4939.901128 0.000000
4939.941654 0.000000
4939.982179 0.000000
4940.022704 0.000000
4940.063229 0.000000
4940.103754 0.000000
4940.144280 0.000000
4940.184805 0.000000
4940.225330 0.000000
4940.265855 0.000000
4940.306380 0.000000
4940.346906 0.000000
4940.387431 0.000000
4940.427956 0.000000
4940.468481 0.000000
4940.509006 0.000000
4940.549532 0.000000
4940.590057 0.000000
4940.630582 0.000000
4940.671107 0.000000
4940.711633 0.000000
4940.752158 0.000000
4940.792683 0.000000
4940.833208 0.000000
4940.873733 0.000000
4940.914259 0.000000
4940.954784 0.000000
4940.995309 0.000000
4941.035834 0.000000
4941.076359 0.000000
4941.116885 0.000000
4941.157410 0.000000
4941.197935 0.000000
4941.238460 0.000000
4941.278985 0.000000
4941.319511 0.000000
4941.360036 0.000000
4941.400561 0.000000
4941.441086 0.000000
4941.481611 0.000000
4941.522137 0.000000
4941.562662 0.000000
4941.603187 0.000000
4941.643712 0.000000
4941.684237 0.000000
4941.724763 0.000000
4941.765288 0.000000
4941.805813 0.000000
4941.846338 0.000000
4941.886864 0.000000
4941.927389 0.000000
4941.967914 0.000000
4942.008439 0.000000
4942.048964 0.000000
4942.089490 0.000000
4942.130015 0.000000
4942.170540 0.000000
4942.211065 0.000000
4942.251590 0.000000
4942.292116 0.000000
4942.332641 0.000000
4942.373166 0.000000
4942.413691 0.000000
4942.454216 0.000000
4942.494742 0.000000
4942.535267 0.000000
4942.575792 0.000000
4942.616317 0.000000
4942.656842 0.000000
4942.697368 0.000000
4942.737893 0.000000
4942.778418 0.000000
4942.818943 0.000000
4942.859468 0.000000
4942.899994 0.000000
4942.940519 0.000000
4942.981044 0.000000
4943.021569 0.000000
4943.062095 0.000000
4943.102620 0.000000
4943.143145 0.000000
4943.183670 0.000000
4943.224195 0.000000
4943.264721 0.000000
4943.305246 0.000000
4943.345771 0.000000
4943.386296 0.000000
4943.426821 0.000000
4943.467347 0.000000
4943.507872 0.000000
4943.548397 0.000000
4943.588922 0.000000
4943.629447 0.000000
4943.669973 0.000000
4943.710498 0.000000
4943.751023 0.000000
4943.791548 0.000000
4943.832073 0.000000
4943.872599 0.000000
4943.913124 0.000000
4943.953649 0.000000
4943.994174 0.000000
4944.034699 0.000000
4944.075225 0.000000
4944.115750 0.000000
4944.156275 0.000000
4944.196800 0.000000
4944.237326 0.000000
4944.277851 0.000000
4944.318376 0.000000
4944.358901 0.000000
4944.399426 0.000000
4944.439952 0.000000
4944.480477 0.000000
4944.521002 0.000000
4944.561527 0.000000
4944.602052 0.000000
4944.642578 0.000000
4944.683103 0.000000
4944.723628 0.000000
4944.764153 0.000000
4944.804678 0.000000
4944.845204 0.000000
4944.885729 0.000000
4944.926254 0.000000
4944.966779 0.000000
4945.007304 0.000000
4945.047830 0.000000
4945.088355 0.000000
4945.128880 0.000000
4945.169405 0.000000
4945.209930 0.000000
4945.250456 0.000000
4945.290981 0.000000
4945.331506 0.000000
4945.372031 0.000000
4945.412556 0.000000
4945.453082 0.000000
4945.493607 0.000000
4945.534132 0.000000
4945.574657 0.000000
4945.615183 0.000000
4945.655708 0.000000
4945.696233 0.000000
4945.736758 0.000000
4945.777283 0.000000
4945.817809 0.000000
4945.858334 0.000000
4945.898859 0.000000
4945.939384 0.000000
4945.979909 0.000000
4946.020435 0.000000
4946.060960 0.000000
4946.101485 0.000000
4946.142010 0.000000
4946.182535 0.000000
4946.223061 0.000000
4946.263586 0.000000
4946.304111 0.000000
4946.344636 0.000000
4946.385161 0.000000
4946.425687 0.000000
4946.466212 0.000000
4946.506737 0.000000
4946.547262 0.000000
4946.587787 0.000000
4946.628313 0.000000
4946.668838 0.000000
4946.709363 0.000000
4946.749888 0.000000
4946.790414 0.000000
4946.830939 0.000000
4946.871464 0.000000
4946.911989 0.000000
4946.952514 0.000000
4946.993040 0.000000
4947.033565 0.000000
4947.074090 0.000000
4947.114615 0.000000
4947.155140 0.000000
4947.195666 0.000000
4947.236191 0.000000
4947.276716 0.000000
4947.317241 0.000000
4947.357766 0.000000
4947.398292 0.000000
4947.438817 0.000000
4947.479342 0.000000
4947.519867 0.000000
4947.560392 0.000000
4947.600918 0.000000
4947.641443 0.000000
4947.681968 0.000000
4947.722493 0.000000
4947.763018 0.000000
4947.803544 0.000000
4947.844069 0.000000
4947.884594 0.000000
4947.925119 0.000000
4947.965645 0.000000
4948.006170 0.000000
4948.046695 0.000000
4948.087220 0.000000
4948.127745 0.000000
4948.168271 0.000000
4948.208796 0.000000
4948.249321 0.000000
4948.289846 0.000000
4948.330371 0.000000
4948.370897 0.000000
4948.411422 0.000000
4948.451947 0.000000
4948.492472 0.000000
4948.532997 0.000000
4948.573523 0.000000
4948.614048 0.000000
4948.654573 0.000000
4948.695098 0.000000
4948.735623 0.000000
4948.776149 0.000000
4948.816674 0.000000
4948.857199 0.000000
4948.897724 0.000000
4948.938249 0.000000
4948.978775 0.000000
4949.019300 0.000000
4949.059825 0.000000
4949.100350 0.000000
4949.140876 0.000000
4949.181401 0.000000
4949.221926 0.000000
4949.262451 0.000000
4949.302976 0.000000
4949.343502 0.000000
4949.384027 0.000000
4949.424552 0.000000
4949.465077 0.000000
4949.505602 0.000000
4949.546128 0.000000
4949.586653 0.000000
4949.627178 0.000000
4949.667703 0.000000
4949.708228 0.000000
4949.748754 0.000000
4949.789279 0.000000
4949.829804 0.000000
4949.870329 0.000000
4949.910854 0.000000
4949.951380 0.000000
4949.991905 0.000000
4950.032430 0.000000
4950.072955 0.000000
4950.113480 0.000000
4950.154006 0.000000
4950.194531 0.000000
4950.235056 0.000000
4950.275581 0.000000
4950.316107 0.000000
4950.356632 0.000000
4950.397157 0.000000
4950.437682 0.000000
4950.478207 0.000000
4950.518733 0.000000
4950.559258 0.000000
4950.599783 0.000000
4950.640308 0.000000
4950.680833 0.000000
4950.721359 0.000000
4950.761884 0.000000
4950.802409 0.000000
4950.842934 0.000000
4950.883459 0.000000
4950.923985 0.000000
4950.964510 0.000000
4951.005035 0.000000
4951.045560 0.000000
4951.086085 0.000000
4951.126611 0.000000
4951.167136 0.000000
4951.207661 0.000000
4951.248186 0.000000
4951.288711 0.000000
4951.329237 0.000000
4951.369762 0.000000
4951.410287 0.000000
4951.450812 0.000000
4951.491337 0.000000
4951.531863 0.000000
4951.572388 0.000000
4951.612913 0.000000
4951.653438 0.000000
4951.693964 0.000000
4951.734489 0.000000
4951.775014 0.000000
4951.815539 0.000000
4951.856064 0.000000
4951.896590 0.000000
4951.937115 0.000000
4951.977640 0.000000
4952.018165 0.000000
4952.058690 0.000000
4952.099216 0.000000
4952.139741 0.000000
4952.180266 0.000000
4952.220791 0.000000
4952.261316 0.000000
4952.301842 0.000000
4952.342367 0.000000
4952.382892 0.000000
4952.423417 0.000000
4952.463942 0.000000
4952.504468 0.000000
4952.544993 0.000000
4952.585518 0.000000
4952.626043 0.000000
4952.666568 0.000000
4952.707094 0.000000
4952.747619 0.000000
4952.788144 0.000000
4952.828669 0.000000
4952.869195 0.000000
4952.909720 0.000000
4952.950245 0.000000
4952.990770 0.000000
4953.031295 0.000000
4953.071821 0.000000
4953.112346 0.000000
4953.152871 0.000000
4953.193396 0.000000
4953.233921 0.000000
4953.274447 0.000000
4953.314972 0.000000
4953.355497 0.000000
4953.396022 0.000000
4953.436547 0.000000
4953.477073 0.000000
4953.517598 0.000000
4953.558123 0.000000
4953.598648 0.000000
4953.639173 0.000000
4953.679699 0.000000
4953.720224 0.000000
4953.760749 0.000000
4953.801274 0.000000
4953.841799 0.000000
4953.882325 0.000000
4953.922850 0.000000
4953.963375 0.000000
4954.003900 0.000000
4954.044426 0.000000
4954.084951 0.000000
4954.125476 0.000000
4954.166001 0.000000
4954.206526 0.000000
4954.247052 0.000000
4954.287577 0.000000
4954.328102 0.000000
4954.368627 0.000000
4954.409152 0.000000
4954.449678 0.000000
4954.490203 0.000000
4954.530728 0.000000
4954.571253 0.000000
4954.611778 0.000000
4954.652304 0.000000
4954.692829 0.000000
4954.733354 0.000000
4954.773879 0.000000
4954.814404 0.000000
4954.854930 0.000000
4954.895455 0.000000
4954.935980 0.000000
4954.976505 0.000000
4955.017030 0.000000
4955.057556 0.000000
4955.098081 0.000000
4955.138606 0.000000
4955.179131 0.000000
4955.219657 0.000000
4955.260182 0.000000
4955.300707 0.000000
4955.341232 0.000000
4955.381757 0.000000
4955.422283 0.000000
4955.462808 0.000000
4955.503333 0.000000
4955.543858 0.000000
4955.584383 0.000000
4955.624909 0.000000
4955.665434 0.000000
4955.705959 0.000000
4955.746484 0.000000
4955.787009 0.000000
4955.827535 0.000000
4955.868060 0.000000
4955.908585 0.000000
4955.949110 0.000000
4955.989635 0.000000
4956.030161 0.000000
4956.070686 0.000000
4956.111211 0.000000
4956.151736 0.000000
4956.192261 0.000000
4956.232787 0.000000
4956.273312 0.000000
4956.313837 0.000000
4956.354362 0.000000
4956.394888 0.000000
4956.435413 0.000000
4956.475938 0.000000
4956.516463 0.000000
4956.556988 0.000000
4956.597514 0.000000
4956.638039 0.000000
4956.678564 0.000000
4956.719089 0.000000
4956.759614 0.000000
4956.800140 0.000000
4956.840665 0.000000
4956.881190 0.000000
4956.921715 0.000000
4956.962240 0.000000
4957.002766 0.000000
4957.043291 0.000000
4957.083816 0.000000
4957.124341 0.000000
4957.164866 0.000000
4957.205392 0.000000
4957.245917 0.000000
4957.286442 0.000000
4957.326967 0.000000
4957.367492 0.000000
4957.408018 0.000000
4957.448543 0.000000
4957.489068 0.000000
4957.529593 0.000000
4957.570119 0.000000
4957.610644 0.000000
4957.651169 0.000000
4957.691694 0.000000
4957.732219 0.000000
4957.772745 0.000000
4957.813270 0.000000
4957.853795 0.000000
4957.894320 0.000000
4957.934845 0.000000
4957.975371 0.000000
4958.015896 0.000000
4958.056421 0.000000
4958.096946 0.000000
4958.137471 0.000000
4958.177997 0.000000
4958.218522 0.000000
4958.259047 0.000000
4958.299572 0.000000
4958.340097 0.000000
4958.380623 0.000000
4958.421148 0.000000
4958.461673 0.000000
4958.502198 0.000000
4958.542723 0.000000
4958.583249 0.000000
4958.623774 0.000000
4958.664299 0.000000
4958.704824 0.000000
4958.745349 0.000000
4958.785875 0.000000
4958.826400 0.000000
4958.866925 0.000000
4958.907450 0.000000
4958.947976 0.000000
4958.988501 0.000000
4959.029026 0.000000
4959.069551 0.000000
4959.110076 0.000000
4959.150602 0.000000
4959.191127 0.000000
4959.231652 0.000000
4959.272177 0.000000
4959.312702 0.000000
4959.353228 0.000000
4959.393753 0.000000
4959.434278 0.000000
4959.474803 0.000000
4959.515328 0.000000
4959.555854 0.000000
4959.596379 0.000000
4959.636904 0.000000
4959.677429 0.000000
4959.717954 0.000000
4959.758480 0.000000
4959.799005 0.000000
4959.839530 0.000000
4959.880055 0.000000
4959.920580 0.000000
4959.961106 0.000000
4960.001631 0.000000
4960.042156 0.000000
4960.082681 0.000000
4960.123207 0.000000
4960.163732 0.000000
4960.204257 0.000000
4960.244782 0.000000
4960.285307 0.000000
4960.325833 0.000000
4960.366358 0.000000
4960.406883 0.000000
4960.447408 0.000000
4960.487933 0.000000
4960.528459 0.000000
4960.568984 0.000000
4960.609509 0.000000
4960.650034 0.000000
4960.690559 0.000000
4960.731085 0.000000
4960.771610 0.000000
4960.812135 0.000000
4960.852660 0.000000
4960.893185 0.000000
4960.933711 0.000000
4960.974236 0.000000
4961.014761 0.000000
4961.055286 0.000000
4961.095811 0.000000
4961.136337 0.000000
4961.176862 0.000000
4961.217387 0.000000
4961.257912 0.000000
4961.298438 0.000000
4961.338963 0.000000
4961.379488 0.000000
4961.420013 0.000000
4961.460538 0.000000
4961.501064 0.000000
4961.541589 0.000000
4961.582114 0.000000
4961.622639 0.000000
4961.663164 0.000000
4961.703690 0.000000
4961.744215 0.000000
4961.784740 0.000000
4961.825265 0.000000
4961.865790 0.000000
4961.906316 0.000000
4961.946841 0.000000
4961.987366 0.000000
4962.027891 0.000000
4962.068416 0.000000
4962.108942 0.000000
4962.149467 0.000000
4962.189992 0.000000
4962.230517 0.000000
4962.271042 0.000000
4962.311568 0.000000
4962.352093 0.000000
4962.392618 0.000000
4962.433143 0.000000
4962.473669 0.000000
4962.514194 0.000000
4962.554719 0.000000
4962.595244 0.000000
4962.635769 0.000000
4962.676295 0.000000
4962.716820 0.000000
4962.757345 0.000000
4962.797870 0.000000
4962.838395 0.000000
4962.878921 0.000000
4962.919446 0.000000
4962.959971 0.000000
4963.000496 0.000000
4963.041021 0.000000
4963.081547 0.000000
4963.122072 0.000000
4963.162597 0.000000
4963.203122 0.000000
4963.243647 0.000000
4963.284173 0.000000
4963.324698 0.000000
4963.365223 0.000000
4963.405748 0.000000
4963.446273 0.000000
4963.486799 0.000000
4963.527324 0.000000
4963.567849 0.000000
4963.608374 0.000000
4963.648900 0.000000
4963.689425 0.000000
4963.729950 0.000000
4963.770475 0.000000
4963.811000 0.000000
4963.851526 0.000000
4963.892051 0.000000
4963.932576 0.000000
4963.973101 0.000000
4964.013626 0.000000
4964.054152 0.000000
4964.094677 0.000000
4964.135202 0.000000
4964.175727 0.000000
4964.216252 0.000000
4964.256778 0.000000
4964.297303 0.000000
4964.337828 0.000000
4964.378353 0.000000
4964.418878 0.000000
4964.459404 0.000000
4964.499929 0.000000
4964.540454 0.000000
4964.580979 0.000000
4964.621504 0.000000
4964.662030 0.000000
4964.702555 0.000000
4964.743080 0.000000
4964.783605 0.000000
4964.824130 0.000000
4964.864656 0.000000
4964.905181 0.000000
4964.945706 0.000000
4964.986231 0.000000
4965.026757 0.000000
4965.067282 0.000000
4965.107807 0.000000
4965.148332 0.000000
4965.188857 0.000000
4965.229383 0.000000
4965.269908 0.000000
4965.310433 0.000000
4965.350958 0.000000
4965.391483 0.000000
4965.432009 0.000000
4965.472534 0.000000
4965.513059 0.000000
4965.553584 0.000000
4965.594109 0.000000
4965.634635 0.000000
4965.675160 0.000000
4965.715685 0.000000
4965.756210 0.000000
4965.796735 0.000000
4965.837261 0.000000
4965.877786 0.000000
4965.918311 0.000000
4965.958836 0.000000
4965.999361 0.000000
4966.039887 0.000000
4966.080412 0.000000
4966.120937 0.000000
4966.161462 0.000000
4966.201988 0.000000
4966.242513 0.000000
4966.283038 0.000000
4966.323563 0.000000
4966.364088 0.000000
4966.404614 0.000000
4966.445139 0.000000
4966.485664 0.000000
4966.526189 0.000000
4966.566714 0.000000
4966.607240 0.000000
4966.647765 0.000000
4966.688290 0.000000
4966.728815 0.000000
4966.769340 0.000000
4966.809866 0.000000
4966.850391 0.000000
4966.890916 0.000000
4966.931441 0.000000
4966.971966 0.000000
4967.012492 0.000000
4967.053017 0.000000
4967.093542 0.000000
4967.134067 0.000000
4967.174592 0.000000
4967.215118 0.000000
4967.255643 0.000000
4967.296168 0.000000
4967.336693 0.000000
4967.377219 0.000000
4967.417744 0.000000
4967.458269 0.000000
4967.498794 0.000000
4967.539319 0.000000
4967.579845 0.000000
4967.620370 0.000000
4967.660895 0.000000
4967.701420 0.000000
4967.741945 0.000000
4967.782471 0.000000
4967.822996 0.000000
4967.863521 0.000000
4967.904046 0.000000
4967.944571 0.000000
4967.985097 0.000000
4968.025622 0.000000
4968.066147 0.000000
4968.106672 0.000000
4968.147197 0.000000
4968.187723 0.000000
4968.228248 0.000000
4968.268773 0.000000
4968.309298 0.000000
4968.349823 0.000000
4968.390349 0.000000
4968.430874 0.000000
4968.471399 0.000000
4968.511924 0.000000
4968.552450 0.000000
4968.592975 0.000000
4968.633500 0.000000
4968.674025 0.000000
4968.714550 0.000000
4968.755076 0.000000
4968.795601 0.000000
4968.836126 0.000000
4968.876651 0.000000
4968.917176 0.000000
4968.957702 0.000000
4968.998227 0.000000
4969.038752 0.000000
4969.079277 0.000000
4969.119802 0.000000
4969.160328 0.000000
4969.200853 0.000000
4969.241378 0.000000
4969.281903 0.000000
4969.322428 0.000000
4969.362954 0.000000
4969.403479 0.000000
4969.444004 0.000000
4969.484529 0.000000
4969.525054 0.000000
4969.565580 0.000000
4969.606105 0.000000
4969.646630 0.000000
4969.687155 0.000000
4969.727681 0.000000
4969.768206 0.000000
4969.808731 0.000000
4969.849256 0.000000
4969.889781 0.000000
4969.930307 0.000000
4969.970832 0.000000
4970.011357 0.000000
4970.051882 0.000000
4970.092407 0.000000
4970.132933 0.000000
4970.173458 0.000000
4970.213983 0.000000
4970.254508 0.000000
4970.295033 0.000000
4970.335559 0.000000
4970.376084 0.000000
4970.416609 0.000000
4970.457134 0.000000
4970.497659 0.000000
4970.538185 0.000000
4970.578710 0.000000
4970.619235 0.000000
4970.659760 0.000000
4970.700285 0.000000
4970.740811 0.000000
4970.781336 0.000000
4970.821861 0.000000
4970.862386 0.000000
4970.902911 0.000000
4970.943437 0.000000
4970.983962 0.000000
4971.024487 0.000000
4971.065012 0.000000
4971.105538 0.000000
4971.146063 0.000000
4971.186588 0.000000
4971.227113 0.000000
4971.267638 0.000000
4971.308164 0.000000
4971.348689 0.000000
4971.389214 0.000000
4971.429739 0.000000
4971.470264 0.000000
4971.510790 0.000000
4971.551315 0.000000
4971.591840 0.000000
4971.632365 0.000000
4971.672890 0.000000
4971.713416 0.000000
4971.753941 0.000000
4971.794466 0.000000
4971.834991 0.000000
4971.875516 0.000000
4971.916042 0.000000
4971.956567 0.000000
4971.997092 0.000000
4972.037617 0.000000
4972.078142 0.000000
4972.118668 0.000000
4972.159193 0.000000
4972.199718 0.000000
4972.240243 0.000000
4972.280769 0.000000
4972.321294 0.000000
4972.361819 0.000000
4972.402344 0.000000
4972.442869 0.000000
4972.483395 0.000000
4972.523920 0.000000
4972.564445 0.000000
4972.604970 0.000000
4972.645495 0.000001
4972.686021 0.000001
4972.726546 0.000001
4972.767071 0.000001
4972.807596 0.000001
4972.848121 0.000001
4972.888647 0.000001
4972.929172 0.000001
4972.969697 0.000001
4973.010222 0.000001
4973.050747 0.000001
4973.091273 0.000001
4973.131798 0.000001
4973.172323 0.000001
4973.212848 0.000001
4973.253373 0.000001
4973.293899 0.000001
4973.334424 0.000001
4973.374949 0.000001
4973.415474 0.000001
4973.456000 0.000001
4973.496525 0.000001
4973.537050 0.000001
4973.577575 0.000001
4973.618100 0.000001
4973.658626 0.000001
4973.699151 0.000001
4973.739676 0.000001
4973.780201 0.000001
4973.820726 0.000001
4973.861252 0.000001
4973.901777 0.000001
4973.942302 0.000001
4973.982827 0.000001
4974.023352 0.000001
4974.063878 0.000001
4974.104403 0.000001
4974.144928 0.000001
4974.185453 0.000001
4974.225978 0.000001
4974.266504 0.000001
4974.307029 0.000002
4974.347554 0.000002
4974.388079 0.000002
4974.428604 0.000002
4974.469130 0.000002
4974.509655 0.000002
4974.550180 0.000002
4974.590705 0.000002
4974.631231 0.000002
4974.671756 0.000002
4974.712281 0.000002
4974.752806 0.000002
4974.793331 0.000002
4974.833857 0.000002
4974.874382 0.000002
4974.914907 0.000002
4974.955432 0.000002
4974.995957 0.000002
4975.036483 0.000002
4975.077008 0.000002
4975.117533 0.000003
4975.158058 0.000003
4975.198583 0.000003
4975.239109 0.000003
4975.279634 0.000003
4975.320159 0.000003
4975.360684 0.000003
4975.401209 0.000003
4975.441735 0.000003
4975.482260 0.000003
4975.522785 0.000003
4975.563310 0.000003
4975.603835 0.000003
4975.644361 0.000004
4975.684886 0.000004
4975.725411 0.000004
4975.765936 0.000004
4975.806462 0.000004
4975.846987 0.000004
4975.887512 0.000004
4975.928037 0.000004
4975.968562 0.000004
4976.009088 0.000004
4976.049613 0.000005
4976.090138 0.000005
4976.130663 0.000005
4976.171188 0.000005
4976.211714 0.000005
4976.252239 0.000005
4976.292764 0.000005
4976.333289 0.000005
4976.373814 0.000006
4976.414340 0.000006
4976.454865 0.000006
4976.495390 0.000006
4976.535915 0.000006
4976.576440 0.000006
4976.616966 0.000006
4976.657491 0.000007
4976.698016 0.000007
4976.738541 0.000007
4976.779066 0.000007
4976.819592 0.000007
4976.860117 0.000007
4976.900642 0.000008
4976.941167 0.000008
4976.981693 0.000008
4977.022218 0.000008
4977.062743 0.000008
4977.103268 0.000009
4977.143793 0.000009
4977.184319 0.000009
4977.224844 0.000009
4977.265369 0.000009
4977.305894 0.000010
4977.346419 0.000010
4977.386945 0.000010
4977.427470 0.000010
4977.467995 0.000011
4977.508520 0.000011
4977.549045 0.000011
4977.589571 0.000011
4977.630096 0.000012
4977.670621 0.000012
4977.711146 0.000012
4977.751671 0.000013
4977.792197 0.000013
4977.832722 0.000013
4977.873247 0.000013
4977.913772 0.000014
4977.954297 0.000014
4977.994823 0.000014
4978.035348 0.000015
4978.075873 0.000015
4978.116398 0.000015
4978.156923 0.000016
4978.197449 0.000016
4978.237974 0.000017
4978.278499 0.000017
4978.319024 0.000017
4978.359550 0.000018
4978.400075 0.000018
4978.440600 0.000019
4978.481125 0.000019
4978.521650 0.000019
4978.562176 0.000020
4978.602701 0.000020
4978.643226 0.000021
4978.683751 0.000021
4978.724276 0.000022
4978.764802 0.000022
4978.805327 0.000023
4978.845852 0.000023
4978.886377 0.000024
4978.926902 0.000024
4978.967428 0.000025
4979.007953 0.000026
4979.048478 0.000026
4979.089003 0.000027
4979.129528 0.000027
4979.170054 0.000028
4979.210579 0.000029
4979.251104 0.000029
4979.291629 0.000030
4979.332154 0.000031
4979.372680 0.000031
4979.413205 0.000032
4979.453730 0.000033
4979.494255 0.000033
4979.534781 0.000034
4979.575306 0.000035
4979.615831 0.000036
4979.656356 0.000037
4979.696881 0.000037
4979.737407 0.000038
4979.777932 0.000039
4979.818457 0.000040
4979.858982 0.000041
4979.899507 0.000042
4979.940033 0.000043
4979.980558 0.000044
4980.021083 0.000045
4980.061608 0.000045
4980.102133 0.000046
4980.142659 0.000048
4980.183184 0.000049
4980.223709 0.000050
4980.264234 0.000051
4980.304759 0.000052
4980.345285 0.000053
4980.385810 0.000054
4980.426335 0.000055
4980.466860 0.000056
4980.507385 0.000058
4980.547911 0.000059
4980.588436 0.000060
4980.628961 0.000061
4980.669486 0.000063
4980.710012 0.000064
4980.750537 0.000066
4980.791062 0.000067
4980.831587 0.000068
4980.872112 0.000070
4980.912638 0.000071
4980.953163 0.000073
4980.993688 0.000074
4981.034213 0.000076
4981.074738 0.000078
4981.115264 0.000079
4981.155789 0.000081
4981.196314 0.000083
4981.236839 0.000084
4981.277364 0.000086
4981.317890 0.000088
4981.358415 0.000090
4981.398940 0.000092
4981.439465 0.000094
4981.479990 0.000096
4981.520516 0.000098
4981.561041 0.000100
4981.601566 0.000102
4981.642091 0.000104
4981.682616 0.000106
4981.723142 0.000108
4981.763667 0.000110
4981.804192 0.000113
4981.844717 0.000115
4981.885243 0.000117
4981.925768 0.000120
4981.966293 0.000122
4982.006818 0.000125
4982.047343 0.000127
4982.087869 0.000130
4982.128394 0.000132
4982.168919 0.000135
4982.209444 0.000138
4982.249969 0.000141
4982.290495 0.000144
4982.331020 0.000146
4982.371545 0.000149
4982.412070 0.000152
4982.452595 0.000155
4982.493121 0.000159
4982.533646 0.000162
4982.574171 0.000165
4982.614696 0.000168
4982.655221 0.000172
4982.695747 0.000175
4982.736272 0.000179
4982.776797 0.000182
4982.817322 0.000186
4982.857847 0.000190
4982.898373 0.000193
4982.938898 0.000197
4982.979423 0.000201
4983.019948 0.000205
4983.060474 0.000209
4983.100999 0.000213
4983.141524 0.000217
4983.182049 0.000222
4983.222574 0.000226
4983.263100 0.000230
4983.303625 0.000235
4983.344150 0.000239
4983.384675 0.000244
4983.425200 0.000249
4983.465726 0.000254
4983.506251 0.000258
4983.546776 0.000263
4983.587301 0.000268
4983.627826 0.000274
4983.668352 0.000279
4983.708877 0.000284
4983.749402 0.000290
4983.789927 0.000295
4983.830452 0.000301
4983.870978 0.000307
4983.911503 0.000312
4983.952028 0.000318
4983.992553 0.000324
4984.033078 0.000331
4984.073604 0.000337
4984.114129 0.000343
4984.154654 0.000350
4984.195179 0.000356
4984.235704 0.000363
4984.276230 0.000370
4984.316755 0.000377
4984.357280 0.000384
4984.397805 0.000391
4984.438331 0.000398
4984.478856 0.000405
4984.519381 0.000413
4984.559906 0.000421
4984.600431 0.000428
4984.640957 0.000436
4984.681482 0.000444
4984.722007 0.000453
4984.762532 0.000461
4984.803057 0.000469
4984.843583 0.000478
4984.884108 0.000487
4984.924633 0.000496
4984.965158 0.000505
4985.005683 0.000514
4985.046209 0.000523
4985.086734 0.000533
4985.127259 0.000542
4985.167784 0.000552
4985.208309 0.000562
4985.248835 0.000572
4985.289360 0.000582
4985.329885 0.000593
4985.370410 0.000603
4985.410935 0.000614
4985.451461 0.000625
4985.491986 0.000636
4985.532511 0.000648
4985.573036 0.000659
4985.613562 0.000671
4985.654087 0.000683
4985.694612 0.000695
4985.735137 0.000707
4985.775662 0.000719
4985.816188 0.000732
4985.856713 0.000745
4985.897238 0.000758
4985.937763 0.000771
4985.978288 0.000785
4986.018814 0.000798
4986.059339 0.000812
4986.099864 0.000826
4986.140389 0.000841
4986.180914 0.000855
4986.221440 0.000870
4986.261965 0.000885
4986.302490 0.000900
4986.343015 0.000916
4986.383540 0.000931
4986.424066 0.000947
4986.464591 0.000963
4986.505116 0.000980
4986.545641 0.000996
4986.586166 0.001013
4986.626692 0.001030
4986.667217 0.001048
4986.707742 0.001066
4986.748267 0.001084
4986.788793 0.001102
4986.829318 0.001120
4986.869843 0.001139
4986.910368 0.001158
4986.950893 0.001177
4986.991419 0.001197
4987.031944 0.001217
4987.072469 0.001237
4987.112994 0.001258
4987.153519 0.001278
4987.194045 0.001300
4987.234570 0.001321
4987.275095 0.001343
4987.315620 0.001365
4987.356145 0.001387
4987.396671 0.001410
4987.437196 0.001433
4987.477721 0.001456
4987.518246 0.001480
4987.558771 0.001504
4987.599297 0.001528
4987.639822 0.001553
4987.680347 0.001578
4987.720872 0.001603
4987.761397 0.001629
4987.801923 0.001655
4987.842448 0.001682
4987.882973 0.001709
4987.923498 0.001736
4987.964024 0.001764
4988.004549 0.001792
4988.045074 0.001820
4988.085599 0.001849
4988.126124 0.001878
4988.166650 0.001908
4988.207175 0.001938
4988.247700 0.001968
4988.288225 0.001999
4988.328750 0.002030
4988.369276 0.002062
4988.409801 0.002094
4988.450326 0.002127
4988.490851 0.002160
4988.531376 0.002193
4988.571902 0.002227
4988.612427 0.002261
4988.652952 0.002296
4988.693477 0.002331
4988.734002 0.002367
4988.774528 0.002403
4988.815053 0.002440
4988.855578 0.002477
4988.896103 0.002515
4988.936628 0.002553
4988.977154 0.002592
4989.017679 0.002631
4989.058204 0.002671
4989.098729 0.002711
4989.139255 0.002752
4989.179780 0.002793
4989.220305 0.002835
4989.260830 0.002877
4989.301355 0.002920
4989.341881 0.002963
4989.382406 0.003007
4989.422931 0.003052
4989.463456 0.003097
4989.503981 0.003142
4989.544507 0.003189
4989.585032 0.003235
4989.625557 0.003283
4989.666082 0.003331
4989.706607 0.003379
4989.747133 0.003429
4989.787658 0.003478
4989.828183 0.003529
4989.868708 0.003580
4989.909233 0.003632
4989.949759 0.003684
4989.990284 0.003737
4990.030809 0.003790
4990.071334 0.003845
4990.111859 0.003900
4990.152385 0.003955
4990.192910 0.004011
4990.233435 0.004068
4990.273960 0.004126
4990.314485 0.004184
4990.355011 0.004243
4990.395536 0.004303
4990.436061 0.004363
4990.476586 0.004424
4990.517112 0.004486
4990.557637 0.004549
4990.598162 0.004612
4990.638687 0.004676
4990.679212 0.004741
4990.719738 0.004806
4990.760263 0.004872
4990.800788 0.004939
4990.841313 0.005007
4990.881838 0.005076
4990.922364 0.005145
4990.962889 0.005215
4991.003414 0.005286
4991.043939 0.005358
4991.084464 0.005430
4991.124990 0.005504
4991.165515 0.005578
4991.206040 0.005653
4991.246565 0.005729
4991.287090 0.005805
4991.327616 0.005883
4991.368141 0.005961
4991.408666 0.006040
4991.449191 0.006120
4991.489716 0.006201
4991.530242 0.006283
4991.570767 0.006366
4991.611292 0.006450
4991.651817 0.006534
4991.692343 0.006619
4991.732868 0.006706
4991.773393 0.006793
4991.813918 0.006881
4991.854443 0.006970
4991.894969 0.007060
4991.935494 0.007151
4991.976019 0.007243
4992.016544 0.007336
4992.057069 0.007430
4992.097595 0.007525
4992.138120 0.007621
4992.178645 0.007717
4992.219170 0.007815
4992.259695 0.007914
4992.300221 0.008014
4992.340746 0.008115
4992.381271 0.008216
4992.421796 0.008319
4992.462321 0.008423
4992.502847 0.008528
4992.543372 0.008634
4992.583897 0.008741
4992.624422 0.008849
4992.664947 0.008958
4992.705473 0.009068
4992.745998 0.009180
4992.786523 0.009292
4992.827048 0.009405
4992.867574 0.009520
4992.908099 0.009635
4992.948624 0.009752
4992.989149 0.009870
4993.029674 0.009989
4993.070200 0.010109
4993.110725 0.010230
4993.151250 0.010353
4993.191775 0.010476
4993.232300 0.010601
4993.272826 0.010727
4993.313351 0.010854
4993.353876 0.010982
4993.394401 0.011111
4993.434926 0.011242
4993.475452 0.011373
4993.515977 0.011506
4993.556502 0.011640
4993.597027 0.011775
4993.637552 0.011912
4993.678078 0.012050
4993.718603 0.012188
4993.759128 0.012329
4993.799653 0.012470
4993.840178 0.012613
4993.880704 0.012756
4993.921229 0.012902
4993.961754 0.013048
4994.002279 0.013196
4994.042805 0.013344
4994.083330 0.013495
4994.123855 0.013646
4994.164380 0.013799
4994.204905 0.013953
4994.245431 0.014108
4994.285956 0.014264
4994.326481 0.014422
4994.367006 0.014582
4994.407531 0.014742
4994.448057 0.014904
4994.488582 0.015067
4994.529107 0.015231
4994.569632 0.015397
4994.610157 0.015564
4994.650683 0.015733
4994.691208 0.015902
4994.731733 0.016074
4994.772258 0.016246
4994.812783 0.016420
4994.853309 0.016595
4994.893834 0.016772
4994.934359 0.016949
4994.974884 0.017129
4995.015409 0.017309
4995.055935 0.017491
4995.096460 0.017675
4995.136985 0.017860
4995.177510 0.018046
4995.218036 0.018233
4995.258561 0.018422
4995.299086 0.018613
4995.339611 0.018805
4995.380136 0.018998
4995.420662 0.019192
4995.461187 0.019388
4995.501712 0.019586
4995.542237 0.019785
4995.582762 0.019985
4995.623288 0.020187
4995.663813 0.020390
4995.704338 0.020594
4995.744863 0.020800
4995.785388 0.021008
4995.825914 0.021216
4995.866439 0.021427
4995.906964 0.021639
4995.947489 0.021852
4995.988014 0.022066
4996.028540 0.022282
4996.069065 0.022500
4996.109590 0.022719
4996.150115 0.022939
4996.190640 0.023161
4996.231166 0.023385
4996.271691 0.023610
4996.312216 0.023836
4996.352741 0.024064
4996.393266 0.024293
4996.433792 0.024524
4996.474317 0.024756
4996.514842 0.024990
4996.555367 0.025225
4996.595893 0.025461
4996.636418 0.025699
4996.676943 0.025939
4996.717468 0.026180
4996.757993 0.026423
4996.798519 0.026667
4996.839044 0.026912
4996.879569 0.027160
4996.920094 0.027408
4996.960619 0.027658
4997.001145 0.027910
4997.041670 0.028163
4997.082195 0.028417
4997.122720 0.028674
4997.163245 0.028931
4997.203771 0.029190
4997.244296 0.029451
4997.284821 0.029713
4997.325346 0.029977
4997.365871 0.030242
4997.406397 0.030509
4997.446922 0.030777
4997.487447 0.031047
4997.527972 0.031319
4997.568497 0.031592
4997.609023 0.031866
4997.649548 0.032142
4997.690073 0.032420
4997.730598 0.032699
4997.771124 0.032980
4997.811649 0.033262
4997.852174 0.033546
4997.892699 0.033832
4997.933224 0.034119
4997.973750 0.034408
4998.014275 0.034698
4998.054800 0.034990
4998.095325 0.035284
4998.135850 0.035579
4998.176376 0.035876
4998.216901 0.036174
4998.257426 0.036474
4998.297951 0.036776
4998.338476 0.037079
4998.379002 0.037385
4998.419527 0.037691
4998.460052 0.038000
4998.500577 0.038310
4998.541102 0.038622
4998.581628 0.038936
4998.622153 0.039252
4998.662678 0.039569
4998.703203 0.039888
4998.743728 0.040209
4998.784254 0.040531
4998.824779 0.040856
4998.865304 0.041182
4998.905829 0.041510
4998.946355 0.041840
4998.986880 0.042172
4999.027405 0.042506
4999.067930 0.042842
4999.108455 0.043179
4999.148981 0.043519
4999.189506 0.043861
4999.230031 0.044204
4999.270556 0.044550
4999.311081 0.044898
4999.351607 0.045248
4999.392132 0.045600
4999.432657 0.045954
4999.473182 0.046310
4999.513707 0.046668
4999.554233 0.047029
4999.594758 0.047392
4999.635283 0.047757
4999.675808 0.048125
4999.716333 0.048495
4999.756859 0.048867
4999.797384 0.049242
4999.837909 0.049619
4999.878434 0.049998
4999.918959 0.050381
4999.959485 0.050765
5000.000010 0.051153
5000.040535 0.051543
5000.081060 0.051935
5000.121586 0.052331
5000.162111 0.052729
5000.202636 0.053130
5000.243161 0.053533
5000.283686 0.053940
5000.324212 0.054350
5000.364737 0.054763
5000.405262 0.055178
5000.445787 0.055597
5000.486312 0.056019
5000.526838 0.056444
5000.567363 0.056873
5000.607888 0.057305
5000.648413 0.057740
5000.688938 0.058179
5000.729464 0.058621
5000.769989 0.059066
5000.810514 0.059516
5000.851039 0.059969
5000.891564 0.060425
5000.932090 0.060886
5000.972615 0.061350
5001.013140 0.061819
5001.053665 0.062291
5001.094190 0.062767
5001.134716 0.063248
5001.175241 0.063733
5001.215766 0.064222
5001.256291 0.064715
5001.296817 0.065213
5001.337342 0.065715
5001.377867 0.066222
5001.418392 0.066733
5001.458917 0.067249
5001.499443 0.067770
5001.539968 0.068296
5001.580493 0.068827
5001.621018 0.069362
5001.661543 0.069903
5001.702069 0.070449
5001.742594 0.071000
5001.783119 0.071557
5001.823644 0.072118
5001.864169 0.072686
5001.904695 0.073258
5001.945220 0.073837
5001.985745 0.074421
5002.026270 0.075011
5002.066795 0.075606
5002.107321 0.076208
5002.147846 0.076815
5002.188371 0.077429
5002.228896 0.078048
5002.269421 0.078674
5002.309947 0.079306
5002.350472 0.079945
5002.390997 0.080589
5002.431522 0.081241
5002.472048 0.081898
5002.512573 0.082563
5002.553098 0.083234
5002.593623 0.083912
5002.634148 0.084596
5002.674674 0.085287
5002.715199 0.085986
5002.755724 0.086691
5002.796249 0.087403
5002.836774 0.088122
5002.877300 0.088849
5002.917825 0.089582
5002.958350 0.090323
5002.998875 0.091070
5003.039400 0.091825
5003.079926 0.092588
5003.120451 0.093357
5003.160976 0.094134
5003.201501 0.094919
5003.242026 0.095711
5003.282552 0.096510
5003.323077 0.097316
5003.363602 0.098130
5003.404127 0.098952
5003.444652 0.099781
5003.485178 0.100617
5003.525703 0.101461
5003.566228 0.102312
5003.606753 0.103171
5003.647278 0.104037
5003.687804 0.104910
5003.728329 0.105791
5003.768854 0.106679
5003.809379 0.107574
5003.849905 0.108476
5003.890430 0.109386
5003.930955 0.110302
5003.971480 0.111226
5004.012005 0.112157
5004.052531 0.113095
5004.093056 0.114039
5004.133581 0.114990
5004.174106 0.115948
5004.214631 0.116913
5004.255157 0.117884
5004.295682 0.118861
5004.336207 0.119845
5004.376732 0.120834
5004.417257 0.121830
5004.457783 0.122832
5004.498308 0.123839
5004.538833 0.124852
5004.579358 0.125871
5004.619883 0.126894
5004.660409 0.127923
5004.700934 0.128957
5004.741459 0.129996
5004.781984 0.131039
5004.822509 0.132087
5004.863035 0.133139
5004.903560 0.134195
5004.944085 0.135255
5004.984610 0.136318
5005.025136 0.137385
5005.065661 0.138455
5005.106186 0.139528
5005.146711 0.140604
5005.187236 0.141682
5005.227762 0.142762
5005.268287 0.143844
5005.308812 0.144928
5005.349337 0.146014
5005.389862 0.147100
5005.430388 0.148187
5005.470913 0.149275
5005.511438 0.150364
5005.551963 0.151452
5005.592488 0.152540
5005.633014 0.153627
5005.673539 0.154713
5005.714064 0.155799
5005.754589 0.156882
5005.795114 0.157964
5005.835640 0.159043
5005.876165 0.160120
5005.916690 0.161194
5005.957215 0.162265
5005.997740 0.163332
5006.038266 0.164395
5006.078791 0.165454
5006.119316 0.166508
5006.159841 0.167558
5006.200367 0.168602
5006.240892 0.169640
5006.281417 0.170672
5006.321942 0.171697
5006.362467 0.172716
5006.402993 0.173728
5006.443518 0.174732
5006.484043 0.175728
5006.524568 0.176716
5006.565093 0.177695
5006.605619 0.178665
5006.646144 0.179625
5006.686669 0.180576
5006.727194 0.181517
5006.767719 0.182447
5006.808245 0.183366
5006.848770 0.184274
5006.889295 0.185170
5006.929820 0.186054
5006.970345 0.186926
5007.010871 0.187785
5007.051396 0.188631
5007.091921 0.189463
5007.132446 0.190282
5007.172971 0.191086
5007.213497 0.191876
5007.254022 0.192651
5007.294547 0.193411
5007.335072 0.194155
5007.375598 0.194883
5007.416123 0.195596
5007.456648 0.196292
5007.497173 0.196971
5007.537698 0.197633
5007.578224 0.198277
5007.618749 0.198904
5007.659274 0.199513
5007.699799 0.200104
5007.740324 0.200676
5007.780850 0.201229
5007.821375 0.201763
5007.861900 0.202279
5007.902425 0.202774
5007.942950 0.203250
5007.983476 0.203706
5008.024001 0.204142
5008.064526 0.204557
5008.105051 0.204952
5008.145576 0.205326
5008.186102 0.205679
5008.226627 0.206011
5008.267152 0.206322
5008.307677 0.206611
5008.348202 0.206879
5008.388728 0.207125
5008.429253 0.207350
5008.469778 0.207552
5008.510303 0.207733
5008.550829 0.207892
5008.591354 0.208028
5008.631879 0.208142
5008.672404 0.208234
5008.712929 0.208304
5008.753455 0.208351
5008.793980 0.208376
5008.834505 0.208379
5008.875030 0.208360
5008.915555 0.208318
5008.956081 0.208253
5008.996606 0.208167
5009.037131 0.208058
5009.077656 0.207927
5009.118181 0.207774
5009.158707 0.207599
5009.199232 0.207402
5009.239757 0.207184
5009.280282 0.206943
5009.320807 0.206681
5009.361333 0.206398
5009.401858 0.206093
5009.442383 0.205766
5009.482908 0.205419
5009.523433 0.205051
5009.563959 0.204663
5009.604484 0.204254
5009.645009 0.203824
5009.685534 0.203375
5009.726059 0.202905
5009.766585 0.202416
5009.807110 0.201908
5009.847635 0.201380
5009.888160 0.200833
5009.928686 0.200268
5009.969211 0.199684
5010.009736 0.199082
5010.050261 0.198463
5010.090786 0.197826
5010.131312 0.197171
5010.171837 0.196499
5010.212362 0.195811
5010.252887 0.195107
5010.293412 0.194386
5010.333938 0.193650
5010.374463 0.192898
5010.414988 0.192131
5010.455513 0.191349
5010.496038 0.190554
5010.536564 0.189743
5010.577089 0.188920
5010.617614 0.188083
5010.658139 0.187233
5010.698664 0.186370
5010.739190 0.185495
5010.779715 0.184608
5010.820240 0.183710
5010.860765 0.182800
5010.901290 0.181880
5010.941816 0.180949
5010.982341 0.180008
5011.022866 0.179057
5011.063391 0.178097
5011.103917 0.177128
5011.144442 0.176151
5011.184967 0.175165
5011.225492 0.174172
5011.266017 0.173171
5011.306543 0.172163
5011.347068 0.171148
5011.387593 0.170127
5011.428118 0.169100
5011.468643 0.168067
5011.509169 0.167029
5011.549694 0.165986
5011.590219 0.164939
5011.630744 0.163887
5011.671269 0.162832
5011.711795 0.161773
5011.752320 0.160710
5011.792845 0.159645
5011.833370 0.158578
5011.873895 0.157508
5011.914421 0.156437
5011.954946 0.155364
5011.995471 0.154290
5012.035996 0.153215
5012.076521 0.152139
5012.117047 0.151063
5012.157572 0.149988
5012.198097 0.148912
5012.238622 0.147837
5012.279148 0.146763
5012.319673 0.145691
5012.360198 0.144619
5012.400723 0.143550
5012.441248 0.142482
5012.481774 0.141417
5012.522299 0.140354
5012.562824 0.139293
5012.603349 0.138236
5012.643874 0.137182
5012.684400 0.136131
5012.724925 0.135084
5012.765450 0.134041
5012.805975 0.133001
5012.846500 0.131966
5012.887026 0.130936
5012.927551 0.129910
5012.968076 0.128888
5013.008601 0.127872
5013.049126 0.126861
5013.089652 0.125855
5013.130177 0.124854
5013.170702 0.123859
5013.211227 0.122870
5013.251752 0.121886
5013.292278 0.120909
5013.332803 0.119937
5013.373328 0.118972
5013.413853 0.118013
5013.454379 0.117061
5013.494904 0.116114
5013.535429 0.115175
5013.575954 0.114242
5013.616479 0.113316
5013.657005 0.112397
5013.697530 0.111485
5013.738055 0.110579
5013.778580 0.109681
5013.819105 0.108790
5013.859631 0.107905
5013.900156 0.107028
5013.940681 0.106158
5013.981206 0.105296
5014.021731 0.104440
5014.062257 0.103592
5014.102782 0.102751
5014.143307 0.101918
5014.183832 0.101091
5014.224357 0.100272
5014.264883 0.099461
5014.305408 0.098656
5014.345933 0.097859
5014.386458 0.097070
5014.426983 0.096287
5014.467509 0.095512
5014.508034 0.094744
5014.548559 0.093983
5014.589084 0.093229
5014.629610 0.092483
5014.670135 0.091743
5014.710660 0.091011
5014.751185 0.090285
5014.791710 0.089567
5014.832236 0.088856
5014.872761 0.088151
5014.913286 0.087453
5014.953811 0.086762
5014.994336 0.086078
5015.034862 0.085401
5015.075387 0.084730
5015.115912 0.084065
5015.156437 0.083407
5015.196962 0.082756
5015.237488 0.082111
5015.278013 0.081472
5015.318538 0.080839
5015.359063 0.080213
5015.399588 0.079593
5015.440114 0.078978
5015.480639 0.078370
5015.521164 0.077768
5015.561689 0.077171
5015.602214 0.076580
5015.642740 0.075995
5015.683265 0.075415
5015.723790 0.074841
5015.764315 0.074272
5015.804840 0.073709
5015.845366 0.073151
5015.885891 0.072598
5015.926416 0.072051
5015.966941 0.071508
5016.007467 0.070970
5016.047992 0.070438
5016.088517 0.069910
5016.129042 0.069387
5016.169567 0.068868
5016.210093 0.068354
5016.250618 0.067845
5016.291143 0.067340
5016.331668 0.066840
5016.372193 0.066344
5016.412719 0.065852
5016.453244 0.065365
5016.493769 0.064881
5016.534294 0.064402
5016.574819 0.063926
5016.615345 0.063455
5016.655870 0.062987
5016.696395 0.062523
5016.736920 0.062063
5016.777445 0.061607
5016.817971 0.061154
5016.858496 0.060705
5016.899021 0.060259
5016.939546 0.059817
5016.980071 0.059378
5017.020597 0.058942
5017.061122 0.058509
5017.101647 0.058080
5017.142172 0.057654
5017.182698 0.057231
5017.223223 0.056811
5017.263748 0.056394
5017.304273 0.055980
5017.344798 0.055569
5017.385324 0.055160
5017.425849 0.054755
5017.466374 0.054352
5017.506899 0.053952
5017.547424 0.053554
5017.587950 0.053160
5017.628475 0.052767
5017.669000 0.052378
5017.709525 0.051990
5017.750050 0.051606
5017.790576 0.051223
5017.831101 0.050843
5017.871626 0.050466
5017.912151 0.050090
5017.952676 0.049717
5017.993202 0.049347
5018.033727 0.048978
5018.074252 0.048612
5018.114777 0.048248
5018.155302 0.047886
5018.195828 0.047526
5018.236353 0.047168
5018.276878 0.046812
5018.317403 0.046458
5018.357929 0.046106
5018.398454 0.045757
5018.438979 0.045409
5018.479504 0.045063
5018.520029 0.044719
5018.560555 0.044377
5018.601080 0.044036
5018.641605 0.043698
5018.682130 0.043362
5018.722655 0.043027
5018.763181 0.042694
5018.803706 0.042363
5018.844231 0.042033
5018.884756 0.041706
5018.925281 0.041380
5018.965807 0.041056
5019.006332 0.040733
5019.046857 0.040413
5019.087382 0.040094
5019.127907 0.039776
5019.168433 0.039461
5019.208958 0.039147
5019.249483 0.038834
5019.290008 0.038524
5019.330533 0.038214
5019.371059 0.037907
5019.411584 0.037601
5019.452109 0.037297
5019.492634 0.036994
5019.533160 0.036693
5019.573685 0.036394
5019.614210 0.036096
5019.654735 0.035800
5019.695260 0.035505
5019.735786 0.035212
5019.776311 0.034920
5019.816836 0.034630
5019.857361 0.034341
5019.897886 0.034054
5019.938412 0.033769
5019.978937 0.033485
5020.019462 0.033202
5020.059987 0.032922
5020.100512 0.032642
5020.141038 0.032364
5020.181563 0.032088
5020.222088 0.031813
5020.262613 0.031540
5020.303138 0.031268
5020.343664 0.030998
5020.384189 0.030729
5020.424714 0.030462
5020.465239 0.030196
5020.505764 0.029932
5020.546290 0.029669
5020.586815 0.029408
5020.627340 0.029148
5020.667865 0.028889
5020.708391 0.028633
5020.748916 0.028377
5020.789441 0.028123
5020.829966 0.027871
5020.870491 0.027620
5020.911017 0.027371
5020.951542 0.027123
5020.992067 0.026876
5021.032592 0.026631
5021.073117 0.026388
5021.113643 0.026146
5021.154168 0.025905
5021.194693 0.025666
5021.235218 0.025429
5021.275743 0.025192
5021.316269 0.024958
5021.356794 0.024725
5021.397319 0.024493
5021.437844 0.024263
5021.478369 0.024034
5021.518895 0.023806
5021.559420 0.023580
5021.599945 0.023356
5021.640470 0.023133
5021.680995 0.022911
5021.721521 0.022691
5021.762046 0.022473
5021.802571 0.022255
5021.843096 0.022040
5021.883622 0.021825
5021.924147 0.021612
5021.964672 0.021401
5022.005197 0.021191
5022.045722 0.020982
5022.086248 0.020775
5022.126773 0.020570
5022.167298 0.020365
5022.207823 0.020162
5022.248348 0.019961
5022.288874 0.019761
5022.329399 0.019562
5022.369924 0.019365
5022.410449 0.019169
5022.450974 0.018975
5022.491500 0.018782
5022.532025 0.018591
5022.572550 0.018400
5022.613075 0.018212
5022.653600 0.018024
5022.694126 0.017838
5022.734651 0.017654
5022.775176 0.017470
5022.815701 0.017289
5022.856226 0.017108
5022.896752 0.016929
5022.937277 0.016751
5022.977802 0.016575
5023.018327 0.016400
5023.058852 0.016226
5023.099378 0.016054
5023.139903 0.015883
5023.180428 0.015714
5023.220953 0.015545
5023.261479 0.015378
5023.302004 0.015213
5023.342529 0.015048
5023.383054 0.014886
5023.423579 0.014724
5023.464105 0.014564
5023.504630 0.014405
5023.545155 0.014247
5023.585680 0.014090
5023.626205 0.013935
5023.666731 0.013782
5023.707256 0.013629
5023.747781 0.013478
5023.788306 0.013328
5023.828831 0.013179
5023.869357 0.013032
5023.909882 0.012885
5023.950407 0.012740
5023.990932 0.012597
5024.031457 0.012454
5024.071983 0.012313
5024.112508 0.012173
5024.153033 0.012034
5024.193558 0.011897
5024.234083 0.011760
5024.274609 0.011625
5024.315134 0.011491
5024.355659 0.011359
5024.396184 0.011227
5024.436710 0.011097
5024.477235 0.010967
5024.517760 0.010839
5024.558285 0.010713
5024.598810 0.010587
5024.639336 0.010462
5024.679861 0.010339
5024.720386 0.010217
5024.760911 0.010096
5024.801436 0.009976
5024.841962 0.009857
5024.882487 0.009739
5024.923012 0.009623
5024.963537 0.009507
5025.004062 0.009393
5025.044588 0.009279
5025.085113 0.009167
5025.125638 0.009056
5025.166163 0.008946
5025.206688 0.008837
5025.247214 0.008729
5025.287739 0.008622
5025.328264 0.008516
5025.368789 0.008412
5025.409314 0.008308
5025.449840 0.008205
5025.490365 0.008103
5025.530890 0.008003
5025.571415 0.007903
5025.611941 0.007804
5025.652466 0.007707
5025.692991 0.007610
5025.733516 0.007514
5025.774041 0.007420
5025.814567 0.007326
5025.855092 0.007233
5025.895617 0.007141
5025.936142 0.007050
5025.976667 0.006960
5026.017193 0.006871
5026.057718 0.006783
5026.098243 0.006696
5026.138768 0.006610
5026.179293 0.006525
5026.219819 0.006440
5026.260344 0.006357
5026.300869 0.006274
5026.341394 0.006192
5026.381919 0.006111
5026.422445 0.006032
5026.462970 0.005952
5026.503495 0.005874
5026.544020 0.005797
5026.584545 0.005720
5026.625071 0.005644
5026.665596 0.005570
5026.706121 0.005495
5026.746646 0.005422
5026.787172 0.005350
5026.827697 0.005278
5026.868222 0.005207
5026.908747 0.005137
5026.949272 0.005068
5026.989798 0.005000
5027.030323 0.004932
5027.070848 0.004865
5027.111373 0.004799
5027.151898 0.004733
5027.192424 0.004669
5027.232949 0.004605
5027.273474 0.004542
5027.313999 0.004479
5027.354524 0.004417
5027.395050 0.004356
5027.435575 0.004296
5027.476100 0.004237
5027.516625 0.004178
5027.557150 0.004119
5027.597676 0.004062
5027.638201 0.004005
5027.678726 0.003949
5027.719251 0.003893
5027.759776 0.003839
5027.800302 0.003785
5027.840827 0.003731
5027.881352 0.003678
5027.921877 0.003626
5027.962403 0.003574
5028.002928 0.003523
5028.043453 0.003473
5028.083978 0.003423
5028.124503 0.003374
5028.165029 0.003326
5028.205554 0.003278
5028.246079 0.003230
5028.286604 0.003184
5028.327129 0.003137
5028.367655 0.003092
5028.408180 0.003047
5028.448705 0.003002
5028.489230 0.002958
5028.529755 0.002915
5028.570281 0.002872
5028.610806 0.002830
5028.651331 0.002788
5028.691856 0.002747
5028.732381 0.002706
5028.772907 0.002666
5028.813432 0.002627
5028.853957 0.002587
5028.894482 0.002549
5028.935007 0.002511
5028.975533 0.002473
5029.016058 0.002436
5029.056583 0.002399
5029.097108 0.002363
5029.137633 0.002327
5029.178159 0.002292
5029.218684 0.002258
5029.259209 0.002223
5029.299734 0.002189
5029.340260 0.002156
5029.380785 0.002123
5029.421310 0.002090
5029.461835 0.002058
5029.502360 0.002027
5029.542886 0.001996
5029.583411 0.001965
5029.623936 0.001934
5029.664461 0.001904
5029.704986 0.001875
5029.745512 0.001846
5029.786037 0.001817
5029.826562 0.001789
5029.867087 0.001761
5029.907612 0.001733
5029.948138 0.001706
5029.988663 0.001679
5030.029188 0.001652
5030.069713 0.001626
5030.110238 0.001601
5030.150764 0.001575
5030.191289 0.001550
5030.231814 0.001526
5030.272339 0.001501
5030.312864 0.001477
5030.353390 0.001454
5030.393915 0.001430
5030.434440 0.001407
5030.474965 0.001385
5030.515491 0.001362
5030.556016 0.001340
5030.596541 0.001319
5030.637066 0.001297
5030.677591 0.001276
5030.718117 0.001255
5030.758642 0.001235
5030.799167 0.001215
5030.839692 0.001195
5030.880217 0.001175
5030.920743 0.001156
5030.961268 0.001137
5031.001793 0.001118
5031.042318 0.001100
5031.082843 0.001082
5031.123369 0.001064
5031.163894 0.001046
5031.204419 0.001029
5031.244944 0.001011
5031.285469 0.000994
5031.325995 0.000978
5031.366520 0.000961
5031.407045 0.000945
5031.447570 0.000929
5031.488095 0.000914
5031.528621 0.000898
5031.569146 0.000883
5031.609671 0.000868
5031.650196 0.000853
5031.690722 0.000839
5031.731247 0.000825
5031.771772 0.000811
5031.812297 0.000797
5031.852822 0.000783
5031.893348 0.000770
5031.933873 0.000756
5031.974398 0.000743
5032.014923 0.000731
5032.055448 0.000718
5032.095974 0.000706
5032.136499 0.000693
5032.177024 0.000681
5032.217549 0.000670
5032.258074 0.000658
5032.298600 0.000646
5032.339125 0.000635
5032.379650 0.000624
5032.420175 0.000613
5032.460700 0.000602
5032.501226 0.000592
5032.541751 0.000581
5032.582276 0.000571
5032.622801 0.000561
5032.663326 0.000551
5032.703852 0.000541
5032.744377 0.000532
5032.784902 0.000522
5032.825427 0.000513
5032.865953 0.000504
5032.906478 0.000495
5032.947003 0.000486
5032.987528 0.000477
5033.028053 0.000468
5033.068579 0.000460
5033.109104 0.000452
5033.149629 0.000444
5033.190154 0.000435
5033.230679 0.000428
5033.271205 0.000420
5033.311730 0.000412
5033.352255 0.000405
5033.392780 0.000397
5033.433305 0.000390
5033.473831 0.000383
5033.514356 0.000376
5033.554881 0.000369
5033.595406 0.000362
5033.635931 0.000355
5033.676457 0.000349
5033.716982 0.000342
5033.757507 0.000336
5033.798032 0.000330
5033.838557 0.000324
5033.879083 0.000318
5033.919608 0.000312
5033.960133 0.000306
5034.000658 0.000300
5034.041184 0.000295
5034.081709 0.000289
5034.122234 0.000284
5034.162759 0.000278
5034.203284 0.000273
5034.243810 0.000268
5034.284335 0.000263
5034.324860 0.000258
5034.365385 0.000253
5034.405910 0.000248
5034.446436 0.000243
5034.486961 0.000239
5034.527486 0.000234
5034.568011 0.000230
5034.608536 0.000225
5034.649062 0.000221
5034.689587 0.000217
5034.730112 0.000213
5034.770637 0.000209
5034.811162 0.000204
5034.851688 0.000201
5034.892213 0.000197
5034.932738 0.000193
5034.973263 0.000189
5035.013788 0.000185
5035.054314 0.000182
5035.094839 0.000178
5035.135364 0.000175
5035.175889 0.000171
5035.216414 0.000168
5035.256940 0.000165
5035.297465 0.000161
5035.337990 0.000158
5035.378515 0.000155
5035.419041 0.000152
5035.459566 0.000149
5035.500091 0.000146
5035.540616 0.000143
5035.581141 0.000140
5035.621667 0.000138
5035.662192 0.000135
5035.702717 0.000132
5035.743242 0.000130
5035.783767 0.000127
5035.824293 0.000124
5035.864818 0.000122
5035.905343 0.000119
5035.945868 0.000117
5035.986393 0.000115
5036.026919 0.000112
5036.067444 0.000110
5036.107969 0.000108
5036.148494 0.000106
5036.189019 0.000104
5036.229545 0.000101
5036.270070 0.000099
5036.310595 0.000097
5036.351120 0.000095
5036.391645 0.000093
5036.432171 0.000091
5036.472696 0.000090
5036.513221 0.000088
5036.553746 0.000086
5036.594272 0.000084
5036.634797 0.000082
5036.675322 0.000081
5036.715847 0.000079
5036.756372 0.000077
5036.796898 0.000076
5036.837423 0.000074
5036.877948 0.000073
5036.918473 0.000071
5036.958998 0.000070
5036.999524 0.000068
5037.040049 0.000067
5037.080574 0.000065
5037.121099 0.000064
5037.161624 0.000063
5037.202150 0.000061
5037.242675 0.000060
5037.283200 0.000059
5037.323725 0.000058
5037.364250 0.000056
5037.404776 0.000055
5037.445301 0.000054
5037.485826 0.000053
5037.526351 0.000052
5037.566876 0.000051
5037.607402 0.000049
5037.647927 0.000048
5037.688452 0.000047
5037.728977 0.000046
5037.769503 0.000045
5037.810028 0.000044
5037.850553 0.000043
5037.891078 0.000043
5037.931603 0.000042
5037.972129 0.000041
5038.012654 0.000040
5038.053179 0.000039
5038.093704 0.000038
5038.134229 0.000037
5038.174755 0.000036
5038.215280 0.000036
5038.255805 0.000035
5038.296330 0.000034
5038.336855 0.000033
5038.377381 0.000033
5038.417906 0.000032
5038.458431 0.000031
5038.498956 0.000031
5038.539481 0.000030
5038.580007 0.000029
5038.620532 0.000029
5038.661057 0.000028
5038.701582 0.000027
5038.742107 0.000027
5038.782633 0.000026
5038.823158 0.000026
5038.863683 0.000025
5038.904208 0.000024
5038.944734 0.000024
5038.985259 0.000023
5039.025784 0.000023
5039.066309 0.000022
5039.106834 0.000022
5039.147360 0.000021
5039.187885 0.000021
5039.228410 0.000020
5039.268935 0.000020
5039.309460 0.000019
5039.349986 0.000019
5039.390511 0.000019
5039.431036 0.000018
5039.471561 0.000018
5039.512086 0.000017
5039.552612 0.000017
5039.593137 0.000017
5039.633662 0.000016
5039.674187 0.000016
5039.714712 0.000015
5039.755238 0.000015
5039.795763 0.000015
5039.836288 0.000014
5039.876813 0.000014
5039.917338 0.000014
5039.957864 0.000013
5039.998389 0.000013
5040.038914 0.000013
5040.079439 0.000013
5040.119965 0.000012
5040.160490 0.000012
5040.201015 0.000012
5040.241540 0.000011
5040.282065 0.000011
5040.322591 0.000011
5040.363116 0.000011
5040.403641 0.000010
5040.444166 0.000010
5040.484691 0.000010
5040.525217 0.000010
5040.565742 0.000009
5040.606267 0.000009
5040.646792 0.000009
5040.687317 0.000009
5040.727843 0.000009
5040.768368 0.000008
5040.808893 0.000008
5040.849418 0.000008
5040.889943 0.000008
5040.930469 0.000008
5040.970994 0.000007
5041.011519 0.000007
5041.052044 0.000007
5041.092569 0.000007
5041.133095 0.000007
5041.173620 0.000007
5041.214145 0.000006
5041.254670 0.000006
5041.295195 0.000006
5041.335721 0.000006
5041.376246 0.000006
5041.416771 0.000006
5041.457296 0.000006
5041.497822 0.000005
5041.538347 0.000005
5041.578872 0.000005
5041.619397 0.000005
5041.659922 0.000005
5041.700448 0.000005
5041.740973 0.000005
5041.781498 0.000005
5041.822023 0.000004
5041.862548 0.000004
5041.903074 0.000004
5041.943599 0.000004
5041.984124 0.000004
5042.024649 0.000004
5042.065174 0.000004
5042.105700 0.000004
5042.146225 0.000004
5042.186750 0.000004
5042.227275 0.000003
5042.267800 0.000003
5042.308326 0.000003
5042.348851 0.000003
5042.389376 0.000003
5042.429901 0.000003
5042.470426 0.000003
5042.510952 0.000003
5042.551477 0.000003
5042.592002 0.000003
5042.632527 0.000003
5042.673053 0.000003
5042.713578 0.000003
5042.754103 0.000002
5042.794628 0.000002
5042.835153 0.000002
5042.875679 0.000002
5042.916204 0.000002
5042.956729 0.000002
5042.997254 0.000002
5043.037779 0.000002
5043.078305 0.000002
5043.118830 0.000002
5043.159355 0.000002
5043.199880 0.000002
5043.240405 0.000002
5043.280931 0.000002
5043.321456 0.000002
5043.361981 0.000002
5043.402506 0.000002
5043.443031 0.000002
5043.483557 0.000002
5043.524082 0.000002
5043.564607 0.000001
5043.605132 0.000001
5043.645657 0.000001
5043.686183 0.000001
5043.726708 0.000001
5043.767233 0.000001
5043.807758 0.000001
5043.848284 0.000001
5043.888809 0.000001
5043.929334 0.000001
5043.969859 0.000001
5044.010384 0.000001
5044.050910 0.000001
5044.091435 0.000001
5044.131960 0.000001
5044.172485 0.000001
5044.213010 0.000001
5044.253536 0.000001
5044.294061 0.000001
5044.334586 0.000001
5044.375111 0.000001
5044.415636 0.000001
5044.456162 0.000001
5044.496687 0.000001
5044.537212 0.000001
5044.577737 0.000001
5044.618262 0.000001
5044.658788 0.000001
5044.699313 0.000001
5044.739838 0.000001
5044.780363 0.000001
5044.820888 0.000001
5044.861414 0.000001
5044.901939 0.000001
5044.942464 0.000001
5044.982989 0.000001
5045.023515 0.000001
5045.064040 0.000001
5045.104565 0.000001
5045.145090 0.000001
5045.185615 0.000001
5045.226141 0.000000
5045.266666 0.000000
5045.307191 0.000000
5045.347716 0.000000
5045.388241 0.000000
5045.428767 0.000000
5045.469292 0.000000
5045.509817 0.000000
5045.550342 0.000000
5045.590867 0.000000
5045.631393 0.000000
5045.671918 0.000000
5045.712443 0.000000
5045.752968 0.000000
5045.793493 0.000000
5045.834019 0.000000
5045.874544 0.000000
5045.915069 0.000000
5045.955594 0.000000
5045.996119 0.000000
5046.036645 0.000000
5046.077170 0.000000
5046.117695 0.000000
5046.158220 0.000000
5046.198746 0.000000
5046.239271 0.000000
5046.279796 0.000000
5046.320321 0.000000
5046.360846 0.000000
5046.401372 0.000000
5046.441897 0.000000
5046.482422 0.000000
5046.522947 0.000000
5046.563472 0.000000
5046.603998 0.000000
5046.644523 0.000000
5046.685048 0.000000
5046.725573 0.000000
5046.766098 0.000000
5046.806624 0.000000
5046.847149 0.000000
5046.887674 0.000000
5046.928199 0.000000
5046.968724 0.000000
5047.009250 0.000000
5047.049775 0.000000
5047.090300 0.000000
5047.130825 0.000000
5047.171350 0.000000
5047.211876 0.000000
5047.252401 0.000000
5047.292926 0.000000
5047.333451 0.000000
5047.373977 0.000000
5047.414502 0.000000
5047.455027 0.000000
5047.495552 0.000000
5047.536077 0.000000
5047.576603 0.000000
5047.617128 0.000000
5047.657653 0.000000
5047.698178 0.000000
5047.738703 0.000000
5047.779229 0.000000
5047.819754 0.000000
5047.860279 0.000000
5047.900804 0.000000
5047.941329 0.000000
5047.981855 0.000000
5048.022380 0.000000
5048.062905 0.000000
5048.103430 0.000000
5048.143955 0.000000
5048.184481 0.000000
5048.225006 0.000000
5048.265531 0.000000
5048.306056 0.000000
5048.346581 0.000000
5048.387107 0.000000
5048.427632 0.000000
5048.468157 0.000000
5048.508682 0.000000
5048.549207 0.000000
5048.589733 0.000000
5048.630258 0.000000
5048.670783 0.000000
5048.711308 0.000000
5048.751834 0.000000
5048.792359 0.000000
5048.832884 0.000000
5048.873409 0.000000
5048.913934 0.000000
5048.954460 0.000000
5048.994985 0.000000
5049.035510 0.000000
5049.076035 0.000000
5049.116560 0.000000
5049.157086 0.000000
5049.197611 0.000000
5049.238136 0.000000
5049.278661 0.000000
5049.319186 0.000000
5049.359712 0.000000
5049.400237 0.000000
5049.440762 0.000000
5049.481287 0.000000
5049.521812 0.000000
5049.562338 0.000000
5049.602863 0.000000
5049.643388 0.000000
5049.683913 0.000000
5049.724438 0.000000
5049.764964 0.000000
5049.805489 0.000000
5049.846014 0.000000
5049.886539 0.000000
5049.927065 0.000000
5049.967590 0.000000
5050.008115 0.000000
5050.048640 0.000000
5050.089165 0.000000
5050.129691 0.000000
5050.170216 0.000000
5050.210741 0.000000
5050.251266 0.000000
5050.291791 0.000000
5050.332317 0.000000
5050.372842 0.000000
5050.413367 0.000000
5050.453892 0.000000
5050.494417 0.000000
5050.534943 0.000000
5050.575468 0.000000
5050.615993 0.000000
5050.656518 0.000000
5050.697043 0.000000
5050.737569 0.000000
5050.778094 0.000000
5050.818619 0.000000
5050.859144 0.000000
5050.899669 0.000000
5050.940195 0.000000
5050.980720 0.000000
5051.021245 0.000000
5051.061770 0.000000
5051.102296 0.000000
5051.142821 0.000000
5051.183346 0.000000
5051.223871 0.000000
5051.264396 0.000000
5051.304922 0.000000
5051.345447 0.000000
5051.385972 0.000000
5051.426497 0.000000
5051.467022 0.000000
5051.507548 0.000000
5051.548073 0.000000
5051.588598 0.000000
5051.629123 0.000000
5051.669648 0.000000
5051.710174 0.000000
5051.750699 0.000000
5051.791224 0.000000
5051.831749 0.000000
5051.872274 0.000000
5051.912800 0.000000
5051.953325 0.000000
5051.993850 0.000000
5052.034375 0.000000
5052.074900 0.000000
5052.115426 0.000000
5052.155951 0.000000
5052.196476 0.000000
5052.237001 0.000000
5052.277527 0.000000
5052.318052 0.000000
5052.358577 0.000000
5052.399102 0.000000
5052.439627 0.000000
5052.480153 0.000000
5052.520678 0.000000
5052.561203 0.000000
5052.601728 0.000000
5052.642253 0.000000
5052.682779 0.000000
5052.723304 0.000000
5052.763829 0.000000
5052.804354 0.000000
5052.844879 0.000000
5052.885405 0.000000
5052.925930 0.000000
5052.966455 0.000000
5053.006980 0.000000
5053.047505 0.000000
5053.088031 0.000000
5053.128556 0.000000
5053.169081 0.000000
5053.209606 0.000000
5053.250131 0.000000
5053.290657 0.000000
5053.331182 0.000000
5053.371707 0.000000
5053.412232 0.000000
5053.452758 0.000000
5053.493283 0.000000
5053.533808 0.000000
5053.574333 0.000000
5053.614858 0.000000
5053.655384 0.000000
5053.695909 0.000000
5053.736434 0.000000
5053.776959 0.000000
5053.817484 0.000000
5053.858010 0.000000
5053.898535 0.000000
5053.939060 0.000000
5053.979585 0.000000
5054.020110 0.000000
5054.060636 0.000000
5054.101161 0.000000
5054.141686 0.000000
5054.182211 0.000000
5054.222736 0.000000
5054.263262 0.000000
5054.303787 0.000000
5054.344312 0.000000
5054.384837 0.000000
5054.425362 0.000000
5054.465888 0.000000
5054.506413 0.000000
5054.546938 0.000000
5054.587463 0.000000
5054.627988 0.000000
5054.668514 0.000000
5054.709039 0.000000
5054.749564 0.000000
5054.790089 0.000000
5054.830615 0.000000
5054.871140 0.000000
5054.911665 0.000000
5054.952190 0.000000
5054.992715 0.000000
5055.033241 0.000000
5055.073766 0.000000
5055.114291 0.000000
5055.154816 0.000000
5055.195341 0.000000
5055.235867 0.000000
5055.276392 0.000000
5055.316917 0.000000
5055.357442 0.000000
5055.397967 0.000000
5055.438493 0.000000
5055.479018 0.000000
5055.519543 0.000000
5055.560068 0.000000
5055.600593 0.000000
5055.641119 0.000000
5055.681644 0.000000
5055.722169 0.000000
5055.762694 0.000000
5055.803219 0.000000
5055.843745 0.000000
5055.884270 0.000000
5055.924795 0.000000
5055.965320 0.000000
5056.005846 0.000000
5056.046371 0.000000
5056.086896 0.000000
5056.127421 0.000000
5056.167946 0.000000
5056.208472 0.000000
5056.248997 0.000000
5056.289522 0.000000
5056.330047 0.000000
5056.370572 0.000000
5056.411098 0.000000
5056.451623 0.000000
5056.492148 0.000000
5056.532673 0.000000
5056.573198 0.000000
5056.613724 0.000000
5056.654249 0.000000
5056.694774 0.000000
5056.735299 0.000000
5056.775824 0.000000
5056.816350 0.000000
5056.856875 0.000000
5056.897400 0.000000
5056.937925 0.000000
5056.978450 0.000000
5057.018976 0.000000
5057.059501 0.000000
5057.100026 0.000000
5057.140551 0.000000
5057.181077 0.000000
5057.221602 0.000000
5057.262127 0.000000
5057.302652 0.000000
5057.343177 0.000000
5057.383703 0.000000
5057.424228 0.000000
5057.464753 0.000000
5057.505278 0.000000
5057.545803 0.000000
5057.586329 0.000000
5057.626854 0.000000
5057.667379 0.000000
5057.707904 0.000000
5057.748429 0.000000
5057.788955 0.000000
5057.829480 0.000000
5057.870005 0.000000
5057.910530 0.000000
5057.951055 0.000000
5057.991581 0.000000
5058.032106 0.000000
5058.072631 0.000000
5058.113156 0.000000
5058.153681 0.000000
5058.194207 0.000000
5058.234732 0.000000
5058.275257 0.000000
5058.315782 0.000000
5058.356308 0.000000
5058.396833 0.000000
5058.437358 0.000000
5058.477883 0.000000
5058.518408 0.000000
5058.558934 0.000000
5058.599459 0.000000
5058.639984 0.000000
5058.680509 0.000000
5058.721034 0.000000
5058.761560 0.000000
5058.802085 0.000000
5058.842610 0.000000
5058.883135 0.000000
5058.923660 0.000000
5058.964186 0.000000
5059.004711 0.000000
5059.045236 0.000000
5059.085761 0.000000
5059.126286 0.000000
5059.166812 0.000000
5059.207337 0.000000
5059.247862 0.000000
5059.288387 0.000000
5059.328912 0.000000
5059.369438 0.000000
5059.409963 0.000000
5059.450488 0.000000
5059.491013 0.000000
5059.531539 0.000000
5059.572064 0.000000
5059.612589 0.000000
5059.653114 0.000000
5059.693639 0.000000
5059.734165 0.000000
5059.774690 0.000000
5059.815215 0.000000
5059.855740 0.000000
5059.896265 0.000000
5059.936791 0.000000
5059.977316 0.000000
5060.017841 0.000000
5060.058366 0.000000
5060.098891 0.000000
5060.139417 0.000000
5060.179942 0.000000
5060.220467 0.000000
5060.260992 0.000000
5060.301517 0.000000
5060.342043 0.000000
5060.382568 0.000000
5060.423093 0.000000
5060.463618 0.000000
5060.504143 0.000000
5060.544669 0.000000
5060.585194 0.000000
5060.625719 0.000000
5060.666244 0.000000
5060.706769 0.000000
5060.747295 0.000000
5060.787820 0.000000
5060.828345 0.000000
5060.868870 0.000000
5060.909396 0.000000
5060.949921 0.000000
5060.990446 0.000000
5061.030971 0.000000
5061.071496 0.000000
5061.112022 0.000000
5061.152547 0.000000
5061.193072 0.000000
5061.233597 0.000000
5061.274122 0.000000
5061.314648 0.000000
5061.355173 0.000000
5061.395698 0.000000
5061.436223 0.000000
5061.476748 0.000000
5061.517274 0.000000
5061.557799 0.000000
5061.598324 0.000000
5061.638849 0.000000
5061.679374 0.000000
5061.719900 0.000000
5061.760425 0.000000
5061.800950 0.000000
5061.841475 0.000000
5061.882000 0.000000
5061.922526 0.000000
5061.963051 0.000000
5062.003576 0.000000
5062.044101 0.000000
5062.084627 0.000000
5062.125152 0.000000
5062.165677 0.000000
5062.206202 0.000000
5062.246727 0.000000
5062.287253 0.000000
5062.327778 0.000000
5062.368303 0.000000
5062.408828 0.000000
5062.449353 0.000000
5062.489879 0.000000
5062.530404 0.000000
5062.570929 0.000000
5062.611454 0.000000
5062.651979 0.000000
5062.692505 0.000000
5062.733030 0.000000
5062.773555 0.000000
5062.814080 0.000000
5062.854605 0.000000
5062.895131 0.000000
5062.935656 0.000000
5062.976181 0.000000
5063.016706 0.000000
5063.057231 0.000000
5063.097757 0.000000
5063.138282 0.000000
5063.178807 0.000000
5063.219332 0.000000
5063.259858 0.000000
5063.300383 0.000000
5063.340908 0.000000
5063.381433 0.000000
5063.421958 0.000000
5063.462484 0.000000
5063.503009 0.000000
5063.543534 0.000000
5063.584059 0.000000
5063.624584 0.000000
5063.665110 0.000000
5063.705635 0.000000
5063.746160 0.000000
5063.786685 0.000000
5063.827210 0.000000
5063.867736 0.000000
5063.908261 0.000000
5063.948786 0.000000
5063.989311 0.000000
5064.029836 0.000000
5064.070362 0.000000
5064.110887 0.000000
5064.151412 0.000000
5064.191937 0.000000
5064.232462 0.000000
5064.272988 0.000000
5064.313513 0.000000
5064.354038 0.000000
5064.394563 0.000000
5064.435089 0.000000
5064.475614 0.000000
5064.516139 0.000000
5064.556664 0.000000
5064.597189 0.000000
5064.637715 0.000000
5064.678240 0.000000
5064.718765 0.000000
5064.759290 0.000000
5064.799815 0.000000
5064.840341 0.000000
5064.880866 0.000000
5064.921391 0.000000
5064.961916 0.000000
5065.002441 0.000000
5065.042967 0.000000
5065.083492 0.000000
5065.124017 0.000000
5065.164542 0.000000
5065.205067 0.000000
5065.245593 0.000000
5065.286118 0.000000
5065.326643 0.000000
5065.367168 0.000000
5065.407693 0.000000
5065.448219 0.000000
5065.488744 0.000000
5065.529269 0.000000
5065.569794 0.000000
5065.610320 0.000000
5065.650845 0.000000
5065.691370 0.000000
5065.731895 0.000000
5065.772420 0.000000
5065.812946 0.000000
5065.853471 0.000000
5065.893996 0.000000
5065.934521 0.000000
5065.975046 0.000000
5066.015572 0.000000
5066.056097 0.000000
5066.096622 0.000000
5066.137147 0.000000
5066.177672 0.000000
5066.218198 0.000000
5066.258723 0.000000
5066.299248 0.000000
5066.339773 0.000000
5066.380298 0.000000
5066.420824 0.000000
5066.461349 0.000000
5066.501874 0.000000
5066.542399 0.000000
5066.582924 0.000000
5066.623450 0.000000
5066.663975 0.000000
5066.704500 0.000000
5066.745025 0.000000
5066.785551 0.000000
5066.826076 0.000000
5066.866601 0.000000
5066.907126 0.000000
5066.947651 0.000000
5066.988177 0.000000
5067.028702 0.000000
5067.069227 0.000000
5067.109752 0.000000
5067.150277 0.000000
5067.190803 0.000000
5067.231328 0.000000
5067.271853 0.000000
5067.312378 0.000000
5067.352903 0.000000
5067.393429 0.000000
5067.433954 0.000000
5067.474479 0.000000
5067.515004 0.000000
5067.555529 0.000000
5067.596055 0.000000
5067.636580 0.000000
5067.677105 0.000000
5067.717630 0.000000
5067.758155 0.000000
5067.798681 0.000000
5067.839206 0.000000
5067.879731 0.000000
5067.920256 0.000000
5067.960781 0.000000
5068.001307 0.000000
5068.041832 0.000000
5068.082357 0.000000
5068.122882 0.000000
5068.163408 0.000000
5068.203933 0.000000
5068.244458 0.000000
5068.284983 0.000000
5068.325508 0.000000
5068.366034 0.000000
5068.406559 0.000000
5068.447084 0.000000
5068.487609 0.000000
5068.528134 0.000000
5068.568660 0.000000
5068.609185 0.000000
5068.649710 0.000000
5068.690235 0.000000
5068.730760 0.000000
5068.771286 0.000000
5068.811811 0.000000
5068.852336 0.000000
5068.892861 0.000000
5068.933386 0.000000
5068.973912 0.000000
5069.014437 0.000000
5069.054962 0.000000
5069.095487 0.000000
5069.136012 0.000000
5069.176538 0.000000
5069.217063 0.000000
5069.257588 0.000000
5069.298113 0.000000
5069.338639 0.000000
5069.379164 0.000000
5069.419689 0.000000
5069.460214 0.000000
5069.500739 0.000000
5069.541265 0.000000
5069.581790 0.000000
5069.622315 0.000000
5069.662840 0.000000
5069.703365 0.000000
5069.743891 0.000000
5069.784416 0.000000
5069.824941 0.000000
5069.865466 0.000000
5069.905991 0.000000
5069.946517 0.000000
5069.987042 0.000000
