4900.038345 0.000000
4900.086678 0.000000
4900.135010 0.000000
4900.183342 0.000000
4900.231675 0.000000
4900.280007 0.000000
4900.328340 0.000000
4900.376672 0.000000
4900.425004 0.000000
4900.473337 0.000000
4900.521669 0.000000
4900.570002 0.000000
4900.618334 0.000000
4900.666666 0.000000
4900.714999 0.000000
4900.763331 0.000000
4900.811663 0.000000
4900.859996 0.000000
4900.908328 0.000000
4900.956661 0.000000
4901.004993 0.000000
4901.053325 0.000000
4901.101658 0.000000
4901.149990 0.000000
4901.198323 0.000000
4901.246655 0.000000
4901.294987 0.000000
4901.343320 0.000000
4901.391652 0.000000
4901.439985 0.000000
4901.488317 0.000000
4901.536649 0.000000
4901.584982 0.000000
4901.633314 0.000000
4901.681646 0.000000
4901.729979 0.000000
4901.778311 0.000000
4901.826644 0.000000
4901.874976 0.000000
4901.923308 0.000000
4901.971641 0.000000
4902.019973 0.000000
4902.068306 0.000000
4902.116638 0.000000
4902.164970 0.000000
4902.213303 0.000000
4902.261635 0.000000
4902.309968 0.000000
4902.358300 0.000000
4902.406632 0.000000
4902.454965 0.000000
4902.503297 0.000000
4902.551629 0.000000
4902.599962 0.000000
4902.648294 0.000000
4902.696627 0.000000
4902.744959 0.000000
4902.793291 0.000000
4902.841624 0.000000
4902.889956 0.000000
4902.938289 0.000000
4902.986621 0.000000
4903.034953 0.000000
4903.083286 0.000000
4903.131618 0.000000
4903.179951 0.000000
4903.228283 0.000000
4903.276615 0.000000
4903.324948 0.000000
4903.373280 0.000000
4903.421612 0.000000
4903.469945 0.000000
4903.518277 0.000000
4903.566610 0.000000
4903.614942 0.000000
4903.663274 0.000000
4903.711607 0.000000
4903.759939 0.000000
4903.808272 0.000000
4903.856604 0.000000
4903.904936 0.000000
4903.953269 0.000000
4904.001601 0.000000
4904.049934 0.000000
4904.098266 0.000000
4904.146598 0.000000
4904.194931 0.000000
4904.243263 0.000000
4904.291595 0.000000
4904.339928 0.000000
4904.388260 0.000000
4904.436593 0.000000
4904.484925 0.000000
4904.533257 0.000000
4904.581590 0.000000
4904.629922 0.000000
4904.678255 0.000000
4904.726587 0.000000
4904.774919 0.000000
4904.823252 0.000000
4904.871584 0.000000
4904.919917 0.000000
4904.968249 0.000000
4905.016581 0.000000
4905.064914 0.000000
4905.113246 0.000000
4905.161578 0.000000
4905.209911 0.000000
4905.258243 0.000000
4905.306576 0.000000
4905.354908 0.000000
4905.403240 0.000000
4905.451573 0.000000
4905.499905 0.000000
4905.548238 0.000000
4905.596570 0.000000
4905.644902 0.000000
4905.693235 0.000000
4905.741567 0.000000
4905.789900 0.000000
4905.838232 0.000000
4905.886564 0.000000
4905.934897 0.000000
4905.983229 0.000000
4906.031561 0.000000
4906.079894 0.000000
4906.128226 0.000000
4906.176559 0.000000
4906.224891 0.000000
4906.273223 0.000000
4906.321556 0.000000
4906.369888 0.000000
4906.418221 0.000000
4906.466553 0.000000
4906.514885 0.000000
4906.563218 0.000000
4906.611550 0.000000
4906.659883 0.000000
4906.708215 0.000000
4906.756547 0.000000
4906.804880 0.000000
4906.853212 0.000000
4906.901544 0.000000
4906.949877 0.000000
4906.998209 0.000000
4907.046542 0.000000
4907.094874 0.000000
4907.143206 0.000000
4907.191539 0.000000
4907.239871 0.000000
4907.288204 0.000000
4907.336536 0.000000
4907.384868 0.000000
4907.433201 0.000000
4907.481533 0.000000
4907.529866 0.000000
4907.578198 0.000000
4907.626530 0.000000
4907.674863 0.000000
4907.723195 0.000000
4907.771527 0.000000
4907.819860 0.000000
4907.868192 0.000000
4907.916525 0.000000
4907.964857 0.000000
4908.013189 0.000000
4908.061522 0.000000
4908.109854 0.000000
4908.158187 0.000000
4908.206519 0.000000
4908.254851 0.000000
4908.303184 0.000000
4908.351516 0.000000
4908.399849 0.000000
4908.448181 0.000000
4908.496513 0.000000
4908.544846 0.000000
4908.593178 0.000000
4908.641510 0.000000
4908.689843 0.000000
4908.738175 0.000000
4908.786508 0.000000
4908.834840 0.000000
4908.883172 0.000000
4908.931505 0.000000
4908.979837 0.000000
4909.028170 0.000000
4909.076502 0.000000
4909.124834 0.000000
4909.173167 0.000000
4909.221499 0.000000
4909.269832 0.000000
4909.318164 0.000000
4909.366496 0.000000
4909.414829 0.000000
4909.463161 0.000000
4909.511493 0.000000
4909.559826 0.000000
4909.608158 0.000000
4909.656491 0.000000
4909.704823 0.000000
4909.753155 0.000000
4909.801488 0.000000
4909.849820 0.000000
4909.898153 0.000000
4909.946485 0.000000
4909.994817 0.000000
4910.043150 0.000000
4910.091482 0.000000
4910.139815 0.000000
4910.188147 0.000000
4910.236479 0.000000
4910.284812 0.000000
4910.333144 0.000000
4910.381477 0.000000
4910.429809 0.000000
4910.478141 0.000000
4910.526474 0.000000
4910.574806 0.000000
4910.623138 0.000000
4910.671471 0.000000
4910.719803 0.000000
4910.768136 0.000000
4910.816468 0.000000
4910.864800 0.000000
4910.913133 0.000000
4910.961465 0.000000
4911.009798 0.000000
4911.058130 0.000000
4911.106462 0.000000
4911.154795 0.000000
4911.203127 0.000000
4911.251460 0.000000
4911.299792 0.000000
4911.348124 0.000000
4911.396457 0.000000
4911.444789 0.000000
4911.493121 0.000000
4911.541454 0.000000
4911.589786 0.000000
4911.638119 0.000000
4911.686451 0.000000
4911.734783 0.000000
4911.783116 0.000000
4911.831448 0.000000
4911.879781 0.000000
4911.928113 0.000000
4911.976445 0.000000
4912.024778 0.000000
4912.073110 0.000000
4912.121443 0.000000
4912.169775 0.000000
4912.218107 0.000000
4912.266440 0.000000
4912.314772 0.000000
4912.363104 0.000000
4912.411437 0.000000
4912.459769 0.000000
4912.508102 0.000000
4912.556434 0.000000
4912.604766 0.000000
4912.653099 0.000000
4912.701431 0.000000
4912.749764 0.000000
4912.798096 0.000000
4912.846428 0.000000
4912.894761 0.000000
4912.943093 0.000000
4912.991426 0.000000
4913.039758 0.000000
4913.088090 0.000000
4913.136423 0.000000
4913.184755 0.000000
4913.233087 0.000000
4913.281420 0.000000
4913.329752 0.000000
4913.378085 0.000000
4913.426417 0.000000
4913.474749 0.000000
4913.523082 0.000000
4913.571414 0.000000
4913.619747 0.000000
4913.668079 0.000000
4913.716411 0.000000
4913.764744 0.000000
4913.813076 0.000000
4913.861409 0.000000
4913.909741 0.000000
4913.958073 0.000000
4914.006406 0.000000
4914.054738 0.000000
4914.103070 0.000000
4914.151403 0.000000
4914.199735 0.000000
4914.248068 0.000000
4914.296400 0.000000
4914.344732 0.000000
4914.393065 0.000000
4914.441397 0.000000
4914.489730 0.000000
4914.538062 0.000000
4914.586394 0.000000
4914.634727 0.000000
4914.683059 0.000000
4914.731392 0.000000
4914.779724 0.000000
4914.828056 0.000000
4914.876389 0.000000
4914.924721 0.000000
4914.973053 0.000000
4915.021386 0.000000
4915.069718 0.000000
4915.118051 0.000000
4915.166383 0.000000
4915.214715 0.000000
4915.263048 0.000000
4915.311380 0.000000
4915.359713 0.000000
4915.408045 0.000000
4915.456377 0.000000
4915.504710 0.000000
4915.553042 0.000000
4915.601375 0.000000
4915.649707 0.000000
4915.698039 0.000000
4915.746372 0.000000
4915.794704 0.000000
4915.843036 0.000000
4915.891369 0.000000
4915.939701 0.000000
4915.988034 0.000000
4916.036366 0.000000
4916.084698 0.000000
4916.133031 0.000000
4916.181363 0.000000
4916.229696 0.000000
4916.278028 0.000000
4916.326360 0.000000
4916.374693 0.000000
4916.423025 0.000000
4916.471358 0.000000
4916.519690 0.000000
4916.568022 0.000000
4916.616355 0.000000
4916.664687 0.000000
4916.713019 0.000000
4916.761352 0.000000
4916.809684 0.000000
4916.858017 0.000000
4916.906349 0.000000
4916.954681 0.000000
4917.003014 0.000000
4917.051346 0.000000
4917.099679 0.000000
4917.148011 0.000000
4917.196343 0.000000
4917.244676 0.000000
4917.293008 0.000000
4917.341341 0.000000
4917.389673 0.000000
4917.438005 0.000000
4917.486338 0.000000
4917.534670 0.000000
4917.583002 0.000000
4917.631335 0.000000
4917.679667 0.000000
4917.728000 0.000000
4917.776332 0.000000
4917.824664 0.000000
4917.872997 0.000000
4917.921329 0.000000
4917.969662 0.000000
4918.017994 0.000000
4918.066326 0.000000
4918.114659 0.000000
4918.162991 0.000000
4918.211324 0.000000
4918.259656 0.000000
4918.307988 0.000000
4918.356321 0.000000
4918.404653 0.000000
4918.452985 0.000000
4918.501318 0.000000
4918.549650 0.000000
4918.597983 0.000000
4918.646315 0.000000
4918.694647 0.000000
4918.742980 0.000000
4918.791312 0.000000
4918.839645 0.000000
4918.887977 0.000000
4918.936309 0.000000
4918.984642 0.000000
4919.032974 0.000000
4919.081307 0.000000
4919.129639 0.000000
4919.177971 0.000000
4919.226304 0.000000
4919.274636 0.000000
4919.322968 0.000000
4919.371301 0.000000
4919.419633 0.000000
4919.467966 0.000000
4919.516298 0.000000
4919.564630 0.000000
4919.612963 0.000000
4919.661295 0.000000
4919.709628 0.000000
4919.757960 0.000000
4919.806292 0.000000
4919.854625 0.000000
4919.902957 0.000000
4919.951290 0.000000
4919.999622 0.000000
4920.047954 0.000000
4920.096287 0.000000
4920.144619 0.000000
4920.192951 0.000000
4920.241284 0.000000
4920.289616 0.000000
4920.337949 0.000000
4920.386281 0.000000
4920.434613 0.000000
4920.482946 0.000000
4920.531278 0.000000
4920.579611 0.000000
4920.627943 0.000000
4920.676275 0.000000
4920.724608 0.000000
4920.772940 0.000000
4920.821273 0.000000
4920.869605 0.000000
4920.917937 0.000000
4920.966270 0.000000
4921.014602 0.000000
4921.062934 0.000000
4921.111267 0.000000
4921.159599 0.000000
4921.207932 0.000000
4921.256264 0.000000
4921.304596 0.000000
4921.352929 0.000000
4921.401261 0.000000
4921.449594 0.000000
4921.497926 0.000000
4921.546258 0.000000
4921.594591 0.000000
4921.642923 0.000000
4921.691256 0.000000
4921.739588 0.000000
4921.787920 0.000000
4921.836253 0.000000
4921.884585 0.000000
4921.932917 0.000000
4921.981250 0.000000
4922.029582 0.000000
4922.077915 0.000000
4922.126247 0.000000
4922.174579 0.000000
4922.222912 0.000000
4922.271244 0.000000
4922.319577 0.000000
4922.367909 0.000000
4922.416241 0.000000
4922.464574 0.000000
4922.512906 0.000000
4922.561239 0.000000
4922.609571 0.000000
4922.657903 0.000000
4922.706236 0.000000
4922.754568 0.000000
4922.802900 0.000000
4922.851233 0.000000
4922.899565 0.000000
4922.947898 0.000000
4922.996230 0.000000
4923.044562 0.000000
4923.092895 0.000000
4923.141227 0.000000
4923.189560 0.000000
4923.237892 0.000000
4923.286224 0.000000
4923.334557 0.000000
4923.382889 0.000000
4923.431222 0.000000
4923.479554 0.000000
4923.527886 0.000000
4923.576219 0.000000
4923.624551 0.000000
4923.672883 0.000000
4923.721216 0.000000
4923.769548 0.000000
4923.817881 0.000000
4923.866213 0.000000
4923.914545 0.000000
4923.962878 0.000000
4924.011210 0.000000
4924.059543 0.000000
4924.107875 0.000000
4924.156207 0.000000
4924.204540 0.000000
4924.252872 0.000000
4924.301205 0.000000
4924.349537 0.000000
4924.397869 0.000000
4924.446202 0.000000
4924.494534 0.000000
4924.542867 0.000000
4924.591199 0.000000
4924.639531 0.000000
4924.687864 0.000000
4924.736196 0.000000
4924.784528 0.000000
4924.832861 0.000000
4924.881193 0.000000
4924.929526 0.000000
4924.977858 0.000000
4925.026190 0.000000
4925.074523 0.000000
4925.122855 0.000000
4925.171188 0.000000
4925.219520 0.000000
4925.267852 0.000000
4925.316185 0.000000
4925.364517 0.000000
4925.412850 0.000000
4925.461182 0.000000
4925.509514 0.000000
4925.557847 0.000000
4925.606179 0.000000
4925.654511 0.000000
4925.702844 0.000000
4925.751176 0.000000
4925.799509 0.000000
4925.847841 0.000000
4925.896173 0.000000
4925.944506 0.000000
4925.992838 0.000000
4926.041171 0.000000
4926.089503 0.000000
4926.137835 0.000000
4926.186168 0.000000
4926.234500 0.000000
4926.282833 0.000000
4926.331165 0.000000
4926.379497 0.000000
4926.427830 0.000000
4926.476162 0.000000
4926.524494 0.000000
4926.572827 0.000000
4926.621159 0.000000
4926.669492 0.000000
4926.717824 0.000000
4926.766156 0.000000
4926.814489 0.000000
4926.862821 0.000000
4926.911154 0.000000
4926.959486 0.000000
4927.007818 0.000000
4927.056151 0.000000
4927.104483 0.000000
4927.152816 0.000000
4927.201148 0.000000
4927.249480 0.000000
4927.297813 0.000000
4927.346145 0.000000
4927.394477 0.000000
4927.442810 0.000000
4927.491142 0.000000
4927.539475 0.000000
4927.587807 0.000000
4927.636139 0.000000
4927.684472 0.000000
4927.732804 0.000000
4927.781137 0.000000
4927.829469 0.000000
4927.877801 0.000000
4927.926134 0.000000
4927.974466 0.000000
4928.022799 0.000000
4928.071131 0.000000
4928.119463 0.000000
4928.167796 0.000000
4928.216128 0.000000
4928.264460 0.000000
4928.312793 0.000000
4928.361125 0.000000
4928.409458 0.000000
4928.457790 0.000000
4928.506122 0.000000
4928.554455 0.000000
4928.602787 0.000000
4928.651120 0.000000
4928.699452 0.000000
4928.747784 0.000000
4928.796117 0.000000
4928.844449 0.000000
4928.892782 0.000000
4928.941114 0.000000
4928.989446 0.000000
4929.037779 0.000000
4929.086111 0.000000
4929.134443 0.000000
4929.182776 0.000000
4929.231108 0.000000
4929.279441 0.000000
4929.327773 0.000000
4929.376105 0.000000
4929.424438 0.000000
4929.472770 0.000000
4929.521103 0.000000
4929.569435 0.000000
4929.617767 0.000000
4929.666100 0.000000
4929.714432 0.000000
4929.762765 0.000000
4929.811097 0.000000
4929.859429 0.000000
4929.907762 0.000000
4929.956094 0.000000
4930.004426 0.000000
4930.052759 0.000000
4930.101091 0.000000
4930.149424 0.000000
4930.197756 0.000000
4930.246088 0.000000
4930.294421 0.000000
4930.342753 0.000000
4930.391086 0.000000
4930.439418 0.000000
4930.487750 0.000000
4930.536083 0.000000
4930.584415 0.000000
4930.632748 0.000000
4930.681080 0.000000
4930.729412 0.000000
4930.777745 0.000000
4930.826077 0.000000
4930.874409 0.000000
4930.922742 0.000000
4930.971074 0.000000
4931.019407 0.000000
4931.067739 0.000000
4931.116071 0.000000
4931.164404 0.000000
4931.212736 0.000000
4931.261069 0.000000
4931.309401 0.000000
4931.357733 0.000000
4931.406066 0.000000
4931.454398 0.000000
4931.502731 0.000000
4931.551063 0.000000
4931.599395 0.000000
4931.647728 0.000000
4931.696060 0.000000
4931.744392 0.000000
4931.792725 0.000000
4931.841057 0.000000
4931.889390 0.000000
4931.937722 0.000000
4931.986054 0.000000
4932.034387 0.000000
4932.082719 0.000000
4932.131052 0.000000
4932.179384 0.000000
4932.227716 0.000000
4932.276049 0.000000
4932.324381 0.000000
4932.372714 0.000000
4932.421046 0.000000
4932.469378 0.000000
4932.517711 0.000000
4932.566043 0.000000
4932.614375 0.000000
4932.662708 0.000000
4932.711040 0.000000
4932.759373 0.000000
4932.807705 0.000000
4932.856037 0.000000
4932.904370 0.000000
4932.952702 0.000000
4933.001035 0.000000
4933.049367 0.000000
4933.097699 0.000000
4933.146032 0.000000
4933.194364 0.000000
4933.242697 0.000000
4933.291029 0.000000
4933.339361 0.000000
4933.387694 0.000000
4933.436026 0.000000
4933.484358 0.000000
4933.532691 0.000000
4933.581023 0.000000
4933.629356 0.000000
4933.677688 0.000000
4933.726020 0.000000
4933.774353 0.000000
4933.822685 0.000000
4933.871018 0.000000
4933.919350 0.000000
4933.967682 0.000000
4934.016015 0.000000
4934.064347 0.000000
4934.112680 0.000000
4934.161012 0.000000
4934.209344 0.000000
4934.257677 0.000000
4934.306009 0.000000
4934.354341 0.000000
4934.402674 0.000000
4934.451006 0.000000
4934.499339 0.000000
4934.547671 0.000000
4934.596003 0.000000
4934.644336 0.000000
4934.692668 0.000000
4934.741001 0.000000
4934.789333 0.000000
4934.837665 0.000000
4934.885998 0.000000
4934.934330 0.000000
4934.982663 0.000000
4935.030995 0.000000
4935.079327 0.000000
4935.127660 0.000000
4935.175992 0.000000
4935.224324 0.000000
4935.272657 0.000000
4935.320989 0.000000
4935.369322 0.000000
4935.417654 0.000000
4935.465986 0.000000
4935.514319 0.000000
4935.562651 0.000000
4935.610984 0.000000
4935.659316 0.000000
4935.707648 0.000000
4935.755981 0.000000
4935.804313 0.000000
4935.852646 0.000000
4935.900978 0.000000
4935.949310 0.000000
4935.997643 0.000000
4936.045975 0.000000
4936.094307 0.000000
4936.142640 0.000000
4936.190972 0.000000
4936.239305 0.000000
4936.287637 0.000000
4936.335969 0.000000
4936.384302 0.000000
4936.432634 0.000000
4936.480967 0.000000
4936.529299 0.000000
4936.577631 0.000000
4936.625964 0.000000
4936.674296 0.000000
4936.722629 0.000000
4936.770961 0.000000
4936.819293 0.000000
4936.867626 0.000000
4936.915958 0.000000
4936.964290 0.000000
4937.012623 0.000000
4937.060955 0.000000
4937.109288 0.000000
4937.157620 0.000000
4937.205952 0.000000
4937.254285 0.000000
4937.302617 0.000000
4937.350950 0.000000
4937.399282 0.000000
4937.447614 0.000000
4937.495947 0.000000
4937.544279 0.000000
4937.592612 0.000000
4937.640944 0.000000
4937.689276 0.000000
4937.737609 0.000000
4937.785941 0.000000
4937.834274 0.000000
4937.882606 0.000000
4937.930938 0.000000
4937.979271 0.000000
4938.027603 0.000000
4938.075935 0.000000
4938.124268 0.000000
4938.172600 0.000000
4938.220933 0.000000
4938.269265 0.000000
4938.317597 0.000000
4938.365930 0.000000
4938.414262 0.000000
4938.462595 0.000000
4938.510927 0.000000
4938.559259 0.000000
4938.607592 0.000000
4938.655924 0.000000
4938.704257 0.000000
4938.752589 0.000000
4938.800921 0.000000
4938.849254 0.000000
4938.897586 0.000000
4938.945918 0.000000
4938.994251 0.000000
4939.042583 0.000000
4939.090916 0.000000
4939.139248 0.000000
4939.187580 0.000000
4939.235913 0.000000
4939.284245 0.000000
4939.332578 0.000000
4939.380910 0.000000
4939.429242 0.000000
4939.477575 0.000000
4939.525907 0.000000
4939.574240 0.000000
4939.622572 0.000000
4939.670904 0.000000
4939.719237 0.000000
4939.767569 0.000000
4939.815901 0.000000
4939.864234 0.000000
4939.912566 0.000000
4939.960899 0.000000
4940.009231 0.000000
4940.057563 0.000000
4940.105896 0.000000
4940.154228 0.000000
4940.202561 0.000000
4940.250893 0.000000
4940.299225 0.000000
4940.347558 0.000000
4940.395890 0.000000
4940.444223 0.000000
4940.492555 0.000000
4940.540887 0.000000
4940.589220 0.000000
4940.637552 0.000000
4940.685884 0.000000
4940.734217 0.000000
4940.782549 0.000000
4940.830882 0.000000
4940.879214 0.000000
4940.927546 0.000000
4940.975879 0.000000
4941.024211 0.000000
4941.072544 0.000000
4941.120876 0.000000
4941.169208 0.000000
4941.217541 0.000000
4941.265873 0.000000
4941.314206 0.000000
4941.362538 0.000000
4941.410870 0.000000
4941.459203 0.000000
4941.507535 0.000000
4941.555867 0.000000
4941.604200 0.000000
4941.652532 0.000000
4941.700865 0.000000
4941.749197 0.000000
4941.797529 0.000000
4941.845862 0.000000
4941.894194 0.000000
4941.942527 0.000000
4941.990859 0.000000
4942.039191 0.000000
4942.087524 0.000000
4942.135856 0.000000
4942.184189 0.000000
4942.232521 0.000000
4942.280853 0.000000
4942.329186 0.000000
4942.377518 0.000000
4942.425850 0.000000
4942.474183 0.000000
4942.522515 0.000000
4942.570848 0.000000
4942.619180 0.000000
4942.667512 0.000000
4942.715845 0.000000
4942.764177 0.000000
4942.812510 0.000000
4942.860842 0.000000
4942.909174 0.000000
4942.957507 0.000000
4943.005839 0.000000
4943.054172 0.000000
4943.102504 0.000000
4943.150836 0.000000
4943.199169 0.000000
4943.247501 0.000000
4943.295833 0.000000
4943.344166 0.000000
4943.392498 0.000000
4943.440831 0.000000
4943.489163 0.000000
4943.537495 0.000000
4943.585828 0.000000
4943.634160 0.000000
4943.682493 0.000000
4943.730825 0.000000
4943.779157 0.000000
4943.827490 0.000000
4943.875822 0.000000
4943.924155 0.000000
4943.972487 0.000000
4944.020819 0.000000
4944.069152 0.000000
4944.117484 0.000000
4944.165816 0.000000
4944.214149 0.000000
4944.262481 0.000000
4944.310814 0.000000
4944.359146 0.000000
4944.407478 0.000000
4944.455811 0.000000
4944.504143 0.000000
4944.552476 0.000000
4944.600808 0.000000
4944.649140 0.000000
4944.697473 0.000000
4944.745805 0.000000
4944.794138 0.000000
4944.842470 0.000000
4944.890802 0.000000
4944.939135 0.000000
4944.987467 0.000000
4945.035799 0.000000
4945.084132 0.000000
4945.132464 0.000000
4945.180797 0.000000
4945.229129 0.000000
4945.277461 0.000000
4945.325794 0.000000
4945.374126 0.000000
4945.422459 0.000000
4945.470791 0.000000
4945.519123 0.000000
4945.567456 0.000000
4945.615788 0.000000
4945.664121 0.000000
4945.712453 0.000000
4945.760785 0.000000
4945.809118 0.000000
4945.857450 0.000000
4945.905782 0.000000
4945.954115 0.000000
4946.002447 0.000000
4946.050780 0.000000
4946.099112 0.000000
4946.147444 0.000000
4946.195777 0.000000
4946.244109 0.000000
4946.292442 0.000000
4946.340774 0.000000
4946.389106 0.000000
4946.437439 0.000000
4946.485771 0.000000
4946.534104 0.000000
4946.582436 0.000000
4946.630768 0.000000
4946.679101 0.000000
4946.727433 0.000000
4946.775765 0.000000
4946.824098 0.000000
4946.872430 0.000000
4946.920763 0.000000
4946.969095 0.000000
4947.017427 0.000000
4947.065760 0.000000
4947.114092 0.000000
4947.162425 0.000000
4947.210757 0.000000
4947.259089 0.000000
4947.307422 0.000000
4947.355754 0.000000
4947.404087 0.000000
4947.452419 0.000000
4947.500751 0.000000
4947.549084 0.000000
4947.597416 0.000000
4947.645748 0.000000
4947.694081 0.000000
4947.742413 0.000000
4947.790746 0.000000
4947.839078 0.000000
4947.887410 0.000000
4947.935743 0.000000
4947.984075 0.000000
4948.032408 0.000000
4948.080740 0.000000
4948.129072 0.000000
4948.177405 0.000000
4948.225737 0.000000
4948.274070 0.000000
4948.322402 0.000000
4948.370734 0.000000
4948.419067 0.000000
4948.467399 0.000000
4948.515731 0.000000
4948.564064 0.000000
4948.612396 0.000000
4948.660729 0.000000
4948.709061 0.000000
4948.757393 0.000000
4948.805726 0.000000
4948.854058 0.000000
4948.902391 0.000000
4948.950723 0.000000
4948.999055 0.000000
4949.047388 0.000000
4949.095720 0.000000
4949.144053 0.000000
4949.192385 0.000000
4949.240717 0.000000
4949.289050 0.000000
4949.337382 0.000000
4949.385714 0.000000
4949.434047 0.000000
4949.482379 0.000000
4949.530712 0.000000
4949.579044 0.000000
4949.627376 0.000000
4949.675709 0.000000
4949.724041 0.000000
4949.772374 0.000000
4949.820706 0.000000
4949.869038 0.000000
4949.917371 0.000000
4949.965703 0.000000
4950.014036 0.000000
4950.062368 0.000000
4950.110700 0.000000
4950.159033 0.000000
4950.207365 0.000000
4950.255697 0.000000
4950.304030 0.000000
4950.352362 0.000000
4950.400695 0.000000
4950.449027 0.000000
4950.497359 0.000000
4950.545692 0.000000
4950.594024 0.000000
4950.642357 0.000000
4950.690689 0.000000
4950.739021 0.000000
4950.787354 0.000000
4950.835686 0.000000
4950.884019 0.000000
4950.932351 0.000000
4950.980683 0.000000
4951.029016 0.000000
4951.077348 0.000000
4951.125680 0.000000
4951.174013 0.000000
4951.222345 0.000000
4951.270678 0.000000
4951.319010 0.000000
4951.367342 0.000000
4951.415675 0.000000
4951.464007 0.000000
4951.512340 0.000000
4951.560672 0.000000
4951.609004 0.000000
4951.657337 0.000000
4951.705669 0.000000
4951.754002 0.000000
4951.802334 0.000000
4951.850666 0.000000
4951.898999 0.000000
4951.947331 0.000000
4951.995664 0.000000
4952.043996 0.000000
4952.092328 0.000000
4952.140661 0.000000
4952.188993 0.000000
4952.237325 0.000000
4952.285658 0.000000
4952.333990 0.000000
4952.382323 0.000000
4952.430655 0.000000
4952.478987 0.000000
4952.527320 0.000000
4952.575652 0.000000
4952.623985 0.000000
4952.672317 0.000000
4952.720649 0.000000
4952.768982 0.000000
4952.817314 0.000000
4952.865647 0.000000
4952.913979 0.000000
4952.962311 0.000000
4953.010644 0.000000
4953.058976 0.000000
4953.107308 0.000000
4953.155641 0.000000
4953.203973 0.000000
4953.252306 0.000000
4953.300638 0.000000
4953.348970 0.000000
4953.397303 0.000000
4953.445635 0.000000
4953.493968 0.000000
4953.542300 0.000000
4953.590632 0.000000
4953.638965 0.000000
4953.687297 0.000000
4953.735630 0.000000
4953.783962 0.000000
4953.832294 0.000000
4953.880627 0.000000
4953.928959 0.000000
4953.977291 0.000000
4954.025624 0.000000
4954.073956 0.000000
4954.122289 0.000000
4954.170621 0.000000
4954.218953 0.000000
4954.267286 0.000000
4954.315618 0.000000
4954.363951 0.000000
4954.412283 0.000000
4954.460615 0.000000
4954.508948 0.000000
4954.557280 0.000000
4954.605613 0.000000
4954.653945 0.000000
4954.702277 0.000000
4954.750610 0.000000
4954.798942 0.000000
4954.847274 0.000000
4954.895607 0.000000
4954.943939 0.000000
4954.992272 0.000000
4955.040604 0.000000
4955.088936 0.000000
4955.137269 0.000000
4955.185601 0.000000
4955.233934 0.000000
4955.282266 0.000000
4955.330598 0.000000
4955.378931 0.000000
4955.427263 0.000000
4955.475596 0.000000
4955.523928 0.000000
4955.572260 0.000000
4955.620593 0.000000
4955.668925 0.000000
4955.717257 0.000000
4955.765590 0.000000
4955.813922 0.000000
4955.862255 0.000000
4955.910587 0.000000
4955.958919 0.000000
4956.007252 0.000000
4956.055584 0.000000
4956.103917 0.000000
4956.152249 0.000000
4956.200581 0.000000
4956.248914 0.000000
4956.297246 0.000000
4956.345579 0.000000
4956.393911 0.000000
4956.442243 0.000000
4956.490576 0.000000
4956.538908 0.000000
4956.587240 0.000000
4956.635573 0.000000
4956.683905 0.000000
4956.732238 0.000000
4956.780570 0.000000
4956.828902 0.000000
4956.877235 0.000000
4956.925567 0.000000
4956.973900 0.000000
4957.022232 0.000000
4957.070564 0.000000
4957.118897 0.000000
4957.167229 0.000000
4957.215562 0.000000
4957.263894 0.000000
4957.312226 0.000000
4957.360559 0.000000
4957.408891 0.000000
4957.457223 0.000000
4957.505556 0.000000
4957.553888 0.000000
4957.602221 0.000000
4957.650553 0.000000
4957.698885 0.000000
4957.747218 0.000000
4957.795550 0.000000
4957.843883 0.000000
4957.892215 0.000000
4957.940547 0.000000
4957.988880 0.000000
4958.037212 0.000000
4958.085545 0.000000
4958.133877 0.000000
4958.182209 0.000000
4958.230542 0.000000
4958.278874 0.000000
4958.327206 0.000000
4958.375539 0.000000
4958.423871 0.000000
4958.472204 0.000000
4958.520536 0.000000
4958.568868 0.000000
4958.617201 0.000000
4958.665533 0.000000
4958.713866 0.000000
4958.762198 0.000000
4958.810530 0.000000
4958.858863 0.000000
4958.907195 0.000000
4958.955528 0.000000
4959.003860 0.000000
4959.052192 0.000000
4959.100525 0.000000
4959.148857 0.000000
4959.197189 0.000000
4959.245522 0.000000
4959.293854 0.000000
4959.342187 0.000000
4959.390519 0.000000
4959.438851 0.000000
4959.487184 0.000000
4959.535516 0.000000
4959.583849 0.000000
4959.632181 0.000000
4959.680513 0.000000
4959.728846 0.000000
4959.777178 0.000000
4959.825511 0.000000
4959.873843 0.000000
4959.922175 0.000000
4959.970508 0.000000
4960.018840 0.000000
4960.067172 0.000000
4960.115505 0.000000
4960.163837 0.000000
4960.212170 0.000000
4960.260502 0.000000
4960.308834 0.000000
4960.357167 0.000000
4960.405499 0.000000
4960.453832 0.000000
4960.502164 0.000000
4960.550496 0.000000
4960.598829 0.000000
4960.647161 0.000000
4960.695494 0.000000
4960.743826 0.000000
4960.792158 0.000000
4960.840491 0.000000
4960.888823 0.000000
4960.937155 0.000000
4960.985488 0.000000
4961.033820 0.000000
4961.082153 0.000000
4961.130485 0.000000
4961.178817 0.000000
4961.227150 0.000000
4961.275482 0.000000
4961.323815 0.000000
4961.372147 0.000000
4961.420479 0.000000
4961.468812 0.000000
4961.517144 0.000000
4961.565477 0.000000
4961.613809 0.000000
4961.662141 0.000000
4961.710474 0.000000
4961.758806 0.000000
4961.807138 0.000000
4961.855471 0.000000
4961.903803 0.000000
4961.952136 0.000000
4962.000468 0.000000
4962.048800 0.000000
4962.097133 0.000000
4962.145465 0.000000
4962.193798 0.000000
4962.242130 0.000000
4962.290462 0.000000
4962.338795 0.000000
4962.387127 0.000000
4962.435460 0.000000
4962.483792 0.000000
4962.532124 0.000000
4962.580457 0.000000
4962.628789 0.000000
4962.677121 0.000000
4962.725454 0.000000
4962.773786 0.000000
4962.822119 0.000000
4962.870451 0.000000
4962.918783 0.000000
4962.967116 0.000000
4963.015448 0.000000
4963.063781 0.000000
4963.112113 0.000000
4963.160445 0.000000
4963.208778 0.000000
4963.257110 0.000000
4963.305443 0.000000
4963.353775 0.000000
4963.402107 0.000000
4963.450440 0.000000
4963.498772 0.000000
4963.547104 0.000000
4963.595437 0.000000
4963.643769 0.000000
4963.692102 0.000000
4963.740434 0.000000
4963.788766 0.000000
4963.837099 0.000000
4963.885431 0.000000
4963.933764 0.000000
4963.982096 0.000000
4964.030428 0.000000
4964.078761 0.000000
4964.127093 0.000000
4964.175426 0.000000
4964.223758 0.000000
4964.272090 0.000000
4964.320423 0.000000
4964.368755 0.000000
4964.417087 0.000000
4964.465420 0.000000
4964.513752 0.000000
4964.562085 0.000000
4964.610417 0.000000
4964.658749 0.000000
4964.707082 0.000000
4964.755414 0.000000
4964.803747 0.000000
4964.852079 0.000000
4964.900411 0.000000
4964.948744 0.000000
4964.997076 0.000000
4965.045409 0.000000
4965.093741 0.000000
4965.142073 0.000000
4965.190406 0.000000
4965.238738 0.000000
4965.287071 0.000000
4965.335403 0.000000
4965.383735 0.000000
4965.432068 0.000000
4965.480400 0.000000
4965.528732 0.000000
4965.577065 0.000000
4965.625397 0.000000
4965.673730 0.000000
4965.722062 0.000000
4965.770394 0.000000
4965.818727 0.000000
4965.867059 0.000000
4965.915392 0.000000
4965.963724 0.000000
4966.012056 0.000000
4966.060389 0.000000
4966.108721 0.000000
4966.157054 0.000000
4966.205386 0.000000
4966.253718 0.000000
4966.302051 0.000000
4966.350383 0.000000
4966.398715 0.000000
4966.447048 0.000000
4966.495380 0.000000
4966.543713 0.000000
4966.592045 0.000000
4966.640377 0.000000
4966.688710 0.000000
4966.737042 0.000000
4966.785375 0.000000
4966.833707 0.000000
4966.882039 0.000000
4966.930372 0.000000
4966.978704 0.000000
4967.027037 0.000000
4967.075369 0.000000
4967.123701 0.000000
4967.172034 0.000000
4967.220366 0.000000
4967.268698 0.000000
4967.317031 0.000000
4967.365363 0.000000
4967.413696 0.000000
4967.462028 0.000000
4967.510360 0.000000
4967.558693 0.000000
4967.607025 0.000000
4967.655358 0.000000
4967.703690 0.000000
4967.752022 0.000000
4967.800355 0.000000
4967.848687 0.000000
4967.897020 0.000000
4967.945352 0.000000
4967.993684 0.000000
4968.042017 0.000000
4968.090349 0.000000
4968.138681 0.000000
4968.187014 0.000000
4968.235346 0.000000
4968.283679 0.000000
4968.332011 0.000000
4968.380343 0.000000
4968.428676 0.000000
4968.477008 0.000000
4968.525341 0.000000
4968.573673 0.000000
4968.622005 0.000000
4968.670338 0.000000
4968.718670 0.000000
4968.767003 0.000000
4968.815335 0.000000
4968.863667 0.000000
4968.912000 0.000000
4968.960332 0.000000
4969.008664 0.000000
4969.056997 0.000000
4969.105329 0.000000
4969.153662 0.000000
4969.201994 0.000000
4969.250326 0.000000
4969.298659 0.000000
4969.346991 0.000000
4969.395324 0.000000
4969.443656 0.000000
4969.491988 0.000000
4969.540321 0.000000
4969.588653 0.000000
4969.636986 0.000000
4969.685318 0.000000
4969.733650 0.000000
4969.781983 0.000000
4969.830315 0.000000
4969.878647 0.000000
4969.926980 0.000000
4969.975312 0.000000
4970.023645 0.000000
4970.071977 0.000000
4970.120309 0.000000
4970.168642 0.000000
4970.216974 0.000000
4970.265307 0.000000
4970.313639 0.000000
4970.361971 0.000000
4970.410304 0.000000
4970.458636 0.000000
4970.506969 0.000000
4970.555301 0.000000
4970.603633 0.000000
4970.651966 0.000000
4970.700298 0.000000
4970.748630 0.000000
4970.796963 0.000000
4970.845295 0.000000
4970.893628 0.000000
4970.941960 0.000000
4970.990292 0.000000
4971.038625 0.000000
4971.086957 0.000000
4971.135290 0.000000
4971.183622 0.000000
4971.231954 0.000000
4971.280287 0.000000
4971.328619 0.000000
4971.376952 0.000000
4971.425284 0.000000
4971.473616 0.000000
4971.521949 0.000000
4971.570281 0.000000
4971.618613 0.000000
4971.666946 0.000000
4971.715278 0.000000
4971.763611 0.000000
4971.811943 0.000000
4971.860275 0.000000
4971.908608 0.000000
4971.956940 0.000000
4972.005273 0.000000
4972.053605 0.000000
4972.101937 0.000000
4972.150270 0.000000
4972.198602 0.000000
4972.246935 0.000000
4972.295267 0.000000
4972.343599 0.000000
4972.391932 0.000000
4972.440264 0.000000
4972.488596 0.000000
4972.536929 0.000000
4972.585261 0.000000
4972.633594 0.000000
4972.681926 0.000000
4972.730258 0.000000
4972.778591 0.000000
4972.826923 0.000000
4972.875256 0.000000
4972.923588 0.000000
4972.971920 0.000000
4973.020253 0.000000
4973.068585 0.000000
4973.116918 0.000000
4973.165250 0.000000
4973.213582 0.000000
4973.261915 0.000000
4973.310247 0.000000
4973.358579 0.000000
4973.406912 0.000000
4973.455244 0.000000
4973.503577 0.000000
4973.551909 0.000000
4973.600241 0.000000
4973.648574 0.000000
4973.696906 0.000000
4973.745239 0.000000
4973.793571 0.000000
4973.841903 0.000000
4973.890236 0.000000
4973.938568 0.000000
4973.986901 0.000000
4974.035233 0.000000
4974.083565 0.000000
4974.131898 0.000000
4974.180230 0.000000
4974.228562 0.000000
4974.276895 0.000000
4974.325227 0.000000
4974.373560 0.000000
4974.421892 0.000000
4974.470224 0.000000
4974.518557 0.000000
4974.566889 0.000000
4974.615222 0.000000
4974.663554 0.000000
4974.711886 0.000000
4974.760219 0.000000
4974.808551 0.000000
4974.856884 0.000000
4974.905216 0.000000
4974.953548 0.000000
4975.001881 0.000000
4975.050213 0.000000
4975.098545 0.000000
4975.146878 0.000000
4975.195210 0.000000
4975.243543 0.000000
4975.291875 0.000000
4975.340207 0.000000
4975.388540 0.000000
4975.436872 0.000000
4975.485205 0.000000
4975.533537 0.000000
4975.581869 0.000000
4975.630202 0.000000
4975.678534 0.000000
4975.726867 0.000000
4975.775199 0.000000
4975.823531 0.000000
4975.871864 0.000000
4975.920196 0.000000
4975.968528 0.000000
4976.016861 0.000000
4976.065193 0.000000
4976.113526 0.000000
4976.161858 0.000000
4976.210190 0.000000
4976.258523 0.000000
4976.306855 0.000000
4976.355188 0.000000
4976.403520 0.000000
4976.451852 0.000000
4976.500185 0.000000
4976.548517 0.000000
4976.596850 0.000000
4976.645182 0.000000
4976.693514 0.000000
4976.741847 0.000000
4976.790179 0.000000
4976.838511 0.000000
4976.886844 0.000000
4976.935176 0.000000
4976.983509 0.000000
4977.031841 0.000000
4977.080173 0.000000
4977.128506 0.000000
4977.176838 0.000000
4977.225171 0.000000
4977.273503 0.000000
4977.321835 0.000000
4977.370168 0.000000
4977.418500 0.000000
4977.466833 0.000000
4977.515165 0.000000
4977.563497 0.000000
4977.611830 0.000000
4977.660162 0.000000
4977.708494 0.000000
4977.756827 0.000000
4977.805159 0.000000
4977.853492 0.000000
4977.901824 0.000000
4977.950156 0.000000
4977.998489 0.000000
4978.046821 0.000000
4978.095154 0.000000
4978.143486 0.000000
4978.191818 0.000000
4978.240151 0.000000
4978.288483 0.000000
4978.336816 0.000000
4978.385148 0.000000
4978.433480 0.000000
4978.481813 0.000000
4978.530145 0.000000
4978.578477 0.000000
4978.626810 0.000000
4978.675142 0.000000
4978.723475 0.000000
4978.771807 0.000000
4978.820139 0.000000
4978.868472 0.000000
4978.916804 0.000000
4978.965137 0.000000
4979.013469 0.000000
4979.061801 0.000000
4979.110134 0.000000
4979.158466 0.000000
4979.206799 0.000000
4979.255131 0.000000
4979.303463 0.000000
4979.351796 0.000000
4979.400128 0.000000
4979.448461 0.000000
4979.496793 0.000000
4979.545125 0.000000
4979.593458 0.000000
4979.641790 0.000000
4979.690122 0.000000
4979.738455 0.000000
4979.786787 0.000000
4979.835120 0.000000
4979.883452 0.000000
4979.931784 0.000000
4979.980117 0.000000
4980.028449 0.000000
4980.076782 0.000000
4980.125114 0.000000
4980.173446 0.000000
4980.221779 0.000000
4980.270111 0.000000
4980.318444 0.000000
4980.366776 0.000000
4980.415108 0.000000
4980.463441 0.000000
4980.511773 0.000000
4980.560105 0.000000
4980.608438 0.000000
4980.656770 0.000000
4980.705103 0.000000
4980.753435 0.000000
4980.801767 0.000000
4980.850100 0.000000
4980.898432 0.000000
4980.946765 0.000000
4980.995097 0.000000
4981.043429 0.000000
4981.091762 0.000000
4981.140094 0.000000
4981.188427 0.000000
4981.236759 0.000000
4981.285091 0.000000
4981.333424 0.000000
4981.381756 0.000000
4981.430088 0.000000
4981.478421 0.000000
4981.526753 0.000000
4981.575086 0.000000
4981.623418 0.000000
4981.671750 0.000000
4981.720083 0.000000
4981.768415 0.000000
4981.816748 0.000000
4981.865080 0.000000
4981.913412 0.000000
4981.961745 0.000000
4982.010077 0.000000
4982.058410 0.000000
4982.106742 0.000000
4982.155074 0.000000
4982.203407 0.000000
4982.251739 0.000000
4982.300071 0.000000
4982.348404 0.000000
4982.396736 0.000000
4982.445069 0.000000
4982.493401 0.000000
4982.541733 0.000000
4982.590066 0.000000
4982.638398 0.000000
4982.686731 0.000000
4982.735063 0.000000
4982.783395 0.000000
4982.831728 0.000000
4982.880060 0.000000
4982.928393 0.000000
4982.976725 0.000000
4983.025057 0.000000
4983.073390 0.000000
4983.121722 0.000000
4983.170054 0.000000
4983.218387 0.000000
4983.266719 0.000000
4983.315052 0.000000
4983.363384 0.000000
4983.411716 0.000000
4983.460049 0.000000
4983.508381 0.000000
4983.556714 0.000000
4983.605046 0.000000
4983.653378 0.000000
4983.701711 0.000000
4983.750043 0.000000
4983.798376 0.000000
4983.846708 0.000000
4983.895040 0.000000
4983.943373 0.000000
4983.991705 0.000000
4984.040037 0.000000
4984.088370 0.000000
4984.136702 0.000000
4984.185035 0.000000
4984.233367 0.000000
4984.281699 0.000000
4984.330032 0.000000
4984.378364 0.000000
4984.426697 0.000000
4984.475029 0.000000
4984.523361 0.000001
4984.571694 0.000001
4984.620026 0.000001
4984.668359 0.000001
4984.716691 0.000001
4984.765023 0.000001
4984.813356 0.000001
4984.861688 0.000001
4984.910020 0.000001
4984.958353 0.000001
4985.006685 0.000001
4985.055018 0.000001
4985.103350 0.000001
4985.151682 0.000001
4985.200015 0.000001
4985.248347 0.000001
4985.296680 0.000002
4985.345012 0.000002
4985.393344 0.000002
4985.441677 0.000002
4985.490009 0.000002
4985.538342 0.000002
4985.586674 0.000002
4985.635006 0.000002
4985.683339 0.000002
4985.731671 0.000003
4985.780003 0.000003
4985.828336 0.000003
4985.876668 0.000003
4985.925001 0.000003
4985.973333 0.000004
4986.021665 0.000004
4986.069998 0.000004
4986.118330 0.000004
4986.166663 0.000005
4986.214995 0.000005
4986.263327 0.000005
4986.311660 0.000006
4986.359992 0.000006
4986.408325 0.000006
4986.456657 0.000007
4986.504989 0.000007
4986.553322 0.000008
4986.601654 0.000008
4986.649986 0.000008
4986.698319 0.000009
4986.746651 0.000010
4986.794984 0.000010
4986.843316 0.000011
4986.891648 0.000011
4986.939981 0.000012
4986.988313 0.000013
4987.036646 0.000014
4987.084978 0.000014
4987.133310 0.000015
4987.181643 0.000016
4987.229975 0.000017
4987.278308 0.000018
4987.326640 0.000019
4987.374972 0.000021
4987.423305 0.000022
4987.471637 0.000023
4987.519969 0.000024
4987.568302 0.000026
4987.616634 0.000027
4987.664967 0.000029
4987.713299 0.000031
4987.761631 0.000033
4987.809964 0.000034
4987.858296 0.000036
4987.906629 0.000039
4987.954961 0.000041
4988.003293 0.000043
4988.051626 0.000046
4988.099958 0.000048
4988.148291 0.000051
4988.196623 0.000054
4988.244955 0.000057
4988.293288 0.000060
4988.341620 0.000064
4988.389952 0.000067
4988.438285 0.000071
4988.486617 0.000075
4988.534950 0.000080
4988.583282 0.000084
4988.631614 0.000089
4988.679947 0.000094
4988.728279 0.000099
4988.776612 0.000104
4988.824944 0.000110
4988.873276 0.000116
4988.921609 0.000123
4988.969941 0.000130
4989.018274 0.000137
4989.066606 0.000144
4989.114938 0.000152
4989.163271 0.000160
4989.211603 0.000169
4989.259935 0.000178
4989.308268 0.000188
4989.356600 0.000198
4989.404933 0.000209
4989.453265 0.000220
4989.501597 0.000232
4989.549930 0.000244
4989.598262 0.000257
4989.646595 0.000271
4989.694927 0.000285
4989.743259 0.000300
4989.791592 0.000316
4989.839924 0.000332
4989.888257 0.000350
4989.936589 0.000368
4989.984921 0.000387
4990.033254 0.000408
4990.081586 0.000429
4990.129918 0.000451
4990.178251 0.000474
4990.226583 0.000499
4990.274916 0.000524
4990.323248 0.000551
4990.371580 0.000579
4990.419913 0.000609
4990.468245 0.000639
4990.516578 0.000672
4990.564910 0.000706
4990.613242 0.000741
4990.661575 0.000778
4990.709907 0.000817
4990.758240 0.000858
4990.806572 0.000901
4990.854904 0.000946
4990.903237 0.000992
4990.951569 0.001041
4990.999901 0.001093
4991.048234 0.001146
4991.096566 0.001202
4991.144899 0.001261
4991.193231 0.001322
4991.241563 0.001387
4991.289896 0.001454
4991.338228 0.001524
4991.386561 0.001597
4991.434893 0.001674
4991.483225 0.001754
4991.531558 0.001837
4991.579890 0.001925
4991.628223 0.002016
4991.676555 0.002111
4991.724887 0.002211
4991.773220 0.002314
4991.821552 0.002423
4991.869884 0.002536
4991.918217 0.002654
4991.966549 0.002777
4992.014882 0.002906
4992.063214 0.003040
4992.111546 0.003180
4992.159879 0.003326
4992.208211 0.003478
4992.256544 0.003636
4992.304876 0.003802
4992.353208 0.003974
4992.401541 0.004153
4992.449873 0.004341
4992.498206 0.004535
4992.546538 0.004738
4992.594870 0.004950
4992.643203 0.005170
4992.691535 0.005399
4992.739868 0.005638
4992.788200 0.005886
4992.836532 0.006145
4992.884865 0.006414
4992.933197 0.006694
4992.981529 0.006985
4993.029862 0.007288
4993.078194 0.007603
4993.126527 0.007931
4993.174859 0.008271
4993.223191 0.008625
4993.271524 0.008993
4993.319856 0.009376
4993.368189 0.009773
4993.416521 0.010186
4993.464853 0.010615
4993.513186 0.011061
4993.561518 0.011524
4993.609851 0.012004
4993.658183 0.012503
4993.706515 0.013021
4993.754848 0.013559
4993.803180 0.014117
4993.851512 0.014696
4993.899845 0.015296
4993.948177 0.015919
4993.996510 0.016565
4994.044842 0.017236
4994.093174 0.017930
4994.141507 0.018651
4994.189839 0.019398
4994.238172 0.020172
4994.286504 0.020974
4994.334836 0.021805
4994.383169 0.022666
4994.431501 0.023557
4994.479834 0.024481
4994.528166 0.025437
4994.576498 0.026428
4994.624831 0.027453
4994.673163 0.028514
4994.721495 0.029612
4994.769828 0.030749
4994.818160 0.031925
4994.866493 0.033141
4994.914825 0.034399
4994.963157 0.035700
4995.011490 0.037046
4995.059822 0.038437
4995.108155 0.039875
4995.156487 0.041361
4995.204819 0.042897
4995.253152 0.044484
4995.301484 0.046124
4995.349817 0.047817
4995.398149 0.049566
4995.446481 0.051373
4995.494814 0.053238
4995.543146 0.055164
4995.591478 0.057151
4995.639811 0.059202
4995.688143 0.061319
4995.736476 0.063503
4995.784808 0.065756
4995.833140 0.068080
4995.881473 0.070477
4995.929805 0.072948
4995.978138 0.075496
4996.026470 0.078122
4996.074802 0.080829
4996.123135 0.083619
4996.171467 0.086494
4996.219800 0.089455
4996.268132 0.092506
4996.316464 0.095648
4996.364797 0.098883
4996.413129 0.102214
4996.461461 0.105643
4996.509794 0.109173
4996.558126 0.112806
4996.606459 0.116544
4996.654791 0.120390
4996.703123 0.124347
4996.751456 0.128416
4996.799788 0.132601
4996.848121 0.136904
4996.896453 0.141327
4996.944785 0.145875
4996.993118 0.150548
4997.041450 0.155351
4997.089783 0.160285
4997.138115 0.165354
4997.186447 0.170561
4997.234780 0.175908
4997.283112 0.181399
4997.331444 0.187036
4997.379777 0.192823
4997.428109 0.198762
4997.476442 0.204857
4997.524774 0.211111
4997.573106 0.217527
4997.621439 0.224108
4997.669771 0.230857
4997.718104 0.237778
4997.766436 0.244874
4997.814768 0.252148
4997.863101 0.259603
4997.911433 0.267243
4997.959766 0.275072
4998.008098 0.283092
4998.056430 0.291307
4998.104763 0.299721
4998.153095 0.308337
4998.201427 0.317158
4998.249760 0.326188
4998.298092 0.335430
4998.346425 0.344888
4998.394757 0.354566
4998.443089 0.364467
4998.491422 0.374595
4998.539754 0.384953
4998.588087 0.395544
4998.636419 0.406373
4998.684751 0.417442
4998.733084 0.428756
4998.781416 0.440319
4998.829749 0.452132
4998.878081 0.464201
4998.926413 0.476529
4998.974746 0.489118
4999.023078 0.501974
4999.071410 0.515099
4999.119743 0.528496
4999.168075 0.542170
4999.216408 0.556124
4999.264740 0.570361
4999.313072 0.584884
4999.361405 0.599698
4999.409737 0.614805
4999.458070 0.630208
4999.506402 0.645911
4999.554734 0.661918
4999.603067 0.678230
4999.651399 0.694853
4999.699732 0.711788
4999.748064 0.729038
4999.796396 0.746608
4999.844729 0.764499
4999.893061 0.782714
4999.941393 0.801257
4999.989726 0.820129
5000.038058 0.839335
5000.086391 0.858876
5000.134723 0.878755
5000.183055 0.898974
5000.231388 0.919536
5000.279720 0.940444
5000.328053 0.961698
5000.376385 0.983302
5000.424717 1.005258
5000.473050 1.027566
5000.521382 1.050231
5000.569715 1.073252
5000.618047 1.096631
5000.666379 1.120371
5000.714712 1.144472
5000.763044 1.168937
5000.811376 1.193765
5000.859709 1.218958
5000.908041 1.244517
5000.956374 1.270443
5001.004706 1.296737
5001.053038 1.323398
5001.101371 1.350428
5001.149703 1.377826
5001.198036 1.405593
5001.246368 1.433729
5001.294700 1.462233
5001.343033 1.491106
5001.391365 1.520346
5001.439698 1.549953
5001.488030 1.579926
5001.536362 1.610265
5001.584695 1.640967
5001.633027 1.672033
5001.681359 1.703460
5001.729692 1.735246
5001.778024 1.767390
5001.826357 1.799890
5001.874689 1.832744
5001.923021 1.865948
5001.971354 1.899502
5002.019686 1.933401
5002.068019 1.967644
5002.116351 2.002226
5002.164683 2.037145
5002.213016 2.072397
5002.261348 2.107978
5002.309681 2.143885
5002.358013 2.180113
5002.406345 2.216658
5002.454678 2.253515
5002.503010 2.290681
5002.551342 2.328149
5002.599675 2.365916
5002.648007 2.403974
5002.696340 2.442320
5002.744672 2.480947
5002.793004 2.519850
5002.841337 2.559022
5002.889669 2.598457
5002.938002 2.638148
5002.986334 2.678089
5003.034666 2.718273
5003.082999 2.758692
5003.131331 2.799340
5003.179664 2.840208
5003.227996 2.881290
5003.276328 2.922576
5003.324661 2.964060
5003.372993 3.005732
5003.421325 3.047584
5003.469658 3.089608
5003.517990 3.131794
5003.566323 3.174133
5003.614655 3.216617
5003.662987 3.259235
5003.711320 3.301978
5003.759652 3.344837
5003.807985 3.387800
5003.856317 3.430859
5003.904649 3.474003
5003.952982 3.517220
5004.001314 3.560501
5004.049647 3.603835
5004.097979 3.647211
5004.146311 3.690618
5004.194644 3.734043
5004.242976 3.777477
5004.291308 3.820908
5004.339641 3.864323
5004.387973 3.907711
5004.436306 3.951060
5004.484638 3.994358
5004.532970 4.037594
5004.581303 4.080753
5004.629635 4.123825
5004.677968 4.166797
5004.726300 4.209657
5004.774632 4.252390
5004.822965 4.294986
5004.871297 4.337431
5004.919630 4.379712
5004.967962 4.421817
5005.016294 4.463732
5005.064627 4.505445
5005.112959 4.546942
5005.161291 4.588210
5005.209624 4.629236
5005.257956 4.670008
5005.306289 4.710511
5005.354621 4.750733
5005.402953 4.790661
5005.451286 4.830281
5005.499618 4.869581
5005.547951 4.908546
5005.596283 4.947165
5005.644615 4.985424
5005.692948 5.023309
5005.741280 5.060809
5005.789613 5.097910
5005.837945 5.134600
5005.886277 5.170864
5005.934610 5.206692
5005.982942 5.242070
5006.031274 5.276986
5006.079607 5.311427
5006.127939 5.345382
5006.176272 5.378837
5006.224604 5.411781
5006.272936 5.444202
5006.321269 5.476088
5006.369601 5.507427
5006.417934 5.538208
5006.466266 5.568420
5006.514598 5.598052
5006.562931 5.627092
5006.611263 5.655529
5006.659596 5.683354
5006.707928 5.710555
5006.756260 5.737122
5006.804593 5.763046
5006.852925 5.788316
5006.901258 5.812923
5006.949590 5.836857
5006.997922 5.860110
5007.046255 5.882672
5007.094587 5.904534
5007.142919 5.925689
5007.191252 5.946129
5007.239584 5.965844
5007.287917 5.984827
5007.336249 6.003072
5007.384581 6.020571
5007.432914 6.037317
5007.481246 6.053304
5007.529579 6.068525
5007.577911 6.082974
5007.626243 6.096646
5007.674576 6.109535
5007.722908 6.121636
5007.771241 6.132945
5007.819573 6.143457
5007.867905 6.153167
5007.916238 6.162072
5007.964570 6.170169
5008.012902 6.177454
5008.061235 6.183924
5008.109567 6.189576
5008.157900 6.194409
5008.206232 6.198421
5008.254564 6.201609
5008.302897 6.203973
5008.351229 6.205512
5008.399562 6.206224
5008.447894 6.206111
5008.496226 6.205171
5008.544559 6.203405
5008.592891 6.200815
5008.641224 6.197400
5008.689556 6.193162
5008.737888 6.188104
5008.786221 6.182226
5008.834553 6.175532
5008.882885 6.168024
5008.931218 6.159704
5008.979550 6.150577
5009.027883 6.140646
5009.076215 6.129915
5009.124547 6.118388
5009.172880 6.106070
5009.221212 6.092965
5009.269545 6.079079
5009.317877 6.064417
5009.366209 6.048985
5009.414542 6.032789
5009.462874 6.015835
5009.511207 5.998130
5009.559539 5.979682
5009.607871 5.960496
5009.656204 5.940581
5009.704536 5.919944
5009.752868 5.898594
5009.801201 5.876538
5009.849533 5.853785
5009.897866 5.830344
5009.946198 5.806224
5009.994530 5.781434
5010.042863 5.755983
5010.091195 5.729882
5010.139528 5.703139
5010.187860 5.675766
5010.236192 5.647771
5010.284525 5.619167
5010.332857 5.589964
5010.381190 5.560172
5010.429522 5.529802
5010.477854 5.498866
5010.526187 5.467375
5010.574519 5.435341
5010.622851 5.402775
5010.671184 5.369689
5010.719516 5.336096
5010.767849 5.302006
5010.816181 5.267433
5010.864513 5.232389
5010.912846 5.196886
5010.961178 5.160937
5011.009511 5.124554
5011.057843 5.087750
5011.106175 5.050538
5011.154508 5.012931
5011.202840 4.974942
5011.251173 4.936583
5011.299505 4.897867
5011.347837 4.858809
5011.396170 4.819420
5011.444502 4.779714
5011.492834 4.739704
5011.541167 4.699403
5011.589499 4.658825
5011.637832 4.617982
5011.686164 4.576888
5011.734496 4.535555
5011.782829 4.493998
5011.831161 4.452228
5011.879494 4.410260
5011.927826 4.368105
5011.976158 4.325777
5012.024491 4.283290
5012.072823 4.240655
5012.121156 4.197885
5012.169488 4.154994
5012.217820 4.111993
5012.266153 4.068896
5012.314485 4.025714
5012.362817 3.982460
5012.411150 3.939147
5012.459482 3.895785
5012.507815 3.852389
5012.556147 3.808968
5012.604479 3.765536
5012.652812 3.722103
5012.701144 3.678681
5012.749477 3.635282
5012.797809 3.591917
5012.846141 3.548596
5012.894474 3.505331
5012.942806 3.462133
5012.991139 3.419012
5013.039471 3.375978
5013.087803 3.333043
5013.136136 3.290215
5013.184468 3.247505
5013.232800 3.204923
5013.281133 3.162478
5013.329465 3.120180
5013.377798 3.078038
5013.426130 3.036060
5013.474462 2.994257
5013.522795 2.952636
5013.571127 2.911205
5013.619460 2.869974
5013.667792 2.828951
5013.716124 2.788142
5013.764457 2.747557
5013.812789 2.707201
5013.861122 2.667084
5013.909454 2.627211
5013.957786 2.587589
5014.006119 2.548226
5014.054451 2.509127
5014.102783 2.470300
5014.151116 2.431749
5014.199448 2.393482
5014.247781 2.355503
5014.296113 2.317818
5014.344445 2.280432
5014.392778 2.243351
5014.441110 2.206579
5014.489443 2.170121
5014.537775 2.133980
5014.586107 2.098163
5014.634440 2.062672
5014.682772 2.027511
5014.731105 1.992684
5014.779437 1.958195
5014.827769 1.924047
5014.876102 1.890242
5014.924434 1.856784
5014.972766 1.823676
5015.021099 1.790919
5015.069431 1.758517
5015.117764 1.726471
5015.166096 1.694783
5015.214428 1.663456
5015.262761 1.632490
5015.311093 1.601887
5015.359426 1.571649
5015.407758 1.541776
5015.456090 1.512270
5015.504423 1.483131
5015.552755 1.454360
5015.601088 1.425957
5015.649420 1.397922
5015.697752 1.370257
5015.746085 1.342960
5015.794417 1.316031
5015.842749 1.289471
5015.891082 1.263279
5015.939414 1.237454
5015.987747 1.211995
5016.036079 1.186902
5016.084411 1.162174
5016.132744 1.137810
5016.181076 1.113808
5016.229409 1.090168
5016.277741 1.066887
5016.326073 1.043964
5016.374406 1.021398
5016.422738 0.999186
5016.471071 0.977328
5016.519403 0.955820
5016.567735 0.934661
5016.616068 0.913849
5016.664400 0.893381
5016.712732 0.873256
5016.761065 0.853470
5016.809397 0.834022
5016.857730 0.814908
5016.906062 0.796126
5016.954394 0.777673
5017.002727 0.759548
5017.051059 0.741745
5017.099392 0.724264
5017.147724 0.707100
5017.196056 0.690252
5017.244389 0.673715
5017.292721 0.657487
5017.341054 0.641564
5017.389386 0.625943
5017.437718 0.610622
5017.486051 0.595596
5017.534383 0.580863
5017.582715 0.566418
5017.631048 0.552260
5017.679380 0.538383
5017.727713 0.524786
5017.776045 0.511463
5017.824377 0.498413
5017.872710 0.485631
5017.921042 0.473113
5017.969375 0.460857
5018.017707 0.448859
5018.066039 0.437115
5018.114372 0.425621
5018.162704 0.414375
5018.211037 0.403372
5018.259369 0.392609
5018.307701 0.382082
5018.356034 0.371788
5018.404366 0.361723
5018.452698 0.351884
5018.501031 0.342266
5018.549363 0.332868
5018.597696 0.323684
5018.646028 0.314712
5018.694360 0.305948
5018.742693 0.297388
5018.791025 0.289029
5018.839358 0.280868
5018.887690 0.272901
5018.936022 0.265124
5018.984355 0.257535
5019.032687 0.250130
5019.081020 0.242905
5019.129352 0.235858
5019.177684 0.228985
5019.226017 0.222282
5019.274349 0.215747
5019.322681 0.209376
5019.371014 0.203166
5019.419346 0.197114
5019.467679 0.191217
5019.516011 0.185472
5019.564343 0.179875
5019.612676 0.174424
5019.661008 0.169116
5019.709341 0.163947
5019.757673 0.158915
5019.806005 0.154017
5019.854338 0.149250
5019.902670 0.144612
5019.951003 0.140099
5019.999335 0.135709
5020.047667 0.131438
5020.096000 0.127286
5020.144332 0.123248
5020.192665 0.119322
5020.240997 0.115506
5020.289329 0.111797
5020.337662 0.108193
5020.385994 0.104691
5020.434326 0.101289
5020.482659 0.097984
5020.530991 0.094775
5020.579324 0.091658
5020.627656 0.088632
5020.675988 0.085695
5020.724321 0.082844
5020.772653 0.080077
5020.820986 0.077392
5020.869318 0.074788
5020.917650 0.072261
5020.965983 0.069810
5021.014315 0.067434
5021.062648 0.065130
5021.110980 0.062896
5021.159312 0.060731
5021.207645 0.058632
5021.255977 0.056598
5021.304309 0.054628
5021.352642 0.052719
5021.400974 0.050870
5021.449307 0.049080
5021.497639 0.047346
5021.545971 0.045667
5021.594304 0.044042
5021.642636 0.042470
5021.690969 0.040947
5021.739301 0.039475
5021.787633 0.038050
5021.835966 0.036671
5021.884298 0.035338
5021.932631 0.034049
5021.980963 0.032803
5022.029295 0.031597
5022.077628 0.030433
5022.125960 0.029307
5022.174292 0.028219
5022.222625 0.027168
5022.270957 0.026152
5022.319290 0.025171
5022.367622 0.024224
5022.415954 0.023309
5022.464287 0.022426
5022.512619 0.021573
5022.560952 0.020750
5022.609284 0.019956
5022.657616 0.019190
5022.705949 0.018450
5022.754281 0.017737
5022.802614 0.017049
5022.850946 0.016385
5022.899278 0.015746
5022.947611 0.015129
5022.995943 0.014534
5023.044275 0.013961
5023.092608 0.013409
5023.140940 0.012877
5023.189273 0.012364
5023.237605 0.011870
5023.285937 0.011395
5023.334270 0.010937
5023.382602 0.010496
5023.430935 0.010071
5023.479267 0.009663
5023.527599 0.009269
5023.575932 0.008891
5023.624264 0.008527
5023.672597 0.008176
5023.720929 0.007839
5023.769261 0.007515
5023.817594 0.007203
5023.865926 0.006904
5023.914258 0.006616
5023.962591 0.006339
5024.010923 0.006073
5024.059256 0.005817
5024.107588 0.005571
5024.155920 0.005335
5024.204253 0.005109
5024.252585 0.004891
5024.300918 0.004682
5024.349250 0.004481
5024.397582 0.004288
5024.445915 0.004103
5024.494247 0.003926
5024.542580 0.003756
5024.590912 0.003592
5024.639244 0.003435
5024.687577 0.003285
5024.735909 0.003141
5024.784241 0.003003
5024.832574 0.002870
5024.880906 0.002743
5024.929239 0.002621
5024.977571 0.002504
5025.025903 0.002393
5025.074236 0.002285
5025.122568 0.002183
5025.170901 0.002085
5025.219233 0.001990
5025.267565 0.001900
5025.315898 0.001814
5025.364230 0.001731
5025.412563 0.001652
5025.460895 0.001577
5025.509227 0.001504
5025.557560 0.001435
5025.605892 0.001369
5025.654224 0.001305
5025.702557 0.001245
5025.750889 0.001187
5025.799222 0.001131
5025.847554 0.001078
5025.895886 0.001028
5025.944219 0.000979
5025.992551 0.000933
5026.040884 0.000889
5026.089216 0.000847
5026.137548 0.000806
5026.185881 0.000768
5026.234213 0.000731
5026.282546 0.000696
5026.330878 0.000663
5026.379210 0.000631
5026.427543 0.000600
5026.475875 0.000571
5026.524207 0.000543
5026.572540 0.000517
5026.620872 0.000492
5026.669205 0.000468
5026.717537 0.000445
5026.765869 0.000423
5026.814202 0.000402
5026.862534 0.000382
5026.910867 0.000363
5026.959199 0.000345
5027.007531 0.000328
5027.055864 0.000311
5027.104196 0.000296
5027.152529 0.000281
5027.200861 0.000267
5027.249193 0.000253
5027.297526 0.000241
5027.345858 0.000228
5027.394190 0.000217
5027.442523 0.000206
5027.490855 0.000195
5027.539188 0.000185
5027.587520 0.000176
5027.635852 0.000167
5027.684185 0.000158
5027.732517 0.000150
5027.780850 0.000142
5027.829182 0.000135
5027.877514 0.000128
5027.925847 0.000121
5027.974179 0.000115
5028.022512 0.000109
5028.070844 0.000103
5028.119176 0.000097
5028.167509 0.000092
5028.215841 0.000087
5028.264173 0.000083
5028.312506 0.000078
5028.360838 0.000074
5028.409171 0.000070
5028.457503 0.000066
5028.505835 0.000063
5028.554168 0.000059
5028.602500 0.000056
5028.650833 0.000053
5028.699165 0.000050
5028.747497 0.000048
5028.795830 0.000045
5028.844162 0.000043
5028.892495 0.000040
5028.940827 0.000038
5028.989159 0.000036
5029.037492 0.000034
5029.085824 0.000032
5029.134156 0.000030
5029.182489 0.000029
5029.230821 0.000027
5029.279154 0.000025
5029.327486 0.000024
5029.375818 0.000023
5029.424151 0.000021
5029.472483 0.000020
5029.520816 0.000019
5029.569148 0.000018
5029.617480 0.000017
5029.665813 0.000016
5029.714145 0.000015
5029.762478 0.000014
5029.810810 0.000013
5029.859142 0.000013
5029.907475 0.000012
5029.955807 0.000011
5030.004139 0.000011
5030.052472 0.000010
5030.100804 0.000009
5030.149137 0.000009
5030.197469 0.000008
5030.245801 0.000008
5030.294134 0.000007
5030.342466 0.000007
5030.390799 0.000007
5030.439131 0.000006
5030.487463 0.000006
5030.535796 0.000005
5030.584128 0.000005
5030.632461 0.000005
5030.680793 0.000005
5030.729125 0.000004
5030.777458 0.000004
5030.825790 0.000004
5030.874122 0.000004
5030.922455 0.000003
5030.970787 0.000003
5031.019120 0.000003
5031.067452 0.000003
5031.115784 0.000003
5031.164117 0.000002
5031.212449 0.000002
5031.260782 0.000002
5031.309114 0.000002
5031.357446 0.000002
5031.405779 0.000002
5031.454111 0.000002
5031.502444 0.000002
5031.550776 0.000001
5031.599108 0.000001
5031.647441 0.000001
5031.695773 0.000001
5031.744105 0.000001
5031.792438 0.000001
5031.840770 0.000001
5031.889103 0.000001
5031.937435 0.000001
5031.985767 0.000001
5032.034100 0.000001
5032.082432 0.000001
5032.130765 0.000001
5032.179097 0.000001
5032.227429 0.000001
5032.275762 0.000001
5032.324094 0.000001
5032.372427 0.000000
5032.420759 0.000000
5032.469091 0.000000
5032.517424 0.000000
5032.565756 0.000000
5032.614088 0.000000
5032.662421 0.000000
5032.710753 0.000000
5032.759086 0.000000
5032.807418 0.000000
5032.855750 0.000000
5032.904083 0.000000
5032.952415 0.000000
5033.000748 0.000000
5033.049080 0.000000
5033.097412 0.000000
5033.145745 0.000000
5033.194077 0.000000
5033.242410 0.000000
5033.290742 0.000000
5033.339074 0.000000
5033.387407 0.000000
5033.435739 0.000000
5033.484071 0.000000
5033.532404 0.000000
5033.580736 0.000000
5033.629069 0.000000
5033.677401 0.000000
5033.725733 0.000000
5033.774066 0.000000
5033.822398 0.000000
5033.870731 0.000000
5033.919063 0.000000
5033.967395 0.000000
5034.015728 0.000000
5034.064060 0.000000
5034.112393 0.000000
5034.160725 0.000000
5034.209057 0.000000
5034.257390 0.000000
5034.305722 0.000000
5034.354055 0.000000
5034.402387 0.000000
5034.450719 0.000000
5034.499052 0.000000
5034.547384 0.000000
5034.595716 0.000000
5034.644049 0.000000
5034.692381 0.000000
5034.740714 0.000000
5034.789046 0.000000
5034.837378 0.000000
5034.885711 0.000000
5034.934043 0.000000
5034.982376 0.000000
5035.030708 0.000000
5035.079040 0.000000
5035.127373 0.000000
5035.175705 0.000000
5035.224038 0.000000
5035.272370 0.000000
5035.320702 0.000000
5035.369035 0.000000
5035.417367 0.000000
5035.465699 0.000000
5035.514032 0.000000
5035.562364 0.000000
5035.610697 0.000000
5035.659029 0.000000
5035.707361 0.000000
5035.755694 0.000000
5035.804026 0.000000
5035.852359 0.000000
5035.900691 0.000000
5035.949023 0.000000
5035.997356 0.000000
5036.045688 0.000000
5036.094021 0.000000
5036.142353 0.000000
5036.190685 0.000000
5036.239018 0.000000
5036.287350 0.000000
5036.335682 0.000000
5036.384015 0.000000
5036.432347 0.000000
5036.480680 0.000000
5036.529012 0.000000
5036.577344 0.000000
5036.625677 0.000000
5036.674009 0.000000
5036.722342 0.000000
5036.770674 0.000000
5036.819006 0.000000
5036.867339 0.000000
5036.915671 0.000000
5036.964004 0.000000
5037.012336 0.000000
5037.060668 0.000000
5037.109001 0.000000
5037.157333 0.000000
5037.205665 0.000000
5037.253998 0.000000
5037.302330 0.000000
5037.350663 0.000000
5037.398995 0.000000
5037.447327 0.000000
5037.495660 0.000000
5037.543992 0.000000
5037.592325 0.000000
5037.640657 0.000000
5037.688989 0.000000
5037.737322 0.000000
5037.785654 0.000000
5037.833987 0.000000
5037.882319 0.000000
5037.930651 0.000000
5037.978984 0.000000
5038.027316 0.000000
5038.075648 0.000000
5038.123981 0.000000
5038.172313 0.000000
5038.220646 0.000000
5038.268978 0.000000
5038.317310 0.000000
5038.365643 0.000000
5038.413975 0.000000
5038.462308 0.000000
5038.510640 0.000000
5038.558972 0.000000
5038.607305 0.000000
5038.655637 0.000000
5038.703970 0.000000
5038.752302 0.000000
5038.800634 0.000000
5038.848967 0.000000
5038.897299 0.000000
5038.945631 0.000000
5038.993964 0.000000
5039.042296 0.000000
5039.090629 0.000000
5039.138961 0.000000
5039.187293 0.000000
5039.235626 0.000000
5039.283958 0.000000
5039.332291 0.000000
5039.380623 0.000000
5039.428955 0.000000
5039.477288 0.000000
5039.525620 0.000000
5039.573953 0.000000
5039.622285 0.000000
5039.670617 0.000000
5039.718950 0.000000
5039.767282 0.000000
5039.815614 0.000000
5039.863947 0.000000
5039.912279 0.000000
5039.960612 0.000000
5040.008944 0.000000
5040.057276 0.000000
5040.105609 0.000000
5040.153941 0.000000
5040.202274 0.000000
5040.250606 0.000000
5040.298938 0.000000
5040.347271 0.000000
5040.395603 0.000000
5040.443936 0.000000
5040.492268 0.000000
5040.540600 0.000000
5040.588933 0.000000
5040.637265 0.000000
5040.685597 0.000000
5040.733930 0.000000
5040.782262 0.000000
5040.830595 0.000000
5040.878927 0.000000
5040.927259 0.000000
5040.975592 0.000000
5041.023924 0.000000
5041.072257 0.000000
5041.120589 0.000000
5041.168921 0.000000
5041.217254 0.000000
5041.265586 0.000000
5041.313919 0.000000
5041.362251 0.000000
5041.410583 0.000000
5041.458916 0.000000
5041.507248 0.000000
5041.555580 0.000000
5041.603913 0.000000
5041.652245 0.000000
5041.700578 0.000000
5041.748910 0.000000
5041.797242 0.000000
5041.845575 0.000000
5041.893907 0.000000
5041.942240 0.000000
5041.990572 0.000000
5042.038904 0.000000
5042.087237 0.000000
5042.135569 0.000000
5042.183902 0.000000
5042.232234 0.000000
5042.280566 0.000000
5042.328899 0.000000
5042.377231 0.000000
5042.425563 0.000000
5042.473896 0.000000
5042.522228 0.000000
5042.570561 0.000000
5042.618893 0.000000
5042.667225 0.000000
5042.715558 0.000000
5042.763890 0.000000
5042.812223 0.000000
5042.860555 0.000000
5042.908887 0.000000
5042.957220 0.000000
5043.005552 0.000000
5043.053885 0.000000
5043.102217 0.000000
5043.150549 0.000000
5043.198882 0.000000
5043.247214 0.000000
5043.295546 0.000000
5043.343879 0.000000
5043.392211 0.000000
5043.440544 0.000000
5043.488876 0.000000
5043.537208 0.000000
5043.585541 0.000000
5043.633873 0.000000
5043.682206 0.000000
5043.730538 0.000000
5043.778870 0.000000
5043.827203 0.000000
5043.875535 0.000000
5043.923868 0.000000
5043.972200 0.000000
5044.020532 0.000000
5044.068865 0.000000
5044.117197 0.000000
5044.165529 0.000000
5044.213862 0.000000
5044.262194 0.000000
5044.310527 0.000000
5044.358859 0.000000
5044.407191 0.000000
5044.455524 0.000000
5044.503856 0.000000
5044.552189 0.000000
5044.600521 0.000000
5044.648853 0.000000
5044.697186 0.000000
5044.745518 0.000000
5044.793851 0.000000
5044.842183 0.000000
5044.890515 0.000000
5044.938848 0.000000
5044.987180 0.000000
5045.035512 0.000000
5045.083845 0.000000
5045.132177 0.000000
5045.180510 0.000000
5045.228842 0.000000
5045.277174 0.000000
5045.325507 0.000000
5045.373839 0.000000
5045.422172 0.000000
5045.470504 0.000000
5045.518836 0.000000
5045.567169 0.000000
5045.615501 0.000000
5045.663834 0.000000
5045.712166 0.000000
5045.760498 0.000000
5045.808831 0.000000
5045.857163 0.000000
5045.905495 0.000000
5045.953828 0.000000
5046.002160 0.000000
5046.050493 0.000000
5046.098825 0.000000
5046.147157 0.000000
5046.195490 0.000000
5046.243822 0.000000
5046.292155 0.000000
5046.340487 0.000000
5046.388819 0.000000
5046.437152 0.000000
5046.485484 0.000000
5046.533817 0.000000
5046.582149 0.000000
5046.630481 0.000000
5046.678814 0.000000
5046.727146 0.000000
5046.775478 0.000000
5046.823811 0.000000
5046.872143 0.000000
5046.920476 0.000000
5046.968808 0.000000
5047.017140 0.000000
5047.065473 0.000000
5047.113805 0.000000
5047.162138 0.000000
5047.210470 0.000000
5047.258802 0.000000
5047.307135 0.000000
5047.355467 0.000000
5047.403800 0.000000
5047.452132 0.000000
5047.500464 0.000000
5047.548797 0.000000
5047.597129 0.000000
5047.645462 0.000000
5047.693794 0.000000
5047.742126 0.000000
5047.790459 0.000000
5047.838791 0.000000
5047.887123 0.000000
5047.935456 0.000000
5047.983788 0.000000
5048.032121 0.000000
5048.080453 0.000000
5048.128785 0.000000
5048.177118 0.000000
5048.225450 0.000000
5048.273783 0.000000
5048.322115 0.000000
5048.370447 0.000000
5048.418780 0.000000
5048.467112 0.000000
5048.515445 0.000000
5048.563777 0.000000
5048.612109 0.000000
5048.660442 0.000000
5048.708774 0.000000
5048.757106 0.000000
5048.805439 0.000000
5048.853771 0.000000
5048.902104 0.000000
5048.950436 0.000000
5048.998768 0.000000
5049.047101 0.000000
5049.095433 0.000000
5049.143766 0.000000
5049.192098 0.000000
5049.240430 0.000000
5049.288763 0.000000
5049.337095 0.000000
5049.385428 0.000000
5049.433760 0.000000
5049.482092 0.000000
5049.530425 0.000000
5049.578757 0.000000
5049.627089 0.000000
5049.675422 0.000000
5049.723754 0.000000
5049.772087 0.000000
5049.820419 0.000000
5049.868751 0.000000
5049.917084 0.000000
5049.965416 0.000000
5050.013749 0.000000
5050.062081 0.000000
5050.110413 0.000000
5050.158746 0.000000
5050.207078 0.000000
5050.255411 0.000000
5050.303743 0.000000
5050.352075 0.000000
5050.400408 0.000000
5050.448740 0.000000
5050.497072 0.000000
5050.545405 0.000000
5050.593737 0.000000
5050.642070 0.000000
5050.690402 0.000000
5050.738734 0.000000
5050.787067 0.000000
5050.835399 0.000000
5050.883732 0.000000
5050.932064 0.000000
5050.980396 0.000000
5051.028729 0.000000
5051.077061 0.000000
5051.125394 0.000000
5051.173726 0.000000
5051.222058 0.000000
5051.270391 0.000000
5051.318723 0.000000
5051.367055 0.000000
5051.415388 0.000000
5051.463720 0.000000
5051.512053 0.000000
5051.560385 0.000000
5051.608717 0.000000
5051.657050 0.000000
5051.705382 0.000000
5051.753715 0.000000
5051.802047 0.000000
5051.850379 0.000000
5051.898712 0.000000
5051.947044 0.000000
5051.995377 0.000000
5052.043709 0.000000
5052.092041 0.000000
5052.140374 0.000000
5052.188706 0.000000
5052.237038 0.000000
5052.285371 0.000000
5052.333703 0.000000
5052.382036 0.000000
5052.430368 0.000000
5052.478700 0.000000
5052.527033 0.000000
5052.575365 0.000000
5052.623698 0.000000
5052.672030 0.000000
5052.720362 0.000000
5052.768695 0.000000
5052.817027 0.000000
5052.865360 0.000000
5052.913692 0.000000
5052.962024 0.000000
5053.010357 0.000000
5053.058689 0.000000
5053.107021 0.000000
5053.155354 0.000000
5053.203686 0.000000
5053.252019 0.000000
5053.300351 0.000000
5053.348683 0.000000
5053.397016 0.000000
5053.445348 0.000000
5053.493681 0.000000
5053.542013 0.000000
5053.590345 0.000000
5053.638678 0.000000
5053.687010 0.000000
5053.735343 0.000000
5053.783675 0.000000
5053.832007 0.000000
5053.880340 0.000000
5053.928672 0.000000
5053.977004 0.000000
5054.025337 0.000000
5054.073669 0.000000
5054.122002 0.000000
5054.170334 0.000000
5054.218666 0.000000
5054.266999 0.000000
5054.315331 0.000000
5054.363664 0.000000
5054.411996 0.000000
5054.460328 0.000000
5054.508661 0.000000
5054.556993 0.000000
5054.605326 0.000000
5054.653658 0.000000
5054.701990 0.000000
5054.750323 0.000000
5054.798655 0.000000
5054.846987 0.000000
5054.895320 0.000000
5054.943652 0.000000
5054.991985 0.000000
5055.040317 0.000000
5055.088649 0.000000
5055.136982 0.000000
5055.185314 0.000000
5055.233647 0.000000
5055.281979 0.000000
5055.330311 0.000000
5055.378644 0.000000
5055.426976 0.000000
5055.475309 0.000000
5055.523641 0.000000
5055.571973 0.000000
5055.620306 0.000000
5055.668638 0.000000
5055.716970 0.000000
5055.765303 0.000000
5055.813635 0.000000
5055.861968 0.000000
5055.910300 0.000000
5055.958632 0.000000
5056.006965 0.000000
5056.055297 0.000000
5056.103630 0.000000
5056.151962 0.000000
5056.200294 0.000000
5056.248627 0.000000
5056.296959 0.000000
5056.345292 0.000000
5056.393624 0.000000
5056.441956 0.000000
5056.490289 0.000000
5056.538621 0.000000
5056.586953 0.000000
5056.635286 0.000000
5056.683618 0.000000
5056.731951 0.000000
5056.780283 0.000000
5056.828615 0.000000
5056.876948 0.000000
5056.925280 0.000000
5056.973613 0.000000
5057.021945 0.000000
5057.070277 0.000000
5057.118610 0.000000
5057.166942 0.000000
5057.215275 0.000000
5057.263607 0.000000
5057.311939 0.000000
5057.360272 0.000000
5057.408604 0.000000
5057.456936 0.000000
5057.505269 0.000000
5057.553601 0.000000
5057.601934 0.000000
5057.650266 0.000000
5057.698598 0.000000
5057.746931 0.000000
5057.795263 0.000000
5057.843596 0.000000
5057.891928 0.000000
5057.940260 0.000000
5057.988593 0.000000
5058.036925 0.000000
5058.085258 0.000000
5058.133590 0.000000
5058.181922 0.000000
5058.230255 0.000000
5058.278587 0.000000
5058.326919 0.000000
5058.375252 0.000000
5058.423584 0.000000
5058.471917 0.000000
5058.520249 0.000000
5058.568581 0.000000
5058.616914 0.000000
5058.665246 0.000000
5058.713579 0.000000
5058.761911 0.000000
5058.810243 0.000000
5058.858576 0.000000
5058.906908 0.000000
5058.955241 0.000000
5059.003573 0.000000
5059.051905 0.000000
5059.100238 0.000000
5059.148570 0.000000
5059.196902 0.000000
5059.245235 0.000000
5059.293567 0.000000
5059.341900 0.000000
5059.390232 0.000000
5059.438564 0.000000
5059.486897 0.000000
5059.535229 0.000000
5059.583562 0.000000
5059.631894 0.000000
5059.680226 0.000000
5059.728559 0.000000
5059.776891 0.000000
5059.825224 0.000000
5059.873556 0.000000
5059.921888 0.000000
5059.970221 0.000000
5060.018553 0.000000
5060.066885 0.000000
5060.115218 0.000000
5060.163550 0.000000
5060.211883 0.000000
5060.260215 0.000000
5060.308547 0.000000
5060.356880 0.000000
5060.405212 0.000000
5060.453545 0.000000
5060.501877 0.000000
5060.550209 0.000000
5060.598542 0.000000
5060.646874 0.000000
5060.695207 0.000000
5060.743539 0.000000
5060.791871 0.000000
5060.840204 0.000000
5060.888536 0.000000
5060.936868 0.000000
5060.985201 0.000000
5061.033533 0.000000
5061.081866 0.000000
5061.130198 0.000000
5061.178530 0.000000
5061.226863 0.000000
5061.275195 0.000000
5061.323528 0.000000
5061.371860 0.000000
5061.420192 0.000000
5061.468525 0.000000
5061.516857 0.000000
5061.565190 0.000000
5061.613522 0.000000
5061.661854 0.000000
5061.710187 0.000000
5061.758519 0.000000
5061.806852 0.000000
5061.855184 0.000000
5061.903516 0.000000
5061.951849 0.000000
5062.000181 0.000000
5062.048513 0.000000
5062.096846 0.000000
5062.145178 0.000000
5062.193511 0.000000
5062.241843 0.000000
5062.290175 0.000000
5062.338508 0.000000
5062.386840 0.000000
5062.435173 0.000000
5062.483505 0.000000
5062.531837 0.000000
5062.580170 0.000000
5062.628502 0.000000
5062.676835 0.000000
5062.725167 0.000000
5062.773499 0.000000
5062.821832 0.000000
5062.870164 0.000000
5062.918496 0.000000
5062.966829 0.000000
5063.015161 0.000000
5063.063494 0.000000
5063.111826 0.000000
5063.160158 0.000000
5063.208491 0.000000
5063.256823 0.000000
5063.305156 0.000000
5063.353488 0.000000
5063.401820 0.000000
5063.450153 0.000000
5063.498485 0.000000
5063.546818 0.000000
5063.595150 0.000000
5063.643482 0.000000
5063.691815 0.000000
5063.740147 0.000000
5063.788479 0.000000
5063.836812 0.000000
5063.885144 0.000000
5063.933477 0.000000
5063.981809 0.000000
5064.030141 0.000000
5064.078474 0.000000
5064.126806 0.000000
5064.175139 0.000000
5064.223471 0.000000
5064.271803 0.000000
5064.320136 0.000000
5064.368468 0.000000
5064.416801 0.000000
5064.465133 0.000000
5064.513465 0.000000
5064.561798 0.000000
5064.610130 0.000000
5064.658462 0.000000
5064.706795 0.000000
5064.755127 0.000000
5064.803460 0.000000
5064.851792 0.000000
5064.900124 0.000000
5064.948457 0.000000
5064.996789 0.000000
5065.045122 0.000000
5065.093454 0.000000
5065.141786 0.000000
5065.190119 0.000000
5065.238451 0.000000
5065.286784 0.000000
5065.335116 0.000000
5065.383448 0.000000
5065.431781 0.000000
5065.480113 0.000000
5065.528445 0.000000
5065.576778 0.000000
5065.625110 0.000000
5065.673443 0.000000
5065.721775 0.000000
5065.770107 0.000000
5065.818440 0.000000
5065.866772 0.000000
5065.915105 0.000000
5065.963437 0.000000
5066.011769 0.000000
5066.060102 0.000000
5066.108434 0.000000
5066.156767 0.000000
5066.205099 0.000000
5066.253431 0.000000
5066.301764 0.000000
5066.350096 0.000000
5066.398428 0.000000
5066.446761 0.000000
5066.495093 0.000000
5066.543426 0.000000
5066.591758 0.000000
5066.640090 0.000000
5066.688423 0.000000
5066.736755 0.000000
5066.785088 0.000000
5066.833420 0.000000
5066.881752 0.000000
5066.930085 0.000000
5066.978417 0.000000
5067.026750 0.000000
5067.075082 0.000000
5067.123414 0.000000
5067.171747 0.000000
5067.220079 0.000000
5067.268411 0.000000
5067.316744 0.000000
5067.365076 0.000000
5067.413409 0.000000
5067.461741 0.000000
5067.510073 0.000000
5067.558406 0.000000
5067.606738 0.000000
5067.655071 0.000000
5067.703403 0.000000
5067.751735 0.000000
5067.800068 0.000000
5067.848400 0.000000
5067.896733 0.000000
5067.945065 0.000000
5067.993397 0.000000
5068.041730 0.000000
5068.090062 0.000000
5068.138394 0.000000
5068.186727 0.000000
5068.235059 0.000000
5068.283392 0.000000
5068.331724 0.000000
5068.380056 0.000000
5068.428389 0.000000
5068.476721 0.000000
5068.525054 0.000000
5068.573386 0.000000
5068.621718 0.000000
5068.670051 0.000000
5068.718383 0.000000
5068.766716 0.000000
5068.815048 0.000000
5068.863380 0.000000
5068.911713 0.000000
5068.960045 0.000000
5069.008377 0.000000
5069.056710 0.000000
5069.105042 0.000000
5069.153375 0.000000
5069.201707 0.000000
5069.250039 0.000000
5069.298372 0.000000
5069.346704 0.000000
5069.395037 0.000000
5069.443369 0.000000
5069.491701 0.000000
5069.540034 0.000000
5069.588366 0.000000
5069.636699 0.000000
5069.685031 0.000000
5069.733363 0.000000
5069.781696 0.000000
5069.830028 0.000000
5069.878360 0.000000
5069.926693 0.000000
5069.975025 0.000000
