4900.016588 0.000000
4900.058058 0.000000
4900.099527 0.000000
4900.140997 0.000000
4900.182467 0.000000
4900.223936 0.000000
4900.265406 0.000000
4900.306876 0.000000
4900.348345 0.000000
4900.389815 0.000000
4900.431285 0.000000
4900.472754 0.000000
4900.514224 0.000000
4900.555694 0.000000
4900.597163 0.000000
4900.638633 0.000000
4900.680103 0.000000
4900.721573 0.000000
4900.763042 0.000000
4900.804512 0.000000
4900.845982 0.000000
4900.887451 0.000000
4900.928921 0.000000
4900.970391 0.000000
4901.011860 0.000000
4901.053330 0.000000
4901.094800 0.000000
4901.136269 0.000000
4901.177739 0.000000
4901.219209 0.000000
4901.260678 0.000000
4901.302148 0.000000
4901.343618 0.000000
4901.385088 0.000000
4901.426557 0.000000
4901.468027 0.000000
4901.509497 0.000000
4901.550966 0.000000
4901.592436 0.000000
4901.633906 0.000000
4901.675375 0.000000
4901.716845 0.000000
4901.758315 0.000000
4901.799784 0.000000
4901.841254 0.000000
4901.882724 0.000000
4901.924193 0.000000
4901.965663 0.000000
4902.007133 0.000000
4902.048602 0.000000
4902.090072 0.000000
4902.131542 0.000000
4902.173012 0.000000
4902.214481 0.000000
4902.255951 0.000000
4902.297421 0.000000
4902.338890 0.000000
4902.380360 0.000000
4902.421830 0.000000
4902.463299 0.000000
4902.504769 0.000000
4902.546239 0.000000
4902.587708 0.000000
4902.629178 0.000000
4902.670648 0.000000
4902.712117 0.000000
4902.753587 0.000000
4902.795057 0.000000
4902.836526 0.000000
4902.877996 0.000000
4902.919466 0.000000
4902.960936 0.000000
4903.002405 0.000000
4903.043875 0.000000
4903.085345 0.000000
4903.126814 0.000000
4903.168284 0.000000
4903.209754 0.000000
4903.251223 0.000000
4903.292693 0.000000
4903.334163 0.000000
4903.375632 0.000000
4903.417102 0.000000
4903.458572 0.000000
4903.500041 0.000000
4903.541511 0.000000
4903.582981 0.000000
4903.624451 0.000000
4903.665920 0.000000
4903.707390 0.000000
4903.748860 0.000000
4903.790329 0.000000
4903.831799 0.000000
4903.873269 0.000000
4903.914738 0.000000
4903.956208 0.000000
4903.997678 0.000000
4904.039147 0.000000
4904.080617 0.000000
4904.122087 0.000000
4904.163556 0.000000
4904.205026 0.000000
4904.246496 0.000000
4904.287965 0.000000
4904.329435 0.000000
4904.370905 0.000000
4904.412375 0.000000
4904.453844 0.000000
4904.495314 0.000000
4904.536784 0.000000
4904.578253 0.000000
4904.619723 0.000000
4904.661193 0.000000
4904.702662 0.000000
4904.744132 0.000000
4904.785602 0.000000
4904.827071 0.000000
4904.868541 0.000000
4904.910011 0.000000
4904.951480 0.000000
4904.992950 0.000000
4905.034420 0.000000
4905.075890 0.000000
4905.117359 0.000000
4905.158829 0.000000
4905.200299 0.000000
4905.241768 0.000000
4905.283238 0.000000
4905.324708 0.000000
4905.366177 0.000000
4905.407647 0.000000
4905.449117 0.000000
4905.490586 0.000000
4905.532056 0.000000
4905.573526 0.000000
4905.614995 0.000000
4905.656465 0.000000
4905.697935 0.000000
4905.739404 0.000000
4905.780874 0.000000
4905.822344 0.000000
4905.863814 0.000000
4905.905283 0.000000
4905.946753 0.000000
4905.988223 0.000000
4906.029692 0.000000
4906.071162 0.000000
4906.112632 0.000000
4906.154101 0.000000
4906.195571 0.000000
4906.237041 0.000000
4906.278510 0.000000
4906.319980 0.000000
4906.361450 0.000000
4906.402919 0.000000
4906.444389 0.000000
4906.485859 0.000000
4906.527329 0.000000
4906.568798 0.000000
4906.610268 0.000000
4906.651738 0.000000
4906.693207 0.000000
4906.734677 0.000000
4906.776147 0.000000
4906.817616 0.000000
4906.859086 0.000000
4906.900556 0.000000
4906.942025 0.000000
4906.983495 0.000000
4907.024965 0.000000
4907.066434 0.000000
4907.107904 0.000000
4907.149374 0.000000
4907.190843 0.000000
4907.232313 0.000000
4907.273783 0.000000
4907.315253 0.000000
4907.356722 0.000000
4907.398192 0.000000
4907.439662 0.000000
4907.481131 0.000000
4907.522601 0.000000
4907.564071 0.000000
4907.605540 0.000000
4907.647010 0.000000
4907.688480 0.000000
4907.729949 0.000000
4907.771419 0.000000
4907.812889 0.000000
4907.854358 0.000000
4907.895828 0.000000
4907.937298 0.000000
4907.978768 0.000000
4908.020237 0.000000
4908.061707 0.000000
4908.103177 0.000000
4908.144646 0.000000
4908.186116 0.000000
4908.227586 0.000000
4908.269055 0.000000
4908.310525 0.000000
4908.351995 0.000000
4908.393464 0.000000
4908.434934 0.000000
4908.476404 0.000000
4908.517873 0.000000
4908.559343 0.000000
4908.600813 0.000000
4908.642282 0.000000
4908.683752 0.000000
4908.725222 0.000000
4908.766692 0.000000
4908.808161 0.000000
4908.849631 0.000000
4908.891101 0.000000
4908.932570 0.000000
4908.974040 0.000000
4909.015510 0.000000
4909.056979 0.000000
4909.098449 0.000000
4909.139919 0.000000
4909.181388 0.000000
4909.222858 0.000000
4909.264328 0.000000
4909.305797 0.000000
4909.347267 0.000000
4909.388737 0.000000
4909.430207 0.000000
4909.471676 0.000000
4909.513146 0.000000
4909.554616 0.000000
4909.596085 0.000000
4909.637555 0.000000
4909.679025 0.000000
4909.720494 0.000000
4909.761964 0.000000
4909.803434 0.000000
4909.844903 0.000000
4909.886373 0.000000
4909.927843 0.000000
4909.969312 0.000000
4910.010782 0.000000
4910.052252 0.000000
4910.093721 0.000000
4910.135191 0.000000
4910.176661 0.000000
4910.218131 0.000000
4910.259600 0.000000
4910.301070 0.000000
4910.342540 0.000000
4910.384009 0.000000
4910.425479 0.000000
4910.466949 0.000000
4910.508418 0.000000
4910.549888 0.000000
4910.591358 0.000000
4910.632827 0.000000
4910.674297 0.000000
4910.715767 0.000000
4910.757236 0.000000
4910.798706 0.000000
4910.840176 0.000000
4910.881646 0.000000
4910.923115 0.000000
4910.964585 0.000000
4911.006055 0.000000
4911.047524 0.000000
4911.088994 0.000000
4911.130464 0.000000
4911.171933 0.000000
4911.213403 0.000000
4911.254873 0.000000
4911.296342 0.000000
4911.337812 0.000000
4911.379282 0.000000
4911.420751 0.000000
4911.462221 0.000000
4911.503691 0.000000
4911.545160 0.000000
4911.586630 0.000000
4911.628100 0.000000
4911.669570 0.000000
4911.711039 0.000000
4911.752509 0.000000
4911.793979 0.000000
4911.835448 0.000000
4911.876918 0.000000
4911.918388 0.000000
4911.959857 0.000000
4912.001327 0.000000
4912.042797 0.000000
4912.084266 0.000000
4912.125736 0.000000
4912.167206 0.000000
4912.208675 0.000000
4912.250145 0.000000
4912.291615 0.000000
4912.333085 0.000000
4912.374554 0.000000
4912.416024 0.000000
4912.457494 0.000000
4912.498963 0.000000
4912.540433 0.000000
4912.581903 0.000000
4912.623372 0.000000
4912.664842 0.000000
4912.706312 0.000000
4912.747781 0.000000
4912.789251 0.000000
4912.830721 0.000000
4912.872190 0.000000
4912.913660 0.000000
4912.955130 0.000000
4912.996599 0.000000
4913.038069 0.000000
4913.079539 0.000000
4913.121009 0.000000
4913.162478 0.000000
4913.203948 0.000000
4913.245418 0.000000
4913.286887 0.000000
4913.328357 0.000000
4913.369827 0.000000
4913.411296 0.000000
4913.452766 0.000000
4913.494236 0.000000
4913.535705 0.000000
4913.577175 0.000000
4913.618645 0.000000
4913.660114 0.000000
4913.701584 0.000000
4913.743054 0.000000
4913.784524 0.000000
4913.825993 0.000000
4913.867463 0.000000
4913.908933 0.000000
4913.950402 0.000000
4913.991872 0.000000
4914.033342 0.000000
4914.074811 0.000000
4914.116281 0.000000
4914.157751 0.000000
4914.199220 0.000000
4914.240690 0.000000
4914.282160 0.000000
4914.323629 0.000000
4914.365099 0.000000
4914.406569 0.000000
4914.448038 0.000000
4914.489508 0.000000
4914.530978 0.000000
4914.572448 0.000000
4914.613917 0.000000
4914.655387 0.000000
4914.696857 0.000000
4914.738326 0.000000
4914.779796 0.000000
4914.821266 0.000000
4914.862735 0.000000
4914.904205 0.000000
4914.945675 0.000000
4914.987144 0.000000
4915.028614 0.000000
4915.070084 0.000000
4915.111553 0.000000
4915.153023 0.000000
4915.194493 0.000000
4915.235963 0.000000
4915.277432 0.000000
4915.318902 0.000000
4915.360372 0.000000
4915.401841 0.000000
4915.443311 0.000000
4915.484781 0.000000
4915.526250 0.000000
4915.567720 0.000000
4915.609190 0.000000
4915.650659 0.000000
4915.692129 0.000000
4915.733599 0.000000
4915.775068 0.000000
4915.816538 0.000000
4915.858008 0.000000
4915.899477 0.000000
4915.940947 0.000000
4915.982417 0.000000
4916.023887 0.000000
4916.065356 0.000000
4916.106826 0.000000
4916.148296 0.000000
4916.189765 0.000000
4916.231235 0.000000
4916.272705 0.000000
4916.314174 0.000000
4916.355644 0.000000
4916.397114 0.000000
4916.438583 0.000000
4916.480053 0.000000
4916.521523 0.000000
4916.562992 0.000000
4916.604462 0.000000
4916.645932 0.000000
4916.687402 0.000000
4916.728871 0.000000
4916.770341 0.000000
4916.811811 0.000000
4916.853280 0.000000
4916.894750 0.000000
4916.936220 0.000000
4916.977689 0.000000
4917.019159 0.000000
4917.060629 0.000000
4917.102098 0.000000
4917.143568 0.000000
4917.185038 0.000000
4917.226507 0.000000
4917.267977 0.000000
4917.309447 0.000000
4917.350916 0.000000
4917.392386 0.000000
4917.433856 0.000000
4917.475326 0.000000
4917.516795 0.000000
4917.558265 0.000000
4917.599735 0.000000
4917.641204 0.000000
4917.682674 0.000000
4917.724144 0.000000
4917.765613 0.000000
4917.807083 0.000000
4917.848553 0.000000
4917.890022 0.000000
4917.931492 0.000000
4917.972962 0.000000
4918.014431 0.000000
4918.055901 0.000000
4918.097371 0.000000
4918.138841 0.000000
4918.180310 0.000000
4918.221780 0.000000
4918.263250 0.000000
4918.304719 0.000000
4918.346189 0.000000
4918.387659 0.000000
4918.429128 0.000000
4918.470598 0.000000
4918.512068 0.000000
4918.553537 0.000000
4918.595007 0.000000
4918.636477 0.000000
4918.677946 0.000000
4918.719416 0.000000
4918.760886 0.000000
4918.802355 0.000000
4918.843825 0.000000
4918.885295 0.000000
4918.926765 0.000000
4918.968234 0.000000
4919.009704 0.000000
4919.051174 0.000000
4919.092643 0.000000
4919.134113 0.000000
4919.175583 0.000000
4919.217052 0.000000
4919.258522 0.000000
4919.299992 0.000000
4919.341461 0.000000
4919.382931 0.000000
4919.424401 0.000000
4919.465870 0.000000
4919.507340 0.000000
4919.548810 0.000000
4919.590280 0.000000
4919.631749 0.000000
4919.673219 0.000000
4919.714689 0.000000
4919.756158 0.000000
4919.797628 0.000000
4919.839098 0.000000
4919.880567 0.000000
4919.922037 0.000000
4919.963507 0.000000
4920.004976 0.000000
4920.046446 0.000000
4920.087916 0.000000
4920.129385 0.000000
4920.170855 0.000000
4920.212325 0.000000
4920.253794 0.000000
4920.295264 0.000000
4920.336734 0.000000
4920.378204 0.000000
4920.419673 0.000000
4920.461143 0.000000
4920.502613 0.000000
4920.544082 0.000000
4920.585552 0.000000
4920.627022 0.000000
4920.668491 0.000000
4920.709961 0.000000
4920.751431 0.000000
4920.792900 0.000000
4920.834370 0.000000
4920.875840 0.000000
4920.917309 0.000000
4920.958779 0.000000
4921.000249 0.000000
4921.041719 0.000000
4921.083188 0.000000
4921.124658 0.000000
4921.166128 0.000000
4921.207597 0.000000
4921.249067 0.000000
4921.290537 0.000000
4921.332006 0.000000
4921.373476 0.000000
4921.414946 0.000000
4921.456415 0.000000
4921.497885 0.000000
4921.539355 0.000000
4921.580824 0.000000
4921.622294 0.000000
4921.663764 0.000000
4921.705233 0.000000
4921.746703 0.000000
4921.788173 0.000000
4921.829643 0.000000
4921.871112 0.000000
4921.912582 0.000000
4921.954052 0.000000
4921.995521 0.000000
4922.036991 0.000000
4922.078461 0.000000
4922.119930 0.000000
4922.161400 0.000000
4922.202870 0.000000
4922.244339 0.000000
4922.285809 0.000000
4922.327279 0.000000
4922.368748 0.000000
4922.410218 0.000000
4922.451688 0.000000
4922.493158 0.000000
4922.534627 0.000000
4922.576097 0.000000
4922.617567 0.000000
4922.659036 0.000000
4922.700506 0.000000
4922.741976 0.000000
4922.783445 0.000000
4922.824915 0.000000
4922.866385 0.000000
4922.907854 0.000000
4922.949324 0.000000
4922.990794 0.000000
4923.032263 0.000000
4923.073733 0.000000
4923.115203 0.000000
4923.156672 0.000000
4923.198142 0.000000
4923.239612 0.000000
4923.281082 0.000000
4923.322551 0.000000
4923.364021 0.000000
4923.405491 0.000000
4923.446960 0.000000
4923.488430 0.000000
4923.529900 0.000000
4923.571369 0.000000
4923.612839 0.000000
4923.654309 0.000000
4923.695778 0.000000
4923.737248 0.000000
4923.778718 0.000000
4923.820187 0.000000
4923.861657 0.000000
4923.903127 0.000000
4923.944596 0.000000
4923.986066 0.000000
4924.027536 0.000000
4924.069006 0.000000
4924.110475 0.000000
4924.151945 0.000000
4924.193415 0.000000
4924.234884 0.000000
4924.276354 0.000000
4924.317824 0.000000
4924.359293 0.000000
4924.400763 0.000000
4924.442233 0.000000
4924.483702 0.000000
4924.525172 0.000000
4924.566642 0.000000
4924.608111 0.000000
4924.649581 0.000000
4924.691051 0.000000
4924.732521 0.000000
4924.773990 0.000000
4924.815460 0.000000
4924.856930 0.000000
4924.898399 0.000000
4924.939869 0.000000
4924.981339 0.000000
4925.022808 0.000000
4925.064278 0.000000
4925.105748 0.000000
4925.147217 0.000000
4925.188687 0.000000
4925.230157 0.000000
4925.271626 0.000000
4925.313096 0.000000
4925.354566 0.000000
4925.396035 0.000000
4925.437505 0.000000
4925.478975 0.000000
4925.520445 0.000000
4925.561914 0.000000
4925.603384 0.000000
4925.644854 0.000000
4925.686323 0.000000
4925.727793 0.000000
4925.769263 0.000000
4925.810732 0.000000
4925.852202 0.000000
4925.893672 0.000000
4925.935141 0.000000
4925.976611 0.000000
4926.018081 0.000000
4926.059550 0.000000
4926.101020 0.000000
4926.142490 0.000000
4926.183960 0.000000
4926.225429 0.000000
4926.266899 0.000000
4926.308369 0.000000
4926.349838 0.000000
4926.391308 0.000000
4926.432778 0.000000
4926.474247 0.000000
4926.515717 0.000000
4926.557187 0.000000
4926.598656 0.000000
4926.640126 0.000000
4926.681596 0.000000
4926.723065 0.000000
4926.764535 0.000000
4926.806005 0.000000
4926.847474 0.000000
4926.888944 0.000000
4926.930414 0.000000
4926.971884 0.000000
4927.013353 0.000000
4927.054823 0.000000
4927.096293 0.000000
4927.137762 0.000000
4927.179232 0.000000
4927.220702 0.000000
4927.262171 0.000000
4927.303641 0.000000
4927.345111 0.000000
4927.386580 0.000000
4927.428050 0.000000
4927.469520 0.000000
4927.510989 0.000000
4927.552459 0.000000
4927.593929 0.000000
4927.635399 0.000000
4927.676868 0.000000
4927.718338 0.000000
4927.759808 0.000000
4927.801277 0.000000
4927.842747 0.000000
4927.884217 0.000000
4927.925686 0.000000
4927.967156 0.000000
4928.008626 0.000000
4928.050095 0.000000
4928.091565 0.000000
4928.133035 0.000000
4928.174504 0.000000
4928.215974 0.000000
4928.257444 0.000000
4928.298913 0.000000
4928.340383 0.000000
4928.381853 0.000000
4928.423323 0.000000
4928.464792 0.000000
4928.506262 0.000000
4928.547732 0.000000
4928.589201 0.000000
4928.630671 0.000000
4928.672141 0.000000
4928.713610 0.000000
4928.755080 0.000000
4928.796550 0.000000
4928.838019 0.000000
4928.879489 0.000000
4928.920959 0.000000
4928.962428 0.000000
4929.003898 0.000000
4929.045368 0.000000
4929.086838 0.000000
4929.128307 0.000000
4929.169777 0.000000
4929.211247 0.000000
4929.252716 0.000000
4929.294186 0.000000
4929.335656 0.000000
4929.377125 0.000000
4929.418595 0.000000
4929.460065 0.000000
4929.501534 0.000000
4929.543004 0.000000
4929.584474 0.000000
4929.625943 0.000000
4929.667413 0.000000
4929.708883 0.000000
4929.750352 0.000000
4929.791822 0.000000
4929.833292 0.000000
4929.874762 0.000000
4929.916231 0.000000
4929.957701 0.000000
4929.999171 0.000000
4930.040640 0.000000
4930.082110 0.000000
4930.123580 0.000000
4930.165049 0.000000
4930.206519 0.000000
4930.247989 0.000000
4930.289458 0.000000
4930.330928 0.000000
4930.372398 0.000000
4930.413867 0.000000
4930.455337 0.000000
4930.496807 0.000000
4930.538277 0.000000
4930.579746 0.000000
4930.621216 0.000000
4930.662686 0.000000
4930.704155 0.000000
4930.745625 0.000000
4930.787095 0.000000
4930.828564 0.000000
4930.870034 0.000000
4930.911504 0.000000
4930.952973 0.000000
4930.994443 0.000000
4931.035913 0.000000
4931.077382 0.000000
4931.118852 0.000000
4931.160322 0.000000
4931.201791 0.000000
4931.243261 0.000000
4931.284731 0.000000
4931.326201 0.000000
4931.367670 0.000000
4931.409140 0.000000
4931.450610 0.000000
4931.492079 0.000000
4931.533549 0.000000
4931.575019 0.000000
4931.616488 0.000000
4931.657958 0.000000
4931.699428 0.000000
4931.740897 0.000000
4931.782367 0.000000
4931.823837 0.000000
4931.865306 0.000000
4931.906776 0.000000
4931.948246 0.000000
4931.989716 0.000000
4932.031185 0.000000
4932.072655 0.000000
4932.114125 0.000000
4932.155594 0.000000
4932.197064 0.000000
4932.238534 0.000000
4932.280003 0.000000
4932.321473 0.000000
4932.362943 0.000000
4932.404412 0.000000
4932.445882 0.000000
4932.487352 0.000000
4932.528821 0.000000
4932.570291 0.000000
4932.611761 0.000000
4932.653230 0.000000
4932.694700 0.000000
4932.736170 0.000000
4932.777640 0.000000
4932.819109 0.000000
4932.860579 0.000000
4932.902049 0.000000
4932.943518 0.000000
4932.984988 0.000000
4933.026458 0.000000
4933.067927 0.000000
4933.109397 0.000000
4933.150867 0.000000
4933.192336 0.000000
4933.233806 0.000000
4933.275276 0.000000
4933.316745 0.000000
4933.358215 0.000000
4933.399685 0.000000
4933.441155 0.000000
4933.482624 0.000000
4933.524094 0.000000
4933.565564 0.000000
4933.607033 0.000000
4933.648503 0.000000
4933.689973 0.000000
4933.731442 0.000000
4933.772912 0.000000
4933.814382 0.000000
4933.855851 0.000000
4933.897321 0.000000
4933.938791 0.000000
4933.980260 0.000000
4934.021730 0.000000
4934.063200 0.000000
4934.104669 0.000000
4934.146139 0.000000
4934.187609 0.000000
4934.229079 0.000000
4934.270548 0.000000
4934.312018 0.000000
4934.353488 0.000000
4934.394957 0.000000
4934.436427 0.000000
4934.477897 0.000000
4934.519366 0.000000
4934.560836 0.000000
4934.602306 0.000000
4934.643775 0.000000
4934.685245 0.000000
4934.726715 0.000000
4934.768184 0.000000
4934.809654 0.000000
4934.851124 0.000000
4934.892594 0.000000
4934.934063 0.000000
4934.975533 0.000000
4935.017003 0.000000
4935.058472 0.000000
4935.099942 0.000000
4935.141412 0.000000
4935.182881 0.000000
4935.224351 0.000000
4935.265821 0.000000
4935.307290 0.000000
4935.348760 0.000000
4935.390230 0.000000
4935.431699 0.000000
4935.473169 0.000000
4935.514639 0.000000
4935.556108 0.000000
4935.597578 0.000000
4935.639048 0.000000
4935.680518 0.000000
4935.721987 0.000000
4935.763457 0.000000
4935.804927 0.000000
4935.846396 0.000000
4935.887866 0.000000
4935.929336 0.000000
4935.970805 0.000000
4936.012275 0.000000
4936.053745 0.000000
4936.095214 0.000000
4936.136684 0.000000
4936.178154 0.000000
4936.219623 0.000000
4936.261093 0.000000
4936.302563 0.000000
4936.344033 0.000000
4936.385502 0.000000
4936.426972 0.000000
4936.468442 0.000000
4936.509911 0.000000
4936.551381 0.000000
4936.592851 0.000000
4936.634320 0.000000
4936.675790 0.000000
4936.717260 0.000000
4936.758729 0.000000
4936.800199 0.000000
4936.841669 0.000000
4936.883138 0.000000
4936.924608 0.000000
4936.966078 0.000000
4937.007547 0.000000
4937.049017 0.000000
4937.090487 0.000000
4937.131957 0.000000
4937.173426 0.000000
4937.214896 0.000000
4937.256366 0.000000
4937.297835 0.000000
4937.339305 0.000000
4937.380775 0.000000
4937.422244 0.000000
4937.463714 0.000000
4937.505184 0.000000
4937.546653 0.000000
4937.588123 0.000000
4937.629593 0.000000
4937.671062 0.000000
4937.712532 0.000000
4937.754002 0.000000
4937.795472 0.000000
4937.836941 0.000000
4937.878411 0.000000
4937.919881 0.000000
4937.961350 0.000000
4938.002820 0.000000
4938.044290 0.000000
4938.085759 0.000000
4938.127229 0.000000
4938.168699 0.000000
4938.210168 0.000000
4938.251638 0.000000
4938.293108 0.000000
4938.334577 0.000000
4938.376047 0.000000
4938.417517 0.000000
4938.458986 0.000000
4938.500456 0.000000
4938.541926 0.000000
4938.583396 0.000000
4938.624865 0.000000
4938.666335 0.000000
4938.707805 0.000000
4938.749274 0.000000
4938.790744 0.000000
4938.832214 0.000000
4938.873683 0.000000
4938.915153 0.000000
4938.956623 0.000000
4938.998092 0.000000
4939.039562 0.000000
4939.081032 0.000000
4939.122501 0.000000
4939.163971 0.000000
4939.205441 0.000000
4939.246911 0.000000
4939.288380 0.000000
4939.329850 0.000000
4939.371320 0.000000
4939.412789 0.000000
4939.454259 0.000000
4939.495729 0.000000
4939.537198 0.000000
4939.578668 0.000000
4939.620138 0.000000
4939.661607 0.000000
4939.703077 0.000000
4939.744547 0.000000
4939.786016 0.000000
4939.827486 0.000000
4939.868956 0.000000
4939.910425 0.000000
4939.951895 0.000000
4939.993365 0.000000
4940.034835 0.000000
4940.076304 0.000000
4940.117774 0.000000
4940.159244 0.000000
4940.200713 0.000000
4940.242183 0.000000
4940.283653 0.000000
4940.325122 0.000000
4940.366592 0.000000
4940.408062 0.000000
4940.449531 0.000000
4940.491001 0.000000
4940.532471 0.000000
4940.573940 0.000000
4940.615410 0.000000
4940.656880 0.000000
4940.698350 0.000000
4940.739819 0.000000
4940.781289 0.000000
4940.822759 0.000000
4940.864228 0.000000
4940.905698 0.000000
4940.947168 0.000000
4940.988637 0.000000
4941.030107 0.000000
4941.071577 0.000000
4941.113046 0.000000
4941.154516 0.000000
4941.195986 0.000000
4941.237455 0.000000
4941.278925 0.000000
4941.320395 0.000000
4941.361864 0.000000
4941.403334 0.000000
4941.444804 0.000000
4941.486274 0.000000
4941.527743 0.000000
4941.569213 0.000000
4941.610683 0.000000
4941.652152 0.000000
4941.693622 0.000000
4941.735092 0.000000
4941.776561 0.000000
4941.818031 0.000000
4941.859501 0.000000
4941.900970 0.000000
4941.942440 0.000000
4941.983910 0.000000
4942.025379 0.000000
4942.066849 0.000000
4942.108319 0.000000
4942.149789 0.000000
4942.191258 0.000000
4942.232728 0.000000
4942.274198 0.000000
4942.315667 0.000000
4942.357137 0.000000
4942.398607 0.000000
4942.440076 0.000000
4942.481546 0.000000
4942.523016 0.000000
4942.564485 0.000000
4942.605955 0.000000
4942.647425 0.000000
4942.688894 0.000000
4942.730364 0.000000
4942.771834 0.000000
4942.813303 0.000000
4942.854773 0.000000
4942.896243 0.000000
4942.937713 0.000000
4942.979182 0.000000
4943.020652 0.000000
4943.062122 0.000000
4943.103591 0.000000
4943.145061 0.000000
4943.186531 0.000000
4943.228000 0.000000
4943.269470 0.000000
4943.310940 0.000000
4943.352409 0.000000
4943.393879 0.000000
4943.435349 0.000000
4943.476818 0.000000
4943.518288 0.000000
4943.559758 0.000000
4943.601228 0.000000
4943.642697 0.000000
4943.684167 0.000000
4943.725637 0.000000
4943.767106 0.000000
4943.808576 0.000000
4943.850046 0.000000
4943.891515 0.000000
4943.932985 0.000000
4943.974455 0.000000
4944.015924 0.000000
4944.057394 0.000000
4944.098864 0.000000
4944.140333 0.000000
4944.181803 0.000000
4944.223273 0.000000
4944.264742 0.000000
4944.306212 0.000000
4944.347682 0.000000
4944.389152 0.000000
4944.430621 0.000000
4944.472091 0.000000
4944.513561 0.000000
4944.555030 0.000000
4944.596500 0.000000
4944.637970 0.000000
4944.679439 0.000000
4944.720909 0.000000
4944.762379 0.000000
4944.803848 0.000000
4944.845318 0.000000
4944.886788 0.000000
4944.928257 0.000000
4944.969727 0.000000
4945.011197 0.000000
4945.052667 0.000000
4945.094136 0.000000
4945.135606 0.000000
4945.177076 0.000000
4945.218545 0.000000
4945.260015 0.000000
4945.301485 0.000000
4945.342954 0.000000
4945.384424 0.000000
4945.425894 0.000000
4945.467363 0.000000
4945.508833 0.000000
4945.550303 0.000000
4945.591772 0.000000
4945.633242 0.000000
4945.674712 0.000000
4945.716181 0.000000
4945.757651 0.000000
4945.799121 0.000000
4945.840591 0.000000
4945.882060 0.000000
4945.923530 0.000000
4945.965000 0.000000
4946.006469 0.000000
4946.047939 0.000000
4946.089409 0.000000
4946.130878 0.000000
4946.172348 0.000000
4946.213818 0.000000
4946.255287 0.000000
4946.296757 0.000000
4946.338227 0.000000
4946.379696 0.000000
4946.421166 0.000000
4946.462636 0.000000
4946.504105 0.000000
4946.545575 0.000000
4946.587045 0.000000
4946.628515 0.000000
4946.669984 0.000000
4946.711454 0.000000
4946.752924 0.000000
4946.794393 0.000000
4946.835863 0.000000
4946.877333 0.000000
4946.918802 0.000000
4946.960272 0.000000
4947.001742 0.000000
4947.043211 0.000000
4947.084681 0.000000
4947.126151 0.000000
4947.167620 0.000000
4947.209090 0.000000
4947.250560 0.000000
4947.292030 0.000000
4947.333499 0.000000
4947.374969 0.000000
4947.416439 0.000000
4947.457908 0.000000
4947.499378 0.000000
4947.540848 0.000000
4947.582317 0.000000
4947.623787 0.000000
4947.665257 0.000000
4947.706726 0.000000
4947.748196 0.000000
4947.789666 0.000000
4947.831135 0.000000
4947.872605 0.000000
4947.914075 0.000000
4947.955544 0.000000
4947.997014 0.000000
4948.038484 0.000000
4948.079954 0.000000
4948.121423 0.000000
4948.162893 0.000000
4948.204363 0.000000
4948.245832 0.000000
4948.287302 0.000000
4948.328772 0.000000
4948.370241 0.000000
4948.411711 0.000000
4948.453181 0.000000
4948.494650 0.000000
4948.536120 0.000000
4948.577590 0.000000
4948.619059 0.000000
4948.660529 0.000000
4948.701999 0.000000
4948.743469 0.000000
4948.784938 0.000000
4948.826408 0.000000
4948.867878 0.000000
4948.909347 0.000000
4948.950817 0.000000
4948.992287 0.000000
4949.033756 0.000000
4949.075226 0.000000
4949.116696 0.000000
4949.158165 0.000000
4949.199635 0.000000
4949.241105 0.000000
4949.282574 0.000000
4949.324044 0.000000
4949.365514 0.000000
4949.406983 0.000000
4949.448453 0.000000
4949.489923 0.000000
4949.531393 0.000000
4949.572862 0.000000
4949.614332 0.000000
4949.655802 0.000000
4949.697271 0.000000
4949.738741 0.000000
4949.780211 0.000000
4949.821680 0.000000
4949.863150 0.000000
4949.904620 0.000000
4949.946089 0.000000
4949.987559 0.000000
4950.029029 0.000000
4950.070498 0.000000
4950.111968 0.000000
4950.153438 0.000000
4950.194908 0.000000
4950.236377 0.000000
4950.277847 0.000000
4950.319317 0.000000
4950.360786 0.000000
4950.402256 0.000000
4950.443726 0.000000
4950.485195 0.000000
4950.526665 0.000000
4950.568135 0.000000
4950.609604 0.000000
4950.651074 0.000000
4950.692544 0.000000
4950.734013 0.000000
4950.775483 0.000000
4950.816953 0.000000
4950.858422 0.000000
4950.899892 0.000000
4950.941362 0.000000
4950.982832 0.000000
4951.024301 0.000000
4951.065771 0.000000
4951.107241 0.000000
4951.148710 0.000000
4951.190180 0.000000
4951.231650 0.000000
4951.273119 0.000000
4951.314589 0.000000
4951.356059 0.000000
4951.397528 0.000000
4951.438998 0.000000
4951.480468 0.000000
4951.521937 0.000000
4951.563407 0.000000
4951.604877 0.000000
4951.646347 0.000000
4951.687816 0.000000
4951.729286 0.000000
4951.770756 0.000000
4951.812225 0.000000
4951.853695 0.000000
4951.895165 0.000000
4951.936634 0.000000
4951.978104 0.000000
4952.019574 0.000000
4952.061043 0.000000
4952.102513 0.000000
4952.143983 0.000000
4952.185452 0.000000
4952.226922 0.000000
4952.268392 0.000000
4952.309861 0.000000
4952.351331 0.000000
4952.392801 0.000000
4952.434271 0.000000
4952.475740 0.000000
4952.517210 0.000000
4952.558680 0.000000
4952.600149 0.000000
4952.641619 0.000000
4952.683089 0.000000
4952.724558 0.000000
4952.766028 0.000000
4952.807498 0.000000
4952.848967 0.000000
4952.890437 0.000000
4952.931907 0.000000
4952.973376 0.000000
4953.014846 0.000000
4953.056316 0.000000
4953.097786 0.000000
4953.139255 0.000000
4953.180725 0.000000
4953.222195 0.000000
4953.263664 0.000000
4953.305134 0.000000
4953.346604 0.000000
4953.388073 0.000000
4953.429543 0.000000
4953.471013 0.000000
4953.512482 0.000000
4953.553952 0.000000
4953.595422 0.000000
4953.636891 0.000000
4953.678361 0.000000
4953.719831 0.000000
4953.761300 0.000000
4953.802770 0.000000
4953.844240 0.000000
4953.885710 0.000000
4953.927179 0.000000
4953.968649 0.000000
4954.010119 0.000000
4954.051588 0.000000
4954.093058 0.000000
4954.134528 0.000000
4954.175997 0.000000
4954.217467 0.000000
4954.258937 0.000000
4954.300406 0.000000
4954.341876 0.000000
4954.383346 0.000000
4954.424815 0.000000
4954.466285 0.000000
4954.507755 0.000000
4954.549225 0.000000
4954.590694 0.000000
4954.632164 0.000000
4954.673634 0.000000
4954.715103 0.000000
4954.756573 0.000000
4954.798043 0.000000
4954.839512 0.000000
4954.880982 0.000000
4954.922452 0.000000
4954.963921 0.000000
4955.005391 0.000000
4955.046861 0.000000
4955.088330 0.000000
4955.129800 0.000000
4955.171270 0.000000
4955.212739 0.000000
4955.254209 0.000000
4955.295679 0.000000
4955.337149 0.000000
4955.378618 0.000000
4955.420088 0.000000
4955.461558 0.000000
4955.503027 0.000000
4955.544497 0.000000
4955.585967 0.000000
4955.627436 0.000000
4955.668906 0.000000
4955.710376 0.000000
4955.751845 0.000000
4955.793315 0.000000
4955.834785 0.000000
4955.876254 0.000000
4955.917724 0.000000
4955.959194 0.000000
4956.000664 0.000000
4956.042133 0.000000
4956.083603 0.000000
4956.125073 0.000000
4956.166542 0.000000
4956.208012 0.000000
4956.249482 0.000000
4956.290951 0.000000
4956.332421 0.000000
4956.373891 0.000000
4956.415360 0.000000
4956.456830 0.000000
4956.498300 0.000000
4956.539769 0.000000
4956.581239 0.000000
4956.622709 0.000000
4956.664178 0.000000
4956.705648 0.000000
4956.747118 0.000000
4956.788588 0.000000
4956.830057 0.000000
4956.871527 0.000000
4956.912997 0.000000
4956.954466 0.000000
4956.995936 0.000000
4957.037406 0.000000
4957.078875 0.000000
4957.120345 0.000000
4957.161815 0.000000
4957.203284 0.000000
4957.244754 0.000000
4957.286224 0.000000
4957.327693 0.000000
4957.369163 0.000000
4957.410633 0.000000
4957.452103 0.000000
4957.493572 0.000000
4957.535042 0.000000
4957.576512 0.000000
4957.617981 0.000000
4957.659451 0.000000
4957.700921 0.000000
4957.742390 0.000000
4957.783860 0.000000
4957.825330 0.000000
4957.866799 0.000000
4957.908269 0.000000
4957.949739 0.000000
4957.991208 0.000000
4958.032678 0.000000
4958.074148 0.000000
4958.115617 0.000000
4958.157087 0.000000
4958.198557 0.000000
4958.240027 0.000000
4958.281496 0.000000
4958.322966 0.000000
4958.364436 0.000000
4958.405905 0.000000
4958.447375 0.000000
4958.488845 0.000000
4958.530314 0.000000
4958.571784 0.000000
4958.613254 0.000000
4958.654723 0.000000
4958.696193 0.000000
4958.737663 0.000000
4958.779132 0.000000
4958.820602 0.000000
4958.862072 0.000000
4958.903542 0.000000
4958.945011 0.000000
4958.986481 0.000000
4959.027951 0.000000
4959.069420 0.000000
4959.110890 0.000000
4959.152360 0.000000
4959.193829 0.000000
4959.235299 0.000000
4959.276769 0.000000
4959.318238 0.000000
4959.359708 0.000000
4959.401178 0.000000
4959.442647 0.000000
4959.484117 0.000000
4959.525587 0.000000
4959.567056 0.000000
4959.608526 0.000000
4959.649996 0.000000
4959.691466 0.000000
4959.732935 0.000000
4959.774405 0.000000
4959.815875 0.000000
4959.857344 0.000000
4959.898814 0.000000
4959.940284 0.000000
4959.981753 0.000000
4960.023223 0.000000
4960.064693 0.000000
4960.106162 0.000000
4960.147632 0.000000
4960.189102 0.000000
4960.230571 0.000000
4960.272041 0.000000
4960.313511 0.000000
4960.354981 0.000000
4960.396450 0.000000
4960.437920 0.000000
4960.479390 0.000000
4960.520859 0.000000
4960.562329 0.000000
4960.603799 0.000000
4960.645268 0.000000
4960.686738 0.000000
4960.728208 0.000000
4960.769677 0.000000
4960.811147 0.000000
4960.852617 0.000000
4960.894086 0.000000
4960.935556 0.000000
4960.977026 0.000000
4961.018495 0.000000
4961.059965 0.000000
4961.101435 0.000000
4961.142905 0.000000
4961.184374 0.000000
4961.225844 0.000000
4961.267314 0.000000
4961.308783 0.000000
4961.350253 0.000000
4961.391723 0.000000
4961.433192 0.000000
4961.474662 0.000000
4961.516132 0.000000
4961.557601 0.000000
4961.599071 0.000000
4961.640541 0.000000
4961.682010 0.000000
4961.723480 0.000000
4961.764950 0.000000
4961.806420 0.000000
4961.847889 0.000000
4961.889359 0.000000
4961.930829 0.000000
4961.972298 0.000000
4962.013768 0.000000
4962.055238 0.000000
4962.096707 0.000000
4962.138177 0.000000
4962.179647 0.000000
4962.221116 0.000000
4962.262586 0.000000
4962.304056 0.000000
4962.345525 0.000000
4962.386995 0.000000
4962.428465 0.000000
4962.469934 0.000000
4962.511404 0.000000
4962.552874 0.000000
4962.594344 0.000000
4962.635813 0.000000
4962.677283 0.000000
4962.718753 0.000000
4962.760222 0.000000
4962.801692 0.000000
4962.843162 0.000000
4962.884631 0.000000
4962.926101 0.000000
4962.967571 0.000000
4963.009040 0.000000
4963.050510 0.000000
4963.091980 0.000000
4963.133449 0.000000
4963.174919 0.000000
4963.216389 0.000000
4963.257859 0.000000
4963.299328 0.000000
4963.340798 0.000000
4963.382268 0.000000
4963.423737 0.000000
4963.465207 0.000000
4963.506677 0.000000
4963.548146 0.000000
4963.589616 0.000000
4963.631086 0.000000
4963.672555 0.000000
4963.714025 0.000000
4963.755495 0.000000
4963.796964 0.000000
4963.838434 0.000000
4963.879904 0.000000
4963.921373 0.000000
4963.962843 0.000000
4964.004313 0.000000
4964.045783 0.000000
4964.087252 0.000000
4964.128722 0.000000
4964.170192 0.000000
4964.211661 0.000000
4964.253131 0.000000
4964.294601 0.000000
4964.336070 0.000000
4964.377540 0.000000
4964.419010 0.000000
4964.460479 0.000000
4964.501949 0.000000
4964.543419 0.000000
4964.584888 0.000000
4964.626358 0.000000
4964.667828 0.000000
4964.709298 0.000000
4964.750767 0.000000
4964.792237 0.000000
4964.833707 0.000000
4964.875176 0.000000
4964.916646 0.000000
4964.958116 0.000000
4964.999585 0.000000
4965.041055 0.000000
4965.082525 0.000000
4965.123994 0.000000
4965.165464 0.000000
4965.206934 0.000000
4965.248403 0.000000
4965.289873 0.000000
4965.331343 0.000000
4965.372812 0.000000
4965.414282 0.000000
4965.455752 0.000000
4965.497222 0.000000
4965.538691 0.000000
4965.580161 0.000000
4965.621631 0.000000
4965.663100 0.000000
4965.704570 0.000000
4965.746040 0.000000
4965.787509 0.000000
4965.828979 0.000000
4965.870449 0.000000
4965.911918 0.000000
4965.953388 0.000000
4965.994858 0.000000
4966.036327 0.000000
4966.077797 0.000000
4966.119267 0.000000
4966.160737 0.000000
4966.202206 0.000000
4966.243676 0.000000
4966.285146 0.000000
4966.326615 0.000000
4966.368085 0.000000
4966.409555 0.000000
4966.451024 0.000000
4966.492494 0.000000
4966.533964 0.000000
4966.575433 0.000000
4966.616903 0.000000
4966.658373 0.000000
4966.699842 0.000000
4966.741312 0.000000
4966.782782 0.000000
4966.824251 0.000000
4966.865721 0.000000
4966.907191 0.000000
4966.948661 0.000000
4966.990130 0.000000
4967.031600 0.000000
4967.073070 0.000000
4967.114539 0.000000
4967.156009 0.000000
4967.197479 0.000000
4967.238948 0.000000
4967.280418 0.000000
4967.321888 0.000000
4967.363357 0.000000
4967.404827 0.000000
4967.446297 0.000000
4967.487766 0.000000
4967.529236 0.000000
4967.570706 0.000000
4967.612175 0.000000
4967.653645 0.000000
4967.695115 0.000000
4967.736585 0.000000
4967.778054 0.000000
4967.819524 0.000000
4967.860994 0.000000
4967.902463 0.000000
4967.943933 0.000000
4967.985403 0.000000
4968.026872 0.000000
4968.068342 0.000000
4968.109812 0.000000
4968.151281 0.000000
4968.192751 0.000000
4968.234221 0.000000
4968.275690 0.000000
4968.317160 0.000000
4968.358630 0.000000
4968.400100 0.000000
4968.441569 0.000000
4968.483039 0.000000
4968.524509 0.000000
4968.565978 0.000000
4968.607448 0.000000
4968.648918 0.000000
4968.690387 0.000000
4968.731857 0.000000
4968.773327 0.000000
4968.814796 0.000000
4968.856266 0.000000
4968.897736 0.000000
4968.939205 0.000000
4968.980675 0.000000
4969.022145 0.000000
4969.063614 0.000000
4969.105084 0.000000
4969.146554 0.000000
4969.188024 0.000000
4969.229493 0.000000
4969.270963 0.000000
4969.312433 0.000000
4969.353902 0.000000
4969.395372 0.000000
4969.436842 0.000000
4969.478311 0.000000
4969.519781 0.000000
4969.561251 0.000000
4969.602720 0.000000
4969.644190 0.000000
4969.685660 0.000000
4969.727129 0.000000
4969.768599 0.000000
4969.810069 0.000000
4969.851539 0.000000
4969.893008 0.000000
4969.934478 0.000000
4969.975948 0.000000
4970.017417 0.000000
4970.058887 0.000000
4970.100357 0.000000
4970.141826 0.000000
4970.183296 0.000000
4970.224766 0.000000
4970.266235 0.000000
4970.307705 0.000000
4970.349175 0.000000
4970.390644 0.000000
4970.432114 0.000000
4970.473584 0.000000
4970.515053 0.000000
4970.556523 0.000000
4970.597993 0.000000
4970.639463 0.000000
4970.680932 0.000000
4970.722402 0.000000
4970.763872 0.000000
4970.805341 0.000000
4970.846811 0.000000
4970.888281 0.000000
4970.929750 0.000000
4970.971220 0.000000
4971.012690 0.000000
4971.054159 0.000000
4971.095629 0.000000
4971.137099 0.000000
4971.178568 0.000000
4971.220038 0.000000
4971.261508 0.000000
4971.302978 0.000000
4971.344447 0.000000
4971.385917 0.000000
4971.427387 0.000000
4971.468856 0.000000
4971.510326 0.000000
4971.551796 0.000000
4971.593265 0.000000
4971.634735 0.000000
4971.676205 0.000000
4971.717674 0.000000
4971.759144 0.000001
4971.800614 0.000001
4971.842083 0.000001
4971.883553 0.000001
4971.925023 0.000001
4971.966492 0.000001
4972.007962 0.000001
4972.049432 0.000001
4972.090902 0.000001
4972.132371 0.000001
4972.173841 0.000001
4972.215311 0.000001
4972.256780 0.000001
4972.298250 0.000001
4972.339720 0.000001
4972.381189 0.000001
4972.422659 0.000001
4972.464129 0.000001
4972.505598 0.000001
4972.547068 0.000001
4972.588538 0.000001
4972.630007 0.000001
4972.671477 0.000001
4972.712947 0.000001
4972.754417 0.000001
4972.795886 0.000001
4972.837356 0.000001
4972.878826 0.000001
4972.920295 0.000001
4972.961765 0.000001
4973.003235 0.000001
4973.044704 0.000001
4973.086174 0.000001
4973.127644 0.000001
4973.169113 0.000001
4973.210583 0.000001
4973.252053 0.000001
4973.293522 0.000001
4973.334992 0.000001
4973.376462 0.000001
4973.417931 0.000002
4973.459401 0.000002
4973.500871 0.000002
4973.542341 0.000002
4973.583810 0.000002
4973.625280 0.000002
4973.666750 0.000002
4973.708219 0.000002
4973.749689 0.000002
4973.791159 0.000002
4973.832628 0.000002
4973.874098 0.000002
4973.915568 0.000002
4973.957037 0.000002
4973.998507 0.000002
4974.039977 0.000002
4974.081446 0.000002
4974.122916 0.000002
4974.164386 0.000002
4974.205856 0.000002
4974.247325 0.000003
4974.288795 0.000003
4974.330265 0.000003
4974.371734 0.000003
4974.413204 0.000003
4974.454674 0.000003
4974.496143 0.000003
4974.537613 0.000003
4974.579083 0.000003
4974.620552 0.000003
4974.662022 0.000003
4974.703492 0.000003
4974.744961 0.000003
4974.786431 0.000004
4974.827901 0.000004
4974.869370 0.000004
4974.910840 0.000004
4974.952310 0.000004
4974.993780 0.000004
4975.035249 0.000004
4975.076719 0.000004
4975.118189 0.000004
4975.159658 0.000004
4975.201128 0.000005
4975.242598 0.000005
4975.284067 0.000005
4975.325537 0.000005
4975.367007 0.000005
4975.408476 0.000005
4975.449946 0.000005
4975.491416 0.000005
4975.532885 0.000006
4975.574355 0.000006
4975.615825 0.000006
4975.657295 0.000006
4975.698764 0.000006
4975.740234 0.000006
4975.781704 0.000007
4975.823173 0.000007
4975.864643 0.000007
4975.906113 0.000007
4975.947582 0.000007
4975.989052 0.000007
4976.030522 0.000008
4976.071991 0.000008
4976.113461 0.000008
4976.154931 0.000008
4976.196400 0.000008
4976.237870 0.000009
4976.279340 0.000009
4976.320809 0.000009
4976.362279 0.000009
4976.403749 0.000009
4976.445219 0.000010
4976.486688 0.000010
4976.528158 0.000010
4976.569628 0.000010
4976.611097 0.000011
4976.652567 0.000011
4976.694037 0.000011
4976.735506 0.000011
4976.776976 0.000012
4976.818446 0.000012
4976.859915 0.000012
4976.901385 0.000013
4976.942855 0.000013
4976.984324 0.000013
4977.025794 0.000013
4977.067264 0.000014
4977.108734 0.000014
4977.150203 0.000014
4977.191673 0.000015
4977.233143 0.000015
4977.274612 0.000016
4977.316082 0.000016
4977.357552 0.000016
4977.399021 0.000017
4977.440491 0.000017
4977.481961 0.000017
4977.523430 0.000018
4977.564900 0.000018
4977.606370 0.000019
4977.647839 0.000019
4977.689309 0.000020
4977.730779 0.000020
4977.772248 0.000021
4977.813718 0.000021
4977.855188 0.000021
4977.896658 0.000022
4977.938127 0.000022
4977.979597 0.000023
4978.021067 0.000024
4978.062536 0.000024
4978.104006 0.000025
4978.145476 0.000025
4978.186945 0.000026
4978.228415 0.000026
4978.269885 0.000027
4978.311354 0.000028
4978.352824 0.000028
4978.394294 0.000029
4978.435763 0.000030
4978.477233 0.000030
4978.518703 0.000031
4978.560173 0.000032
4978.601642 0.000032
4978.643112 0.000033
4978.684582 0.000034
4978.726051 0.000035
4978.767521 0.000035
4978.808991 0.000036
4978.850460 0.000037
4978.891930 0.000038
4978.933400 0.000039
4978.974869 0.000039
4979.016339 0.000040
4979.057809 0.000041
4979.099278 0.000042
4979.140748 0.000043
4979.182218 0.000044
4979.223687 0.000045
4979.265157 0.000046
4979.306627 0.000047
4979.348097 0.000048
4979.389566 0.000049
4979.431036 0.000050
4979.472506 0.000051
4979.513975 0.000052
4979.555445 0.000054
4979.596915 0.000055
4979.638384 0.000056
4979.679854 0.000057
4979.721324 0.000058
4979.762793 0.000060
4979.804263 0.000061
4979.845733 0.000062
4979.887202 0.000064
4979.928672 0.000065
4979.970142 0.000066
4980.011612 0.000068
4980.053081 0.000069
4980.094551 0.000071
4980.136021 0.000072
4980.177490 0.000074
4980.218960 0.000075
4980.260430 0.000077
4980.301899 0.000079
4980.343369 0.000080
4980.384839 0.000082
4980.426308 0.000084
4980.467778 0.000086
4980.509248 0.000087
4980.550717 0.000089
4980.592187 0.000091
4980.633657 0.000093
4980.675126 0.000095
4980.716596 0.000097
4980.758066 0.000099
4980.799536 0.000101
4980.841005 0.000103
4980.882475 0.000105
4980.923945 0.000107
4980.965414 0.000110
4981.006884 0.000112
4981.048354 0.000114
4981.089823 0.000116
4981.131293 0.000119
4981.172763 0.000121
4981.214232 0.000124
4981.255702 0.000126
4981.297172 0.000129
4981.338641 0.000132
4981.380111 0.000134
4981.421581 0.000137
4981.463051 0.000140
4981.504520 0.000143
4981.545990 0.000145
4981.587460 0.000148
4981.628929 0.000151
4981.670399 0.000154
4981.711869 0.000157
4981.753338 0.000161
4981.794808 0.000164
4981.836278 0.000167
4981.877747 0.000170
4981.919217 0.000174
4981.960687 0.000177
4982.002156 0.000181
4982.043626 0.000184
4982.085096 0.000188
4982.126565 0.000192
4982.168035 0.000195
4982.209505 0.000199
4982.250975 0.000203
4982.292444 0.000207
4982.333914 0.000211
4982.375384 0.000215
4982.416853 0.000220
4982.458323 0.000224
4982.499793 0.000228
4982.541262 0.000233
4982.582732 0.000237
4982.624202 0.000242
4982.665671 0.000246
4982.707141 0.000251
4982.748611 0.000256
4982.790080 0.000261
4982.831550 0.000266
4982.873020 0.000271
4982.914490 0.000276
4982.955959 0.000281
4982.997429 0.000287
4983.038899 0.000292
4983.080368 0.000297
4983.121838 0.000303
4983.163308 0.000309
4983.204777 0.000315
4983.246247 0.000321
4983.287717 0.000327
4983.329186 0.000333
4983.370656 0.000339
4983.412126 0.000345
4983.453595 0.000352
4983.495065 0.000358
4983.536535 0.000365
4983.578004 0.000371
4983.619474 0.000378
4983.660944 0.000385
4983.702414 0.000392
4983.743883 0.000400
4983.785353 0.000407
4983.826823 0.000414
4983.868292 0.000422
4983.909762 0.000430
4983.951232 0.000437
4983.992701 0.000445
4984.034171 0.000453
4984.075641 0.000462
4984.117110 0.000470
4984.158580 0.000478
4984.200050 0.000487
4984.241519 0.000496
4984.282989 0.000505
4984.324459 0.000514
4984.365929 0.000523
4984.407398 0.000532
4984.448868 0.000542
4984.490338 0.000551
4984.531807 0.000561
4984.573277 0.000571
4984.614747 0.000581
4984.656216 0.000591
4984.697686 0.000601
4984.739156 0.000612
4984.780625 0.000623
4984.822095 0.000634
4984.863565 0.000645
4984.905034 0.000656
4984.946504 0.000667
4984.987974 0.000679
4985.029443 0.000690
4985.070913 0.000702
4985.112383 0.000714
4985.153853 0.000727
4985.195322 0.000739
4985.236792 0.000752
4985.278262 0.000765
4985.319731 0.000778
4985.361201 0.000791
4985.402671 0.000804
4985.444140 0.000818
4985.485610 0.000832
4985.527080 0.000846
4985.568549 0.000860
4985.610019 0.000875
4985.651489 0.000889
4985.692958 0.000904
4985.734428 0.000919
4985.775898 0.000934
4985.817368 0.000950
4985.858837 0.000966
4985.900307 0.000982
4985.941777 0.000998
4985.983246 0.001014
4986.024716 0.001031
4986.066186 0.001048
4986.107655 0.001065
4986.149125 0.001083
4986.190595 0.001100
4986.232064 0.001118
4986.273534 0.001136
4986.315004 0.001155
4986.356473 0.001173
4986.397943 0.001192
4986.439413 0.001212
4986.480882 0.001231
4986.522352 0.001251
4986.563822 0.001271
4986.605292 0.001291
4986.646761 0.001312
4986.688231 0.001332
4986.729701 0.001354
4986.771170 0.001375
4986.812640 0.001397
4986.854110 0.001419
4986.895579 0.001441
4986.937049 0.001464
4986.978519 0.001487
4987.019988 0.001510
4987.061458 0.001533
4987.102928 0.001557
4987.144397 0.001581
4987.185867 0.001606
4987.227337 0.001631
4987.268807 0.001656
4987.310276 0.001681
4987.351746 0.001707
4987.393216 0.001733
4987.434685 0.001760
4987.476155 0.001786
4987.517625 0.001814
4987.559094 0.001841
4987.600564 0.001869
4987.642034 0.001897
4987.683503 0.001926
4987.724973 0.001955
4987.766443 0.001984
4987.807912 0.002014
4987.849382 0.002044
4987.890852 0.002074
4987.932321 0.002105
4987.973791 0.002136
4988.015261 0.002168
4988.056731 0.002200
4988.098200 0.002232
4988.139670 0.002265
4988.181140 0.002298
4988.222609 0.002332
4988.264079 0.002366
4988.305549 0.002400
4988.347018 0.002435
4988.388488 0.002470
4988.429958 0.002506
4988.471427 0.002542
4988.512897 0.002579
4988.554367 0.002616
4988.595836 0.002653
4988.637306 0.002691
4988.678776 0.002729
4988.720246 0.002768
4988.761715 0.002807
4988.803185 0.002847
4988.844655 0.002887
4988.886124 0.002928
4988.927594 0.002969
4988.969064 0.003010
4989.010533 0.003052
4989.052003 0.003095
4989.093473 0.003138
4989.134942 0.003181
4989.176412 0.003225
4989.217882 0.003270
4989.259351 0.003315
4989.300821 0.003360
4989.342291 0.003406
4989.383760 0.003453
4989.425230 0.003500
4989.466700 0.003547
4989.508170 0.003595
4989.549639 0.003644
4989.591109 0.003693
4989.632579 0.003743
4989.674048 0.003793
4989.715518 0.003844
4989.756988 0.003895
4989.798457 0.003947
4989.839927 0.003999
4989.881397 0.004052
4989.922866 0.004105
4989.964336 0.004160
4990.005806 0.004214
4990.047275 0.004269
4990.088745 0.004325
4990.130215 0.004381
4990.171684 0.004438
4990.213154 0.004496
4990.254624 0.004554
4990.296094 0.004613
4990.337563 0.004672
4990.379033 0.004732
4990.420503 0.004793
4990.461972 0.004854
4990.503442 0.004915
4990.544912 0.004978
4990.586381 0.005041
4990.627851 0.005104
4990.669321 0.005169
4990.710790 0.005233
4990.752260 0.005299
4990.793730 0.005365
4990.835199 0.005432
4990.876669 0.005499
4990.918139 0.005567
4990.959609 0.005636
4991.001078 0.005705
4991.042548 0.005775
4991.084018 0.005846
4991.125487 0.005917
4991.166957 0.005989
4991.208427 0.006062
4991.249896 0.006135
4991.291366 0.006209
4991.332836 0.006284
4991.374305 0.006359
4991.415775 0.006436
4991.457245 0.006512
4991.498714 0.006590
4991.540184 0.006668
4991.581654 0.006747
4991.623123 0.006826
4991.664593 0.006907
4991.706063 0.006988
4991.747533 0.007069
4991.789002 0.007152
4991.830472 0.007235
4991.871942 0.007318
4991.913411 0.007403
4991.954881 0.007488
4991.996351 0.007574
4992.037820 0.007661
4992.079290 0.007748
4992.120760 0.007836
4992.162229 0.007925
4992.203699 0.008015
4992.245169 0.008105
4992.286638 0.008196
4992.328108 0.008288
4992.369578 0.008381
4992.411048 0.008474
4992.452517 0.008568
4992.493987 0.008663
4992.535457 0.008759
4992.576926 0.008855
4992.618396 0.008952
4992.659866 0.009050
4992.701335 0.009148
4992.742805 0.009248
4992.784275 0.009348
4992.825744 0.009449
4992.867214 0.009551
4992.908684 0.009653
4992.950153 0.009756
4992.991623 0.009860
4993.033093 0.009965
4993.074562 0.010070
4993.116032 0.010176
4993.157502 0.010284
4993.198972 0.010391
4993.240441 0.010500
4993.281911 0.010609
4993.323381 0.010719
4993.364850 0.010830
4993.406320 0.010942
4993.447790 0.011054
4993.489259 0.011168
4993.530729 0.011282
4993.572199 0.011396
4993.613668 0.011512
4993.655138 0.011628
4993.696608 0.011745
4993.738077 0.011863
4993.779547 0.011982
4993.821017 0.012101
4993.862487 0.012221
4993.903956 0.012342
4993.945426 0.012464
4993.986896 0.012587
4994.028365 0.012710
4994.069835 0.012834
4994.111305 0.012959
4994.152774 0.013084
4994.194244 0.013211
4994.235714 0.013338
4994.277183 0.013466
4994.318653 0.013594
4994.360123 0.013724
4994.401592 0.013854
4994.443062 0.013985
4994.484532 0.014117
4994.526001 0.014249
4994.567471 0.014382
4994.608941 0.014516
4994.650411 0.014651
4994.691880 0.014787
4994.733350 0.014923
4994.774820 0.015060
4994.816289 0.015197
4994.857759 0.015336
4994.899229 0.015475
4994.940698 0.015615
4994.982168 0.015756
4995.023638 0.015897
4995.065107 0.016039
4995.106577 0.016182
4995.148047 0.016325
4995.189516 0.016470
4995.230986 0.016615
4995.272456 0.016760
4995.313926 0.016907
4995.355395 0.017054
4995.396865 0.017201
4995.438335 0.017350
4995.479804 0.017499
4995.521274 0.017649
4995.562744 0.017799
4995.604213 0.017950
4995.645683 0.018102
4995.687153 0.018255
4995.728622 0.018408
4995.770092 0.018562
4995.811562 0.018716
4995.853031 0.018871
4995.894501 0.019027
4995.935971 0.019184
4995.977440 0.019341
4996.018910 0.019498
4996.060380 0.019657
4996.101850 0.019816
4996.143319 0.019975
4996.184789 0.020135
4996.226259 0.020296
4996.267728 0.020458
4996.309198 0.020619
4996.350668 0.020782
4996.392137 0.020945
4996.433607 0.021109
4996.475077 0.021273
4996.516546 0.021438
4996.558016 0.021603
4996.599486 0.021769
4996.640955 0.021936
4996.682425 0.022103
4996.723895 0.022270
4996.765365 0.022438
4996.806834 0.022607
4996.848304 0.022776
4996.889774 0.022946
4996.931243 0.023116
4996.972713 0.023287
4997.014183 0.023458
4997.055652 0.023629
4997.097122 0.023801
4997.138592 0.023974
4997.180061 0.024147
4997.221531 0.024320
4997.263001 0.024494
4997.304470 0.024669
4997.345940 0.024844
4997.387410 0.025019
4997.428879 0.025195
4997.470349 0.025371
4997.511819 0.025547
4997.553289 0.025724
4997.594758 0.025902
4997.636228 0.026079
4997.677698 0.026258
4997.719167 0.026436
4997.760637 0.026615
4997.802107 0.026794
4997.843576 0.026974
4997.885046 0.027154
4997.926516 0.027335
4997.967985 0.027516
4998.009455 0.027697
4998.050925 0.027878
4998.092394 0.028060
4998.133864 0.028243
4998.175334 0.028425
4998.216804 0.028608
4998.258273 0.028791
4998.299743 0.028975
4998.341213 0.029159
4998.382682 0.029343
4998.424152 0.029528
4998.465622 0.029713
4998.507091 0.029899
4998.548561 0.030084
4998.590031 0.030270
4998.631500 0.030457
4998.672970 0.030643
4998.714440 0.030830
4998.755909 0.031018
4998.797379 0.031206
4998.838849 0.031394
4998.880318 0.031582
4998.921788 0.031771
4998.963258 0.031960
4999.004728 0.032150
4999.046197 0.032340
4999.087667 0.032530
4999.129137 0.032721
4999.170606 0.032912
4999.212076 0.033104
4999.253546 0.033296
4999.295015 0.033488
4999.336485 0.033681
4999.377955 0.033874
4999.419424 0.034068
4999.460894 0.034263
4999.502364 0.034458
4999.543833 0.034653
4999.585303 0.034849
4999.626773 0.035045
4999.668243 0.035242
4999.709712 0.035440
4999.751182 0.035638
4999.792652 0.035837
4999.834121 0.036037
4999.875591 0.036237
4999.917061 0.036438
4999.958530 0.036640
5000.000000 0.036843
5000.041470 0.037046
5000.082939 0.037251
5000.124409 0.037456
5000.165879 0.037662
5000.207348 0.037869
5000.248818 0.038077
5000.290288 0.038286
5000.331757 0.038496
5000.373227 0.038707
5000.414697 0.038920
5000.456167 0.039133
5000.497636 0.039348
5000.539106 0.039565
5000.580576 0.039782
5000.622045 0.040001
5000.663515 0.040222
5000.704985 0.040444
5000.746454 0.040667
5000.787924 0.040892
5000.829394 0.041119
5000.870863 0.041348
5000.912333 0.041578
5000.953803 0.041811
5000.995272 0.042045
5001.036742 0.042282
5001.078212 0.042520
5001.119682 0.042761
5001.161151 0.043004
5001.202621 0.043249
5001.244091 0.043497
5001.285560 0.043747
5001.327030 0.044000
5001.368500 0.044255
5001.409969 0.044514
5001.451439 0.044775
5001.492909 0.045039
5001.534378 0.045306
5001.575848 0.045576
5001.617318 0.045849
5001.658787 0.046126
5001.700257 0.046406
5001.741727 0.046690
5001.783196 0.046978
5001.824666 0.047269
5001.866136 0.047564
5001.907606 0.047863
5001.949075 0.048166
5001.990545 0.048473
5002.032015 0.048784
5002.073484 0.049100
5002.114954 0.049421
5002.156424 0.049746
5002.197893 0.050076
5002.239363 0.050410
5002.280833 0.050750
5002.322302 0.051095
5002.363772 0.051445
5002.405242 0.051801
5002.446711 0.052162
5002.488181 0.052528
5002.529651 0.052901
5002.571121 0.053279
5002.612590 0.053663
5002.654060 0.054053
5002.695530 0.054450
5002.736999 0.054853
5002.778469 0.055262
5002.819939 0.055678
5002.861408 0.056101
5002.902878 0.056531
5002.944348 0.056968
5002.985817 0.057412
5003.027287 0.057863
5003.068757 0.058321
5003.110226 0.058787
5003.151696 0.059261
5003.193166 0.059742
5003.234635 0.060231
5003.276105 0.060728
5003.317575 0.061233
5003.359045 0.061746
5003.400514 0.062268
5003.441984 0.062797
5003.483454 0.063336
5003.524923 0.063882
5003.566393 0.064438
5003.607863 0.065002
5003.649332 0.065575
5003.690802 0.066157
5003.732272 0.066748
5003.773741 0.067348
5003.815211 0.067958
5003.856681 0.068576
5003.898150 0.069203
5003.939620 0.069840
5003.981090 0.070487
5004.022560 0.071142
5004.064029 0.071808
5004.105499 0.072482
5004.146969 0.073166
5004.188438 0.073860
5004.229908 0.074563
5004.271378 0.075276
5004.312847 0.075998
5004.354317 0.076730
5004.395787 0.077471
5004.437256 0.078222
5004.478726 0.078982
5004.520196 0.079752
5004.561665 0.080531
5004.603135 0.081320
5004.644605 0.082118
5004.686074 0.082925
5004.727544 0.083741
5004.769014 0.084566
5004.810484 0.085400
5004.851953 0.086243
5004.893423 0.087095
5004.934893 0.087956
5004.976362 0.088825
5005.017832 0.089702
5005.059302 0.090587
5005.100771 0.091481
5005.142241 0.092382
5005.183711 0.093292
5005.225180 0.094208
5005.266650 0.095132
5005.308120 0.096063
5005.349589 0.097001
5005.391059 0.097946
5005.432529 0.098897
5005.473999 0.099855
5005.515468 0.100818
5005.556938 0.101787
5005.598408 0.102761
5005.639877 0.103741
5005.681347 0.104725
5005.722817 0.105714
5005.764286 0.106707
5005.805756 0.107704
5005.847226 0.108704
5005.888695 0.109708
5005.930165 0.110714
5005.971635 0.111723
5006.013104 0.112734
5006.054574 0.113747
5006.096044 0.114761
5006.137513 0.115777
5006.178983 0.116792
5006.220453 0.117808
5006.261923 0.118824
5006.303392 0.119839
5006.344862 0.120853
5006.386332 0.121865
5006.427801 0.122876
5006.469271 0.123884
5006.510741 0.124889
5006.552210 0.125890
5006.593680 0.126888
5006.635150 0.127882
5006.676619 0.128871
5006.718089 0.129854
5006.759559 0.130832
5006.801028 0.131804
5006.842498 0.132769
5006.883968 0.133726
5006.925438 0.134676
5006.966907 0.135618
5007.008377 0.136551
5007.049847 0.137475
5007.091316 0.138389
5007.132786 0.139293
5007.174256 0.140187
5007.215725 0.141069
5007.257195 0.141939
5007.298665 0.142797
5007.340134 0.143643
5007.381604 0.144475
5007.423074 0.145294
5007.464543 0.146098
5007.506013 0.146888
5007.547483 0.147663
5007.588952 0.148422
5007.630422 0.149165
5007.671892 0.149891
5007.713362 0.150601
5007.754831 0.151293
5007.796301 0.151967
5007.837771 0.152622
5007.879240 0.153259
5007.920710 0.153877
5007.962180 0.154475
5008.003649 0.155054
5008.045119 0.155611
5008.086589 0.156148
5008.128058 0.156664
5008.169528 0.157159
5008.210998 0.157631
5008.252467 0.158081
5008.293937 0.158509
5008.335407 0.158914
5008.376877 0.159296
5008.418346 0.159654
5008.459816 0.159989
5008.501286 0.160299
5008.542755 0.160585
5008.584225 0.160847
5008.625695 0.161084
5008.667164 0.161296
5008.708634 0.161483
5008.750104 0.161645
5008.791573 0.161782
5008.833043 0.161892
5008.874513 0.161977
5008.915982 0.162036
5008.957452 0.162070
5008.998922 0.162077
5009.040391 0.162058
5009.081861 0.162013
5009.123331 0.161941
5009.164801 0.161844
5009.206270 0.161720
5009.247740 0.161570
5009.289210 0.161394
5009.330679 0.161192
5009.372149 0.160963
5009.413619 0.160709
5009.455088 0.160429
5009.496558 0.160123
5009.538028 0.159791
5009.579497 0.159434
5009.620967 0.159051
5009.662437 0.158643
5009.703906 0.158210
5009.745376 0.157752
5009.786846 0.157270
5009.828316 0.156763
5009.869785 0.156232
5009.911255 0.155678
5009.952725 0.155099
5009.994194 0.154498
5010.035664 0.153873
5010.077134 0.153226
5010.118603 0.152556
5010.160073 0.151864
5010.201543 0.151151
5010.243012 0.150416
5010.284482 0.149660
5010.325952 0.148884
5010.367421 0.148088
5010.408891 0.147272
5010.450361 0.146436
5010.491830 0.145582
5010.533300 0.144709
5010.574770 0.143818
5010.616240 0.142909
5010.657709 0.141984
5010.699179 0.141041
5010.740649 0.140083
5010.782118 0.139109
5010.823588 0.138119
5010.865058 0.137115
5010.906527 0.136097
5010.947997 0.135065
5010.989467 0.134019
5011.030936 0.132961
5011.072406 0.131891
5011.113876 0.130809
5011.155345 0.129716
5011.196815 0.128612
5011.238285 0.127498
5011.279754 0.126374
5011.321224 0.125241
5011.362694 0.124100
5011.404164 0.122951
5011.445633 0.121794
5011.487103 0.120630
5011.528573 0.119459
5011.570042 0.118283
5011.611512 0.117101
5011.652982 0.115914
5011.694451 0.114722
5011.735921 0.113527
5011.777391 0.112328
5011.818860 0.111126
5011.860330 0.109922
5011.901800 0.108715
5011.943269 0.107507
5011.984739 0.106298
5012.026209 0.105089
5012.067679 0.103879
5012.109148 0.102670
5012.150618 0.101461
5012.192088 0.100254
5012.233557 0.099048
5012.275027 0.097844
5012.316497 0.096643
5012.357966 0.095445
5012.399436 0.094250
5012.440906 0.093058
5012.482375 0.091871
5012.523845 0.090688
5012.565315 0.089510
5012.606784 0.088337
5012.648254 0.087169
5012.689724 0.086007
5012.731193 0.084852
5012.772663 0.083703
5012.814133 0.082560
5012.855603 0.081425
5012.897072 0.080297
5012.938542 0.079177
5012.980012 0.078065
5013.021481 0.076960
5013.062951 0.075865
5013.104421 0.074777
5013.145890 0.073699
5013.187360 0.072630
5013.228830 0.071570
5013.270299 0.070519
5013.311769 0.069478
5013.353239 0.068448
5013.394708 0.067427
5013.436178 0.066416
5013.477648 0.065415
5013.519118 0.064425
5013.560587 0.063446
5013.602057 0.062477
5013.643527 0.061519
5013.684996 0.060572
5013.726466 0.059636
5013.767936 0.058711
5013.809405 0.057797
5013.850875 0.056895
5013.892345 0.056003
5013.933814 0.055123
5013.975284 0.054255
5014.016754 0.053398
5014.058223 0.052552
5014.099693 0.051717
5014.141163 0.050895
5014.182632 0.050083
5014.224102 0.049283
5014.265572 0.048495
5014.307042 0.047718
5014.348511 0.046952
5014.389981 0.046197
5014.431451 0.045454
5014.472920 0.044723
5014.514390 0.044002
5014.555860 0.043293
5014.597329 0.042595
5014.638799 0.041908
5014.680269 0.041232
5014.721738 0.040566
5014.763208 0.039912
5014.804678 0.039268
5014.846147 0.038635
5014.887617 0.038013
5014.929087 0.037401
5014.970557 0.036800
5015.012026 0.036209
5015.053496 0.035628
5015.094966 0.035057
5015.136435 0.034496
5015.177905 0.033945
5015.219375 0.033403
5015.260844 0.032872
5015.302314 0.032349
5015.343784 0.031837
5015.385253 0.031333
5015.426723 0.030839
5015.468193 0.030353
5015.509662 0.029877
5015.551132 0.029409
5015.592602 0.028950
5015.634071 0.028499
5015.675541 0.028057
5015.717011 0.027623
5015.758481 0.027197
5015.799950 0.026779
5015.841420 0.026369
5015.882890 0.025967
5015.924359 0.025572
5015.965829 0.025185
5016.007299 0.024805
5016.048768 0.024432
5016.090238 0.024066
5016.131708 0.023707
5016.173177 0.023355
5016.214647 0.023010
5016.256117 0.022671
5016.297586 0.022338
5016.339056 0.022012
5016.380526 0.021692
5016.421996 0.021378
5016.463465 0.021070
5016.504935 0.020768
5016.546405 0.020471
5016.587874 0.020180
5016.629344 0.019895
5016.670814 0.019614
5016.712283 0.019339
5016.753753 0.019069
5016.795223 0.018804
5016.836692 0.018544
5016.878162 0.018289
5016.919632 0.018038
5016.961101 0.017792
5017.002571 0.017551
5017.044041 0.017313
5017.085510 0.017080
5017.126980 0.016852
5017.168450 0.016627
5017.209920 0.016406
5017.251389 0.016189
5017.292859 0.015976
5017.334329 0.015766
5017.375798 0.015560
5017.417268 0.015358
5017.458738 0.015159
5017.500207 0.014963
5017.541677 0.014771
5017.583147 0.014582
5017.624616 0.014396
5017.666086 0.014213
5017.707556 0.014033
5017.749025 0.013856
5017.790495 0.013682
5017.831965 0.013511
5017.873435 0.013342
5017.914904 0.013176
5017.956374 0.013012
5017.997844 0.012851
5018.039313 0.012693
5018.080783 0.012537
5018.122253 0.012383
5018.163722 0.012232
5018.205192 0.012082
5018.246662 0.011935
5018.288131 0.011790
5018.329601 0.011647
5018.371071 0.011506
5018.412540 0.011368
5018.454010 0.011231
5018.495480 0.011096
5018.536949 0.010962
5018.578419 0.010831
5018.619889 0.010701
5018.661359 0.010574
5018.702828 0.010447
5018.744298 0.010323
5018.785768 0.010200
5018.827237 0.010079
5018.868707 0.009959
5018.910177 0.009841
5018.951646 0.009724
5018.993116 0.009608
5019.034586 0.009495
5019.076055 0.009382
5019.117525 0.009271
5019.158995 0.009161
5019.200464 0.009053
5019.241934 0.008946
5019.283404 0.008840
5019.324874 0.008735
5019.366343 0.008632
5019.407813 0.008529
5019.449283 0.008428
5019.490752 0.008328
5019.532222 0.008230
5019.573692 0.008132
5019.615161 0.008036
5019.656631 0.007940
5019.698101 0.007846
5019.739570 0.007752
5019.781040 0.007660
5019.822510 0.007569
5019.863979 0.007478
5019.905449 0.007389
5019.946919 0.007301
5019.988388 0.007213
5020.029858 0.007127
5020.071328 0.007041
5020.112798 0.006957
5020.154267 0.006873
5020.195737 0.006790
5020.237207 0.006708
5020.278676 0.006627
5020.320146 0.006547
5020.361616 0.006468
5020.403085 0.006389
5020.444555 0.006311
5020.486025 0.006234
5020.527494 0.006158
5020.568964 0.006083
5020.610434 0.006008
5020.651903 0.005935
5020.693373 0.005862
5020.734843 0.005789
5020.776313 0.005718
5020.817782 0.005647
5020.859252 0.005577
5020.900722 0.005508
5020.942191 0.005439
5020.983661 0.005372
5021.025131 0.005304
5021.066600 0.005238
5021.108070 0.005172
5021.149540 0.005107
5021.191009 0.005043
5021.232479 0.004979
5021.273949 0.004916
5021.315418 0.004854
5021.356888 0.004792
5021.398358 0.004731
5021.439827 0.004671
5021.481297 0.004611
5021.522767 0.004552
5021.564237 0.004493
5021.605706 0.004435
5021.647176 0.004378
5021.688646 0.004321
5021.730115 0.004265
5021.771585 0.004210
5021.813055 0.004155
5021.854524 0.004100
5021.895994 0.004047
5021.937464 0.003994
5021.978933 0.003941
5022.020403 0.003889
5022.061873 0.003838
5022.103342 0.003787
5022.144812 0.003736
5022.186282 0.003687
5022.227752 0.003638
5022.269221 0.003589
5022.310691 0.003541
5022.352161 0.003493
5022.393630 0.003446
5022.435100 0.003400
5022.476570 0.003354
5022.518039 0.003308
5022.559509 0.003263
5022.600979 0.003219
5022.642448 0.003175
5022.683918 0.003131
5022.725388 0.003088
5022.766857 0.003046
5022.808327 0.003004
5022.849797 0.002962
5022.891266 0.002921
5022.932736 0.002880
5022.974206 0.002840
5023.015676 0.002801
5023.057145 0.002761
5023.098615 0.002723
5023.140085 0.002684
5023.181554 0.002647
5023.223024 0.002609
5023.264494 0.002572
5023.305963 0.002536
5023.347433 0.002500
5023.388903 0.002464
5023.430372 0.002429
5023.471842 0.002394
5023.513312 0.002360
5023.554781 0.002326
5023.596251 0.002292
5023.637721 0.002259
5023.679191 0.002226
5023.720660 0.002194
5023.762130 0.002162
5023.803600 0.002131
5023.845069 0.002099
5023.886539 0.002069
5023.928009 0.002038
5023.969478 0.002008
5024.010948 0.001979
5024.052418 0.001949
5024.093887 0.001921
5024.135357 0.001892
5024.176827 0.001864
5024.218296 0.001836
5024.259766 0.001809
5024.301236 0.001781
5024.342705 0.001755
5024.384175 0.001728
5024.425645 0.001702
5024.467115 0.001677
5024.508584 0.001651
5024.550054 0.001626
5024.591524 0.001601
5024.632993 0.001577
5024.674463 0.001553
5024.715933 0.001529
5024.757402 0.001506
5024.798872 0.001482
5024.840342 0.001459
5024.881811 0.001437
5024.923281 0.001415
5024.964751 0.001393
5025.006220 0.001371
5025.047690 0.001350
5025.089160 0.001329
5025.130630 0.001308
5025.172099 0.001287
5025.213569 0.001267
5025.255039 0.001247
5025.296508 0.001227
5025.337978 0.001208
5025.379448 0.001189
5025.420917 0.001170
5025.462387 0.001151
5025.503857 0.001133
5025.545326 0.001115
5025.586796 0.001097
5025.628266 0.001079
5025.669735 0.001062
5025.711205 0.001045
5025.752675 0.001028
5025.794144 0.001011
5025.835614 0.000995
5025.877084 0.000979
5025.918554 0.000963
5025.960023 0.000947
5026.001493 0.000932
5026.042963 0.000916
5026.084432 0.000901
5026.125902 0.000886
5026.167372 0.000872
5026.208841 0.000857
5026.250311 0.000843
5026.291781 0.000829
5026.333250 0.000815
5026.374720 0.000802
5026.416190 0.000788
5026.457659 0.000775
5026.499129 0.000762
5026.540599 0.000750
5026.582069 0.000737
5026.623538 0.000724
5026.665008 0.000712
5026.706478 0.000700
5026.747947 0.000688
5026.789417 0.000677
5026.830887 0.000665
5026.872356 0.000654
5026.913826 0.000643
5026.955296 0.000632
5026.996765 0.000621
5027.038235 0.000610
5027.079705 0.000600
5027.121174 0.000589
5027.162644 0.000579
5027.204114 0.000569
5027.245583 0.000559
5027.287053 0.000549
5027.328523 0.000540
5027.369993 0.000530
5027.411462 0.000521
5027.452932 0.000512
5027.494402 0.000503
5027.535871 0.000494
5027.577341 0.000485
5027.618811 0.000477
5027.660280 0.000468
5027.701750 0.000460
5027.743220 0.000452
5027.784689 0.000444
5027.826159 0.000436
5027.867629 0.000428
5027.909098 0.000421
5027.950568 0.000413
5027.992038 0.000406
5028.033508 0.000398
5028.074977 0.000391
5028.116447 0.000384
5028.157917 0.000377
5028.199386 0.000370
5028.240856 0.000364
5028.282326 0.000357
5028.323795 0.000350
5028.365265 0.000344
5028.406735 0.000338
5028.448204 0.000332
5028.489674 0.000325
5028.531144 0.000319
5028.572613 0.000314
5028.614083 0.000308
5028.655553 0.000302
5028.697022 0.000296
5028.738492 0.000291
5028.779962 0.000286
5028.821432 0.000280
5028.862901 0.000275
5028.904371 0.000270
5028.945841 0.000265
5028.987310 0.000260
5029.028780 0.000255
5029.070250 0.000250
5029.111719 0.000245
5029.153189 0.000241
5029.194659 0.000236
5029.236128 0.000232
5029.277598 0.000227
5029.319068 0.000223
5029.360537 0.000219
5029.402007 0.000215
5029.443477 0.000210
5029.484947 0.000206
5029.526416 0.000202
5029.567886 0.000199
5029.609356 0.000195
5029.650825 0.000191
5029.692295 0.000187
5029.733765 0.000184
5029.775234 0.000180
5029.816704 0.000177
5029.858174 0.000173
5029.899643 0.000170
5029.941113 0.000166
5029.982583 0.000163
5030.024052 0.000160
5030.065522 0.000157
5030.106992 0.000154
5030.148461 0.000151
5030.189931 0.000148
5030.231401 0.000145
5030.272871 0.000142
5030.314340 0.000139
5030.355810 0.000136
5030.397280 0.000134
5030.438749 0.000131
5030.480219 0.000128
5030.521689 0.000126
5030.563158 0.000123
5030.604628 0.000121
5030.646098 0.000118
5030.687567 0.000116
5030.729037 0.000114
5030.770507 0.000111
5030.811976 0.000109
5030.853446 0.000107
5030.894916 0.000105
5030.936386 0.000103
5030.977855 0.000101
5031.019325 0.000099
5031.060795 0.000096
5031.102264 0.000095
5031.143734 0.000093
5031.185204 0.000091
5031.226673 0.000089
5031.268143 0.000087
5031.309613 0.000085
5031.351082 0.000083
5031.392552 0.000082
5031.434022 0.000080
5031.475491 0.000078
5031.516961 0.000077
5031.558431 0.000075
5031.599900 0.000074
5031.641370 0.000072
5031.682840 0.000071
5031.724310 0.000069
5031.765779 0.000068
5031.807249 0.000066
5031.848719 0.000065
5031.890188 0.000063
5031.931658 0.000062
5031.973128 0.000061
5032.014597 0.000059
5032.056067 0.000058
5032.097537 0.000057
5032.139006 0.000056
5032.180476 0.000055
5032.221946 0.000053
5032.263415 0.000052
5032.304885 0.000051
5032.346355 0.000050
5032.387825 0.000049
5032.429294 0.000048
5032.470764 0.000047
5032.512234 0.000046
5032.553703 0.000045
5032.595173 0.000044
5032.636643 0.000043
5032.678112 0.000042
5032.719582 0.000041
5032.761052 0.000040
5032.802521 0.000039
5032.843991 0.000038
5032.885461 0.000038
5032.926930 0.000037
5032.968400 0.000036
5033.009870 0.000035
5033.051339 0.000034
5033.092809 0.000034
5033.134279 0.000033
5033.175749 0.000032
5033.217218 0.000031
5033.258688 0.000031
5033.300158 0.000030
5033.341627 0.000029
5033.383097 0.000029
5033.424567 0.000028
5033.466036 0.000027
5033.507506 0.000027
5033.548976 0.000026
5033.590445 0.000026
5033.631915 0.000025
5033.673385 0.000025
5033.714854 0.000024
5033.756324 0.000023
5033.797794 0.000023
5033.839263 0.000022
5033.880733 0.000022
5033.922203 0.000021
5033.963673 0.000021
5034.005142 0.000020
5034.046612 0.000020
5034.088082 0.000020
5034.129551 0.000019
5034.171021 0.000019
5034.212491 0.000018
5034.253960 0.000018
5034.295430 0.000017
5034.336900 0.000017
5034.378369 0.000017
5034.419839 0.000016
5034.461309 0.000016
5034.502778 0.000015
5034.544248 0.000015
5034.585718 0.000015
5034.627188 0.000014
5034.668657 0.000014
5034.710127 0.000014
5034.751597 0.000013
5034.793066 0.000013
5034.834536 0.000013
5034.876006 0.000012
5034.917475 0.000012
5034.958945 0.000012
5035.000415 0.000012
5035.041884 0.000011
5035.083354 0.000011
5035.124824 0.000011
5035.166293 0.000011
5035.207763 0.000010
5035.249233 0.000010
5035.290702 0.000010
5035.332172 0.000010
5035.373642 0.000009
5035.415112 0.000009
5035.456581 0.000009
5035.498051 0.000009
5035.539521 0.000008
5035.580990 0.000008
5035.622460 0.000008
5035.663930 0.000008
5035.705399 0.000008
5035.746869 0.000008
5035.788339 0.000007
5035.829808 0.000007
5035.871278 0.000007
5035.912748 0.000007
5035.954217 0.000007
5035.995687 0.000006
5036.037157 0.000006
5036.078627 0.000006
5036.120096 0.000006
5036.161566 0.000006
5036.203036 0.000006
5036.244505 0.000006
5036.285975 0.000005
5036.327445 0.000005
5036.368914 0.000005
5036.410384 0.000005
5036.451854 0.000005
5036.493323 0.000005
5036.534793 0.000005
5036.576263 0.000005
5036.617732 0.000004
5036.659202 0.000004
5036.700672 0.000004
5036.742141 0.000004
5036.783611 0.000004
5036.825081 0.000004
5036.866551 0.000004
5036.908020 0.000004
5036.949490 0.000004
5036.990960 0.000004
5037.032429 0.000003
5037.073899 0.000003
5037.115369 0.000003
5037.156838 0.000003
5037.198308 0.000003
5037.239778 0.000003
5037.281247 0.000003
5037.322717 0.000003
5037.364187 0.000003
5037.405656 0.000003
5037.447126 0.000003
5037.488596 0.000003
5037.530066 0.000003
5037.571535 0.000002
5037.613005 0.000002
5037.654475 0.000002
5037.695944 0.000002
5037.737414 0.000002
5037.778884 0.000002
5037.820353 0.000002
5037.861823 0.000002
5037.903293 0.000002
5037.944762 0.000002
5037.986232 0.000002
5038.027702 0.000002
5038.069171 0.000002
5038.110641 0.000002
5038.152111 0.000002
5038.193580 0.000002
5038.235050 0.000002
5038.276520 0.000002
5038.317990 0.000002
5038.359459 0.000002
5038.400929 0.000001
5038.442399 0.000001
5038.483868 0.000001
5038.525338 0.000001
5038.566808 0.000001
5038.608277 0.000001
5038.649747 0.000001
5038.691217 0.000001
5038.732686 0.000001
5038.774156 0.000001
5038.815626 0.000001
5038.857095 0.000001
5038.898565 0.000001
5038.940035 0.000001
5038.981505 0.000001
5039.022974 0.000001
5039.064444 0.000001
5039.105914 0.000001
5039.147383 0.000001
5039.188853 0.000001
5039.230323 0.000001
5039.271792 0.000001
5039.313262 0.000001
5039.354732 0.000001
5039.396201 0.000001
5039.437671 0.000001
5039.479141 0.000001
5039.520610 0.000001
5039.562080 0.000001
5039.603550 0.000001
5039.645019 0.000001
5039.686489 0.000001
5039.727959 0.000001
5039.769429 0.000001
5039.810898 0.000001
5039.852368 0.000001
5039.893838 0.000001
5039.935307 0.000001
5039.976777 0.000001
5040.018247 0.000001
5040.059716 0.000000
5040.101186 0.000000
5040.142656 0.000000
5040.184125 0.000000
5040.225595 0.000000
5040.267065 0.000000
5040.308534 0.000000
5040.350004 0.000000
5040.391474 0.000000
5040.432944 0.000000
5040.474413 0.000000
5040.515883 0.000000
5040.557353 0.000000
5040.598822 0.000000
5040.640292 0.000000
5040.681762 0.000000
5040.723231 0.000000
5040.764701 0.000000
5040.806171 0.000000
5040.847640 0.000000
5040.889110 0.000000
5040.930580 0.000000
5040.972049 0.000000
5041.013519 0.000000
5041.054989 0.000000
5041.096458 0.000000
5041.137928 0.000000
5041.179398 0.000000
5041.220868 0.000000
5041.262337 0.000000
5041.303807 0.000000
5041.345277 0.000000
5041.386746 0.000000
5041.428216 0.000000
5041.469686 0.000000
5041.511155 0.000000
5041.552625 0.000000
5041.594095 0.000000
5041.635564 0.000000
5041.677034 0.000000
5041.718504 0.000000
5041.759973 0.000000
5041.801443 0.000000
5041.842913 0.000000
5041.884383 0.000000
5041.925852 0.000000
5041.967322 0.000000
5042.008792 0.000000
5042.050261 0.000000
5042.091731 0.000000
5042.133201 0.000000
5042.174670 0.000000
5042.216140 0.000000
5042.257610 0.000000
5042.299079 0.000000
5042.340549 0.000000
5042.382019 0.000000
5042.423488 0.000000
5042.464958 0.000000
5042.506428 0.000000
5042.547897 0.000000
5042.589367 0.000000
5042.630837 0.000000
5042.672307 0.000000
5042.713776 0.000000
5042.755246 0.000000
5042.796716 0.000000
5042.838185 0.000000
5042.879655 0.000000
5042.921125 0.000000
5042.962594 0.000000
5043.004064 0.000000
5043.045534 0.000000
5043.087003 0.000000
5043.128473 0.000000
5043.169943 0.000000
5043.211412 0.000000
5043.252882 0.000000
5043.294352 0.000000
5043.335822 0.000000
5043.377291 0.000000
5043.418761 0.000000
5043.460231 0.000000
5043.501700 0.000000
5043.543170 0.000000
5043.584640 0.000000
5043.626109 0.000000
5043.667579 0.000000
5043.709049 0.000000
5043.750518 0.000000
5043.791988 0.000000
5043.833458 0.000000
5043.874927 0.000000
5043.916397 0.000000
5043.957867 0.000000
5043.999336 0.000000
5044.040806 0.000000
5044.082276 0.000000
5044.123746 0.000000
5044.165215 0.000000
5044.206685 0.000000
5044.248155 0.000000
5044.289624 0.000000
5044.331094 0.000000
5044.372564 0.000000
5044.414033 0.000000
5044.455503 0.000000
5044.496973 0.000000
5044.538442 0.000000
5044.579912 0.000000
5044.621382 0.000000
5044.662851 0.000000
5044.704321 0.000000
5044.745791 0.000000
5044.787261 0.000000
5044.828730 0.000000
5044.870200 0.000000
5044.911670 0.000000
5044.953139 0.000000
5044.994609 0.000000
5045.036079 0.000000
5045.077548 0.000000
5045.119018 0.000000
5045.160488 0.000000
5045.201957 0.000000
5045.243427 0.000000
5045.284897 0.000000
5045.326366 0.000000
5045.367836 0.000000
5045.409306 0.000000
5045.450775 0.000000
5045.492245 0.000000
5045.533715 0.000000
5045.575185 0.000000
5045.616654 0.000000
5045.658124 0.000000
5045.699594 0.000000
5045.741063 0.000000
5045.782533 0.000000
5045.824003 0.000000
5045.865472 0.000000
5045.906942 0.000000
5045.948412 0.000000
5045.989881 0.000000
5046.031351 0.000000
5046.072821 0.000000
5046.114290 0.000000
5046.155760 0.000000
5046.197230 0.000000
5046.238700 0.000000
5046.280169 0.000000
5046.321639 0.000000
5046.363109 0.000000
5046.404578 0.000000
5046.446048 0.000000
5046.487518 0.000000
5046.528987 0.000000
5046.570457 0.000000
5046.611927 0.000000
5046.653396 0.000000
5046.694866 0.000000
5046.736336 0.000000
5046.777805 0.000000
5046.819275 0.000000
5046.860745 0.000000
5046.902214 0.000000
5046.943684 0.000000
5046.985154 0.000000
5047.026624 0.000000
5047.068093 0.000000
5047.109563 0.000000
5047.151033 0.000000
5047.192502 0.000000
5047.233972 0.000000
5047.275442 0.000000
5047.316911 0.000000
5047.358381 0.000000
5047.399851 0.000000
5047.441320 0.000000
5047.482790 0.000000
5047.524260 0.000000
5047.565729 0.000000
5047.607199 0.000000
5047.648669 0.000000
5047.690139 0.000000
5047.731608 0.000000
5047.773078 0.000000
5047.814548 0.000000
5047.856017 0.000000
5047.897487 0.000000
5047.938957 0.000000
5047.980426 0.000000
5048.021896 0.000000
5048.063366 0.000000
5048.104835 0.000000
5048.146305 0.000000
5048.187775 0.000000
5048.229244 0.000000
5048.270714 0.000000
5048.312184 0.000000
5048.353653 0.000000
5048.395123 0.000000
5048.436593 0.000000
5048.478063 0.000000
5048.519532 0.000000
5048.561002 0.000000
5048.602472 0.000000
5048.643941 0.000000
5048.685411 0.000000
5048.726881 0.000000
5048.768350 0.000000
5048.809820 0.000000
5048.851290 0.000000
5048.892759 0.000000
5048.934229 0.000000
5048.975699 0.000000
5049.017168 0.000000
5049.058638 0.000000
5049.100108 0.000000
5049.141578 0.000000
5049.183047 0.000000
5049.224517 0.000000
5049.265987 0.000000
5049.307456 0.000000
5049.348926 0.000000
5049.390396 0.000000
5049.431865 0.000000
5049.473335 0.000000
5049.514805 0.000000
5049.556274 0.000000
5049.597744 0.000000
5049.639214 0.000000
5049.680683 0.000000
5049.722153 0.000000
5049.763623 0.000000
5049.805092 0.000000
5049.846562 0.000000
5049.888032 0.000000
5049.929502 0.000000
5049.970971 0.000000
5050.012441 0.000000
5050.053911 0.000000
5050.095380 0.000000
5050.136850 0.000000
5050.178320 0.000000
5050.219789 0.000000
5050.261259 0.000000
5050.302729 0.000000
5050.344198 0.000000
5050.385668 0.000000
5050.427138 0.000000
5050.468607 0.000000
5050.510077 0.000000
5050.551547 0.000000
5050.593017 0.000000
5050.634486 0.000000
5050.675956 0.000000
5050.717426 0.000000
5050.758895 0.000000
5050.800365 0.000000
5050.841835 0.000000
5050.883304 0.000000
5050.924774 0.000000
5050.966244 0.000000
5051.007713 0.000000
5051.049183 0.000000
5051.090653 0.000000
5051.132122 0.000000
5051.173592 0.000000
5051.215062 0.000000
5051.256531 0.000000
5051.298001 0.000000
5051.339471 0.000000
5051.380941 0.000000
5051.422410 0.000000
5051.463880 0.000000
5051.505350 0.000000
5051.546819 0.000000
5051.588289 0.000000
5051.629759 0.000000
5051.671228 0.000000
5051.712698 0.000000
5051.754168 0.000000
5051.795637 0.000000
5051.837107 0.000000
5051.878577 0.000000
5051.920046 0.000000
5051.961516 0.000000
5052.002986 0.000000
5052.044456 0.000000
5052.085925 0.000000
5052.127395 0.000000
5052.168865 0.000000
5052.210334 0.000000
5052.251804 0.000000
5052.293274 0.000000
5052.334743 0.000000
5052.376213 0.000000
5052.417683 0.000000
5052.459152 0.000000
5052.500622 0.000000
5052.542092 0.000000
5052.583561 0.000000
5052.625031 0.000000
5052.666501 0.000000
5052.707970 0.000000
5052.749440 0.000000
5052.790910 0.000000
5052.832380 0.000000
5052.873849 0.000000
5052.915319 0.000000
5052.956789 0.000000
5052.998258 0.000000
5053.039728 0.000000
5053.081198 0.000000
5053.122667 0.000000
5053.164137 0.000000
5053.205607 0.000000
5053.247076 0.000000
5053.288546 0.000000
5053.330016 0.000000
5053.371485 0.000000
5053.412955 0.000000
5053.454425 0.000000
5053.495895 0.000000
5053.537364 0.000000
5053.578834 0.000000
5053.620304 0.000000
5053.661773 0.000000
5053.703243 0.000000
5053.744713 0.000000
5053.786182 0.000000
5053.827652 0.000000
5053.869122 0.000000
5053.910591 0.000000
5053.952061 0.000000
5053.993531 0.000000
5054.035000 0.000000
5054.076470 0.000000
5054.117940 0.000000
5054.159409 0.000000
5054.200879 0.000000
5054.242349 0.000000
5054.283819 0.000000
5054.325288 0.000000
5054.366758 0.000000
5054.408228 0.000000
5054.449697 0.000000
5054.491167 0.000000
5054.532637 0.000000
5054.574106 0.000000
5054.615576 0.000000
5054.657046 0.000000
5054.698515 0.000000
5054.739985 0.000000
5054.781455 0.000000
5054.822924 0.000000
5054.864394 0.000000
5054.905864 0.000000
5054.947333 0.000000
5054.988803 0.000000
5055.030273 0.000000
5055.071743 0.000000
5055.113212 0.000000
5055.154682 0.000000
5055.196152 0.000000
5055.237621 0.000000
5055.279091 0.000000
5055.320561 0.000000
5055.362030 0.000000
5055.403500 0.000000
5055.444970 0.000000
5055.486439 0.000000
5055.527909 0.000000
5055.569379 0.000000
5055.610848 0.000000
5055.652318 0.000000
5055.693788 0.000000
5055.735258 0.000000
5055.776727 0.000000
5055.818197 0.000000
5055.859667 0.000000
5055.901136 0.000000
5055.942606 0.000000
5055.984076 0.000000
5056.025545 0.000000
5056.067015 0.000000
5056.108485 0.000000
5056.149954 0.000000
5056.191424 0.000000
5056.232894 0.000000
5056.274363 0.000000
5056.315833 0.000000
5056.357303 0.000000
5056.398772 0.000000
5056.440242 0.000000
5056.481712 0.000000
5056.523182 0.000000
5056.564651 0.000000
5056.606121 0.000000
5056.647591 0.000000
5056.689060 0.000000
5056.730530 0.000000
5056.772000 0.000000
5056.813469 0.000000
5056.854939 0.000000
5056.896409 0.000000
5056.937878 0.000000
5056.979348 0.000000
5057.020818 0.000000
5057.062287 0.000000
5057.103757 0.000000
5057.145227 0.000000
5057.186697 0.000000
5057.228166 0.000000
5057.269636 0.000000
5057.311106 0.000000
5057.352575 0.000000
5057.394045 0.000000
5057.435515 0.000000
5057.476984 0.000000
5057.518454 0.000000
5057.559924 0.000000
5057.601393 0.000000
5057.642863 0.000000
5057.684333 0.000000
5057.725802 0.000000
5057.767272 0.000000
5057.808742 0.000000
5057.850211 0.000000
5057.891681 0.000000
5057.933151 0.000000
5057.974621 0.000000
5058.016090 0.000000
5058.057560 0.000000
5058.099030 0.000000
5058.140499 0.000000
5058.181969 0.000000
5058.223439 0.000000
5058.264908 0.000000
5058.306378 0.000000
5058.347848 0.000000
5058.389317 0.000000
5058.430787 0.000000
5058.472257 0.000000
5058.513726 0.000000
5058.555196 0.000000
5058.596666 0.000000
5058.638136 0.000000
5058.679605 0.000000
5058.721075 0.000000
5058.762545 0.000000
5058.804014 0.000000
5058.845484 0.000000
5058.886954 0.000000
5058.928423 0.000000
5058.969893 0.000000
5059.011363 0.000000
5059.052832 0.000000
5059.094302 0.000000
5059.135772 0.000000
5059.177241 0.000000
5059.218711 0.000000
5059.260181 0.000000
5059.301650 0.000000
5059.343120 0.000000
5059.384590 0.000000
5059.426060 0.000000
5059.467529 0.000000
5059.508999 0.000000
5059.550469 0.000000
5059.591938 0.000000
5059.633408 0.000000
5059.674878 0.000000
5059.716347 0.000000
5059.757817 0.000000
5059.799287 0.000000
5059.840756 0.000000
5059.882226 0.000000
5059.923696 0.000000
5059.965165 0.000000
5060.006635 0.000000
5060.048105 0.000000
5060.089575 0.000000
5060.131044 0.000000
5060.172514 0.000000
5060.213984 0.000000
5060.255453 0.000000
5060.296923 0.000000
5060.338393 0.000000
5060.379862 0.000000
5060.421332 0.000000
5060.462802 0.000000
5060.504271 0.000000
5060.545741 0.000000
5060.587211 0.000000
5060.628680 0.000000
5060.670150 0.000000
5060.711620 0.000000
5060.753089 0.000000
5060.794559 0.000000
5060.836029 0.000000
5060.877499 0.000000
5060.918968 0.000000
5060.960438 0.000000
5061.001908 0.000000
5061.043377 0.000000
5061.084847 0.000000
5061.126317 0.000000
5061.167786 0.000000
5061.209256 0.000000
5061.250726 0.000000
5061.292195 0.000000
5061.333665 0.000000
5061.375135 0.000000
5061.416604 0.000000
5061.458074 0.000000
5061.499544 0.000000
5061.541014 0.000000
5061.582483 0.000000
5061.623953 0.000000
5061.665423 0.000000
5061.706892 0.000000
5061.748362 0.000000
5061.789832 0.000000
5061.831301 0.000000
5061.872771 0.000000
5061.914241 0.000000
5061.955710 0.000000
5061.997180 0.000000
5062.038650 0.000000
5062.080119 0.000000
5062.121589 0.000000
5062.163059 0.000000
5062.204528 0.000000
5062.245998 0.000000
5062.287468 0.000000
5062.328938 0.000000
5062.370407 0.000000
5062.411877 0.000000
5062.453347 0.000000
5062.494816 0.000000
5062.536286 0.000000
5062.577756 0.000000
5062.619225 0.000000
5062.660695 0.000000
5062.702165 0.000000
5062.743634 0.000000
5062.785104 0.000000
5062.826574 0.000000
5062.868043 0.000000
5062.909513 0.000000
5062.950983 0.000000
5062.992453 0.000000
5063.033922 0.000000
5063.075392 0.000000
5063.116862 0.000000
5063.158331 0.000000
5063.199801 0.000000
5063.241271 0.000000
5063.282740 0.000000
5063.324210 0.000000
5063.365680 0.000000
5063.407149 0.000000
5063.448619 0.000000
5063.490089 0.000000
5063.531558 0.000000
5063.573028 0.000000
5063.614498 0.000000
5063.655967 0.000000
5063.697437 0.000000
5063.738907 0.000000
5063.780377 0.000000
5063.821846 0.000000
5063.863316 0.000000
5063.904786 0.000000
5063.946255 0.000000
5063.987725 0.000000
5064.029195 0.000000
5064.070664 0.000000
5064.112134 0.000000
5064.153604 0.000000
5064.195073 0.000000
5064.236543 0.000000
5064.278013 0.000000
5064.319482 0.000000
5064.360952 0.000000
5064.402422 0.000000
5064.443892 0.000000
5064.485361 0.000000
5064.526831 0.000000
5064.568301 0.000000
5064.609770 0.000000
5064.651240 0.000000
5064.692710 0.000000
5064.734179 0.000000
5064.775649 0.000000
5064.817119 0.000000
5064.858588 0.000000
5064.900058 0.000000
5064.941528 0.000000
5064.982997 0.000000
5065.024467 0.000000
5065.065937 0.000000
5065.107406 0.000000
5065.148876 0.000000
5065.190346 0.000000
5065.231816 0.000000
5065.273285 0.000000
5065.314755 0.000000
5065.356225 0.000000
5065.397694 0.000000
5065.439164 0.000000
5065.480634 0.000000
5065.522103 0.000000
5065.563573 0.000000
5065.605043 0.000000
5065.646512 0.000000
5065.687982 0.000000
5065.729452 0.000000
5065.770921 0.000000
5065.812391 0.000000
5065.853861 0.000000
5065.895331 0.000000
5065.936800 0.000000
5065.978270 0.000000
5066.019740 0.000000
5066.061209 0.000000
5066.102679 0.000000
5066.144149 0.000000
5066.185618 0.000000
5066.227088 0.000000
5066.268558 0.000000
5066.310027 0.000000
5066.351497 0.000000
5066.392967 0.000000
5066.434436 0.000000
5066.475906 0.000000
5066.517376 0.000000
5066.558845 0.000000
5066.600315 0.000000
5066.641785 0.000000
5066.683255 0.000000
5066.724724 0.000000
5066.766194 0.000000
5066.807664 0.000000
5066.849133 0.000000
5066.890603 0.000000
5066.932073 0.000000
5066.973542 0.000000
5067.015012 0.000000
5067.056482 0.000000
5067.097951 0.000000
5067.139421 0.000000
5067.180891 0.000000
5067.222360 0.000000
5067.263830 0.000000
5067.305300 0.000000
5067.346770 0.000000
5067.388239 0.000000
5067.429709 0.000000
5067.471179 0.000000
5067.512648 0.000000
5067.554118 0.000000
5067.595588 0.000000
5067.637057 0.000000
5067.678527 0.000000
5067.719997 0.000000
5067.761466 0.000000
5067.802936 0.000000
5067.844406 0.000000
5067.885875 0.000000
5067.927345 0.000000
5067.968815 0.000000
5068.010284 0.000000
5068.051754 0.000000
5068.093224 0.000000
5068.134694 0.000000
5068.176163 0.000000
5068.217633 0.000000
5068.259103 0.000000
5068.300572 0.000000
5068.342042 0.000000
5068.383512 0.000000
5068.424981 0.000000
5068.466451 0.000000
5068.507921 0.000000
5068.549390 0.000000
5068.590860 0.000000
5068.632330 0.000000
5068.673799 0.000000
5068.715269 0.000000
5068.756739 0.000000
5068.798209 0.000000
5068.839678 0.000000
5068.881148 0.000000
5068.922618 0.000000
5068.964087 0.000000
5069.005557 0.000000
5069.047027 0.000000
5069.088496 0.000000
5069.129966 0.000000
5069.171436 0.000000
5069.212905 0.000000
5069.254375 0.000000
5069.295845 0.000000
5069.337314 0.000000
5069.378784 0.000000
5069.420254 0.000000
5069.461723 0.000000
5069.503193 0.000000
5069.544663 0.000000
5069.586133 0.000000
5069.627602 0.000000
5069.669072 0.000000
5069.710542 0.000000
5069.752011 0.000000
5069.793481 0.000000
5069.834951 0.000000
5069.876420 0.000000
5069.917890 0.000000
5069.959360 0.000000
