4900.034650 0.000000
4900.077963 0.000000
4900.121275 0.000000
4900.164588 0.000000
4900.207900 0.000000
4900.251213 0.000000
4900.294525 0.000000
4900.337838 0.000000
4900.381150 0.000000
4900.424463 0.000000
4900.467775 0.000000
4900.511088 0.000000
4900.554401 0.000000
4900.597713 0.000000
4900.641026 0.000000
4900.684338 0.000000
4900.727651 0.000000
4900.770963 0.000000
4900.814276 0.000000
4900.857588 0.000000
4900.900901 0.000000
4900.944213 0.000000
4900.987526 0.000000
4901.030839 0.000000
4901.074151 0.000000
4901.117464 0.000000
4901.160776 0.000000
4901.204089 0.000000
4901.247401 0.000000
4901.290714 0.000000
4901.334026 0.000000
4901.377339 0.000000
4901.420651 0.000000
4901.463964 0.000000
4901.507277 0.000000
4901.550589 0.000000
4901.593902 0.000000
4901.637214 0.000000
4901.680527 0.000000
4901.723839 0.000000
4901.767152 0.000000
4901.810464 0.000000
4901.853777 0.000000
4901.897089 0.000000
4901.940402 0.000000
4901.983714 0.000000
4902.027027 0.000000
4902.070340 0.000000
4902.113652 0.000000
4902.156965 0.000000
4902.200277 0.000000
4902.243590 0.000000
4902.286902 0.000000
4902.330215 0.000000
4902.373527 0.000000
4902.416840 0.000000
4902.460152 0.000000
4902.503465 0.000000
4902.546778 0.000000
4902.590090 0.000000
4902.633403 0.000000
4902.676715 0.000000
4902.720028 0.000000
4902.763340 0.000000
4902.806653 0.000000
4902.849965 0.000000
4902.893278 0.000000
4902.936590 0.000000
4902.979903 0.000000
4903.023216 0.000000
4903.066528 0.000000
4903.109841 0.000000
4903.153153 0.000000
4903.196466 0.000000
4903.239778 0.000000
4903.283091 0.000000
4903.326403 0.000000
4903.369716 0.000000
4903.413028 0.000000
4903.456341 0.000000
4903.499653 0.000000
4903.542966 0.000000
4903.586279 0.000000
4903.629591 0.000000
4903.672904 0.000000
4903.716216 0.000000
4903.759529 0.000000
4903.802841 0.000000
4903.846154 0.000000
4903.889466 0.000000
4903.932779 0.000000
4903.976091 0.000000
4904.019404 0.000000
4904.062717 0.000000
4904.106029 0.000000
4904.149342 0.000000
4904.192654 0.000000
4904.235967 0.000000
4904.279279 0.000000
4904.322592 0.000000
4904.365904 0.000000
4904.409217 0.000000
4904.452529 0.000000
4904.495842 0.000000
4904.539155 0.000000
4904.582467 0.000000
4904.625780 0.000000
4904.669092 0.000000
4904.712405 0.000000
4904.755717 0.000000
4904.799030 0.000000
4904.842342 0.000000
4904.885655 0.000000
4904.928967 0.000000
4904.972280 0.000000
4905.015593 0.000000
4905.058905 0.000000
4905.102218 0.000000
4905.145530 0.000000
4905.188843 0.000000
4905.232155 0.000000
4905.275468 0.000000
4905.318780 0.000000
4905.362093 0.000000
4905.405405 0.000000
4905.448718 0.000000
4905.492030 0.000000
4905.535343 0.000000
4905.578656 0.000000
4905.621968 0.000000
4905.665281 0.000000
4905.708593 0.000000
4905.751906 0.000000
4905.795218 0.000000
4905.838531 0.000000
4905.881843 0.000000
4905.925156 0.000000
4905.968468 0.000000
4906.011781 0.000000
4906.055094 0.000000
4906.098406 0.000000
4906.141719 0.000000
4906.185031 0.000000
4906.228344 0.000000
4906.271656 0.000000
4906.314969 0.000000
4906.358281 0.000000
4906.401594 0.000000
4906.444906 0.000000
4906.488219 0.000000
4906.531532 0.000000
4906.574844 0.000000
4906.618157 0.000000
4906.661469 0.000000
4906.704782 0.000000
4906.748094 0.000000
4906.791407 0.000000
4906.834719 0.000000
4906.878032 0.000000
4906.921344 0.000000
4906.964657 0.000000
4907.007970 0.000000
4907.051282 0.000000
4907.094595 0.000000
4907.137907 0.000000
4907.181220 0.000000
4907.224532 0.000000
4907.267845 0.000000
4907.311157 0.000000
4907.354470 0.000000
4907.397782 0.000000
4907.441095 0.000000
4907.484407 0.000000
4907.527720 0.000000
4907.571033 0.000000
4907.614345 0.000000
4907.657658 0.000000
4907.700970 0.000000
4907.744283 0.000000
4907.787595 0.000000
4907.830908 0.000000
4907.874220 0.000000
4907.917533 0.000000
4907.960845 0.000000
4908.004158 0.000000
4908.047471 0.000000
4908.090783 0.000000
4908.134096 0.000000
4908.177408 0.000000
4908.220721 0.000000
4908.264033 0.000000
4908.307346 0.000000
4908.350658 0.000000
4908.393971 0.000000
4908.437283 0.000000
4908.480596 0.000000
4908.523909 0.000000
4908.567221 0.000000
4908.610534 0.000000
4908.653846 0.000000
4908.697159 0.000000
4908.740471 0.000000
4908.783784 0.000000
4908.827096 0.000000
4908.870409 0.000000
4908.913721 0.000000
4908.957034 0.000000
4909.000347 0.000000
4909.043659 0.000000
4909.086972 0.000000
4909.130284 0.000000
4909.173597 0.000000
4909.216909 0.000000
4909.260222 0.000000
4909.303534 0.000000
4909.346847 0.000000
4909.390159 0.000000
4909.433472 0.000000
4909.476784 0.000000
4909.520097 0.000000
4909.563410 0.000000
4909.606722 0.000000
4909.650035 0.000000
4909.693347 0.000000
4909.736660 0.000000
4909.779972 0.000000
4909.823285 0.000000
4909.866597 0.000000
4909.909910 0.000000
4909.953222 0.000000
4909.996535 0.000000
4910.039848 0.000000
4910.083160 0.000000
4910.126473 0.000000
4910.169785 0.000000
4910.213098 0.000000
4910.256410 0.000000
4910.299723 0.000000
4910.343035 0.000000
4910.386348 0.000000
4910.429660 0.000000
4910.472973 0.000000
4910.516286 0.000000
4910.559598 0.000000
4910.602911 0.000000
4910.646223 0.000000
4910.689536 0.000000
4910.732848 0.000000
4910.776161 0.000000
4910.819473 0.000000
4910.862786 0.000000
4910.906098 0.000000
4910.949411 0.000000
4910.992723 0.000000
4911.036036 0.000000
4911.079349 0.000000
4911.122661 0.000000
4911.165974 0.000000
4911.209286 0.000000
4911.252599 0.000000
4911.295911 0.000000
4911.339224 0.000000
4911.382536 0.000000
4911.425849 0.000000
4911.469161 0.000000
4911.512474 0.000000
4911.555787 0.000000
4911.599099 0.000000
4911.642412 0.000000
4911.685724 0.000000
4911.729037 0.000000
4911.772349 0.000000
4911.815662 0.000000
4911.858974 0.000000
4911.902287 0.000000
4911.945599 0.000000
4911.988912 0.000000
4912.032225 0.000000
4912.075537 0.000000
4912.118850 0.000000
4912.162162 0.000000
4912.205475 0.000000
4912.248787 0.000000
4912.292100 0.000000
4912.335412 0.000000
4912.378725 0.000000
4912.422037 0.000000
4912.465350 0.000000
4912.508663 0.000000
4912.551975 0.000000
4912.595288 0.000000
4912.638600 0.000000
4912.681913 0.000000
4912.725225 0.000000
4912.768538 0.000000
4912.811850 0.000000
4912.855163 0.000000
4912.898475 0.000000
4912.941788 0.000000
4912.985100 0.000000
4913.028413 0.000000
4913.071726 0.000000
4913.115038 0.000000
4913.158351 0.000000
4913.201663 0.000000
4913.244976 0.000000
4913.288288 0.000000
4913.331601 0.000000
4913.374913 0.000000
4913.418226 0.000000
4913.461538 0.000000
4913.504851 0.000000
4913.548164 0.000000
4913.591476 0.000000
4913.634789 0.000000
4913.678101 0.000000
4913.721414 0.000000
4913.764726 0.000000
4913.808039 0.000000
4913.851351 0.000000
4913.894664 0.000000
4913.937976 0.000000
4913.981289 0.000000
4914.024602 0.000000
4914.067914 0.000000
4914.111227 0.000000
4914.154539 0.000000
4914.197852 0.000000
4914.241164 0.000000
4914.284477 0.000000
4914.327789 0.000000
4914.371102 0.000000
4914.414414 0.000000
4914.457727 0.000000
4914.501040 0.000000
4914.544352 0.000000
4914.587665 0.000000
4914.630977 0.000000
4914.674290 0.000000
4914.717602 0.000000
4914.760915 0.000000
4914.804227 0.000000
4914.847540 0.000000
4914.890852 0.000000
4914.934165 0.000000
4914.977477 0.000000
4915.020790 0.000000
4915.064103 0.000000
4915.107415 0.000000
4915.150728 0.000000
4915.194040 0.000000
4915.237353 0.000000
4915.280665 0.000000
4915.323978 0.000000
4915.367290 0.000000
4915.410603 0.000000
4915.453915 0.000000
4915.497228 0.000000
4915.540541 0.000000
4915.583853 0.000000
4915.627166 0.000000
4915.670478 0.000000
4915.713791 0.000000
4915.757103 0.000000
4915.800416 0.000000
4915.843728 0.000000
4915.887041 0.000000
4915.930353 0.000000
4915.973666 0.000000
4916.016979 0.000000
4916.060291 0.000000
4916.103604 0.000000
4916.146916 0.000000
4916.190229 0.000000
4916.233541 0.000000
4916.276854 0.000000
4916.320166 0.000000
4916.363479 0.000000
4916.406791 0.000000
4916.450104 0.000000
4916.493416 0.000000
4916.536729 0.000000
4916.580042 0.000000
4916.623354 0.000000
4916.666667 0.000000
4916.709979 0.000000
4916.753292 0.000000
4916.796604 0.000000
4916.839917 0.000000
4916.883229 0.000000
4916.926542 0.000000
4916.969854 0.000000
4917.013167 0.000000
4917.056480 0.000000
4917.099792 0.000000
4917.143105 0.000000
4917.186417 0.000000
4917.229730 0.000000
4917.273042 0.000000
4917.316355 0.000000
4917.359667 0.000000
4917.402980 0.000000
4917.446292 0.000000
4917.489605 0.000000
4917.532918 0.000000
4917.576230 0.000000
4917.619543 0.000000
4917.662855 0.000000
4917.706168 0.000000
4917.749480 0.000000
4917.792793 0.000000
4917.836105 0.000000
4917.879418 0.000000
4917.922730 0.000000
4917.966043 0.000000
4918.009356 0.000000
4918.052668 0.000000
4918.095981 0.000000
4918.139293 0.000000
4918.182606 0.000000
4918.225918 0.000000
4918.269231 0.000000
4918.312543 0.000000
4918.355856 0.000000
4918.399168 0.000000
4918.442481 0.000000
4918.485793 0.000000
4918.529106 0.000000
4918.572419 0.000000
4918.615731 0.000000
4918.659044 0.000000
4918.702356 0.000000
4918.745669 0.000000
4918.788981 0.000000
4918.832294 0.000000
4918.875606 0.000000
4918.918919 0.000000
4918.962231 0.000000
4919.005544 0.000000
4919.048857 0.000000
4919.092169 0.000000
4919.135482 0.000000
4919.178794 0.000000
4919.222107 0.000000
4919.265419 0.000000
4919.308732 0.000000
4919.352044 0.000000
4919.395357 0.000000
4919.438669 0.000000
4919.481982 0.000000
4919.525295 0.000000
4919.568607 0.000000
4919.611920 0.000000
4919.655232 0.000000
4919.698545 0.000000
4919.741857 0.000000
4919.785170 0.000000
4919.828482 0.000000
4919.871795 0.000000
4919.915107 0.000000
4919.958420 0.000000
4920.001733 0.000000
4920.045045 0.000000
4920.088358 0.000000
4920.131670 0.000000
4920.174983 0.000000
4920.218295 0.000000
4920.261608 0.000000
4920.304920 0.000000
4920.348233 0.000000
4920.391545 0.000000
4920.434858 0.000000
4920.478170 0.000000
4920.521483 0.000000
4920.564796 0.000000
4920.608108 0.000000
4920.651421 0.000000
4920.694733 0.000000
4920.738046 0.000000
4920.781358 0.000000
4920.824671 0.000000
4920.867983 0.000000
4920.911296 0.000000
4920.954608 0.000000
4920.997921 0.000000
4921.041234 0.000000
4921.084546 0.000000
4921.127859 0.000000
4921.171171 0.000000
4921.214484 0.000000
4921.257796 0.000000
4921.301109 0.000000
4921.344421 0.000000
4921.387734 0.000000
4921.431046 0.000000
4921.474359 0.000000
4921.517672 0.000000
4921.560984 0.000000
4921.604297 0.000000
4921.647609 0.000000
4921.690922 0.000000
4921.734234 0.000000
4921.777547 0.000000
4921.820859 0.000000
4921.864172 0.000000
4921.907484 0.000000
4921.950797 0.000000
4921.994109 0.000000
4922.037422 0.000000
4922.080735 0.000000
4922.124047 0.000000
4922.167360 0.000000
4922.210672 0.000000
4922.253985 0.000000
4922.297297 0.000000
4922.340610 0.000000
4922.383922 0.000000
4922.427235 0.000000
4922.470547 0.000000
4922.513860 0.000000
4922.557173 0.000000
4922.600485 0.000000
4922.643798 0.000000
4922.687110 0.000000
4922.730423 0.000000
4922.773735 0.000000
4922.817048 0.000000
4922.860360 0.000000
4922.903673 0.000000
4922.946985 0.000000
4922.990298 0.000000
4923.033611 0.000000
4923.076923 0.000000
4923.120236 0.000000
4923.163548 0.000000
4923.206861 0.000000
4923.250173 0.000000
4923.293486 0.000000
4923.336798 0.000000
4923.380111 0.000000
4923.423423 0.000000
4923.466736 0.000000
4923.510049 0.000000
4923.553361 0.000000
4923.596674 0.000000
4923.639986 0.000000
4923.683299 0.000000
4923.726611 0.000000
4923.769924 0.000000
4923.813236 0.000000
4923.856549 0.000000
4923.899861 0.000000
4923.943174 0.000000
4923.986486 0.000000
4924.029799 0.000000
4924.073112 0.000000
4924.116424 0.000000
4924.159737 0.000000
4924.203049 0.000000
4924.246362 0.000000
4924.289674 0.000000
4924.332987 0.000000
4924.376299 0.000000
4924.419612 0.000000
4924.462924 0.000000
4924.506237 0.000000
4924.549550 0.000000
4924.592862 0.000000
4924.636175 0.000000
4924.679487 0.000000
4924.722800 0.000000
4924.766112 0.000000
4924.809425 0.000000
4924.852737 0.000000
4924.896050 0.000000
4924.939362 0.000000
4924.982675 0.000000
4925.025988 0.000000
4925.069300 0.000000
4925.112613 0.000000
4925.155925 0.000000
4925.199238 0.000000
4925.242550 0.000000
4925.285863 0.000000
4925.329175 0.000000
4925.372488 0.000000
4925.415800 0.000000
4925.459113 0.000000
4925.502426 0.000000
4925.545738 0.000000
4925.589051 0.000000
4925.632363 0.000000
4925.675676 0.000000
4925.718988 0.000000
4925.762301 0.000000
4925.805613 0.000000
4925.848926 0.000000
4925.892238 0.000000
4925.935551 0.000000
4925.978863 0.000000
4926.022176 0.000000
4926.065489 0.000000
4926.108801 0.000000
4926.152114 0.000000
4926.195426 0.000000
4926.238739 0.000000
4926.282051 0.000000
4926.325364 0.000000
4926.368676 0.000000
4926.411989 0.000000
4926.455301 0.000000
4926.498614 0.000000
4926.541927 0.000000
4926.585239 0.000000
4926.628552 0.000000
4926.671864 0.000000
4926.715177 0.000000
4926.758489 0.000000
4926.801802 0.000000
4926.845114 0.000000
4926.888427 0.000000
4926.931739 0.000000
4926.975052 0.000000
4927.018365 0.000000
4927.061677 0.000000
4927.104990 0.000000
4927.148302 0.000000
4927.191615 0.000000
4927.234927 0.000000
4927.278240 0.000000
4927.321552 0.000000
4927.364865 0.000000
4927.408177 0.000000
4927.451490 0.000000
4927.494802 0.000000
4927.538115 0.000000
4927.581428 0.000000
4927.624740 0.000000
4927.668053 0.000000
4927.711365 0.000000
4927.754678 0.000000
4927.797990 0.000000
4927.841303 0.000000
4927.884615 0.000000
4927.927928 0.000000
4927.971240 0.000000
4928.014553 0.000000
4928.057866 0.000000
4928.101178 0.000000
4928.144491 0.000000
4928.187803 0.000000
4928.231116 0.000000
4928.274428 0.000000
4928.317741 0.000000
4928.361053 0.000000
4928.404366 0.000000
4928.447678 0.000000
4928.490991 0.000000
4928.534304 0.000000
4928.577616 0.000000
4928.620929 0.000000
4928.664241 0.000000
4928.707554 0.000000
4928.750866 0.000000
4928.794179 0.000000
4928.837491 0.000000
4928.880804 0.000000
4928.924116 0.000000
4928.967429 0.000000
4929.010742 0.000000
4929.054054 0.000000
4929.097367 0.000000
4929.140679 0.000000
4929.183992 0.000000
4929.227304 0.000000
4929.270617 0.000000
4929.313929 0.000000
4929.357242 0.000000
4929.400554 0.000000
4929.443867 0.000000
4929.487179 0.000000
4929.530492 0.000000
4929.573805 0.000000
4929.617117 0.000000
4929.660430 0.000000
4929.703742 0.000000
4929.747055 0.000000
4929.790367 0.000000
4929.833680 0.000000
4929.876992 0.000000
4929.920305 0.000000
4929.963617 0.000000
4930.006930 0.000000
4930.050243 0.000000
4930.093555 0.000000
4930.136868 0.000000
4930.180180 0.000000
4930.223493 0.000000
4930.266805 0.000000
4930.310118 0.000000
4930.353430 0.000000
4930.396743 0.000000
4930.440055 0.000000
4930.483368 0.000000
4930.526681 0.000000
4930.569993 0.000000
4930.613306 0.000000
4930.656618 0.000000
4930.699931 0.000000
4930.743243 0.000000
4930.786556 0.000000
4930.829868 0.000000
4930.873181 0.000000
4930.916493 0.000000
4930.959806 0.000000
4931.003119 0.000000
4931.046431 0.000000
4931.089744 0.000000
4931.133056 0.000000
4931.176369 0.000000
4931.219681 0.000000
4931.262994 0.000000
4931.306306 0.000000
4931.349619 0.000000
4931.392931 0.000000
4931.436244 0.000000
4931.479556 0.000000
4931.522869 0.000000
4931.566182 0.000000
4931.609494 0.000000
4931.652807 0.000000
4931.696119 0.000000
4931.739432 0.000000
4931.782744 0.000000
4931.826057 0.000000
4931.869369 0.000000
4931.912682 0.000000
4931.955994 0.000000
4931.999307 0.000000
4932.042620 0.000000
4932.085932 0.000000
4932.129245 0.000000
4932.172557 0.000000
4932.215870 0.000000
4932.259182 0.000000
4932.302495 0.000000
4932.345807 0.000000
4932.389120 0.000000
4932.432432 0.000000
4932.475745 0.000000
4932.519058 0.000000
4932.562370 0.000000
4932.605683 0.000000
4932.648995 0.000000
4932.692308 0.000000
4932.735620 0.000000
4932.778933 0.000000
4932.822245 0.000000
4932.865558 0.000000
4932.908870 0.000000
4932.952183 0.000000
4932.995495 0.000000
4933.038808 0.000000
4933.082121 0.000000
4933.125433 0.000000
4933.168746 0.000000
4933.212058 0.000000
4933.255371 0.000000
4933.298683 0.000000
4933.341996 0.000000
4933.385308 0.000000
4933.428621 0.000000
4933.471933 0.000000
4933.515246 0.000000
4933.558559 0.000000
4933.601871 0.000000
4933.645184 0.000000
4933.688496 0.000000
4933.731809 0.000000
4933.775121 0.000000
4933.818434 0.000000
4933.861746 0.000000
4933.905059 0.000000
4933.948371 0.000000
4933.991684 0.000000
4934.034997 0.000000
4934.078309 0.000000
4934.121622 0.000000
4934.164934 0.000000
4934.208247 0.000000
4934.251559 0.000000
4934.294872 0.000000
4934.338184 0.000000
4934.381497 0.000000
4934.424809 0.000000
4934.468122 0.000000
4934.511435 0.000000
4934.554747 0.000000
4934.598060 0.000000
4934.641372 0.000000
4934.684685 0.000000
4934.727997 0.000000
4934.771310 0.000000
4934.814622 0.000000
4934.857935 0.000000
4934.901247 0.000000
4934.944560 0.000000
4934.987872 0.000000
4935.031185 0.000000
4935.074498 0.000000
4935.117810 0.000000
4935.161123 0.000000
4935.204435 0.000000
4935.247748 0.000000
4935.291060 0.000000
4935.334373 0.000000
4935.377685 0.000000
4935.420998 0.000000
4935.464310 0.000000
4935.507623 0.000000
4935.550936 0.000000
4935.594248 0.000000
4935.637561 0.000000
4935.680873 0.000000
4935.724186 0.000000
4935.767498 0.000000
4935.810811 0.000000
4935.854123 0.000000
4935.897436 0.000000
4935.940748 0.000000
4935.984061 0.000000
4936.027374 0.000000
4936.070686 0.000000
4936.113999 0.000000
4936.157311 0.000000
4936.200624 0.000000
4936.243936 0.000000
4936.287249 0.000000
4936.330561 0.000000
4936.373874 0.000000
4936.417186 0.000000
4936.460499 0.000000
4936.503812 0.000000
4936.547124 0.000000
4936.590437 0.000000
4936.633749 0.000000
4936.677062 0.000000
4936.720374 0.000000
4936.763687 0.000000
4936.806999 0.000000
4936.850312 0.000000
4936.893624 0.000000
4936.936937 0.000000
4936.980249 0.000000
4937.023562 0.000000
4937.066875 0.000000
4937.110187 0.000000
4937.153500 0.000000
4937.196812 0.000000
4937.240125 0.000000
4937.283437 0.000000
4937.326750 0.000000
4937.370062 0.000000
4937.413375 0.000000
4937.456687 0.000000
4937.500000 0.000000
4937.543313 0.000000
4937.586625 0.000000
4937.629938 0.000000
4937.673250 0.000000
4937.716563 0.000000
4937.759875 0.000000
4937.803188 0.000000
4937.846500 0.000000
4937.889813 0.000000
4937.933125 0.000000
4937.976438 0.000000
4938.019751 0.000000
4938.063063 0.000000
4938.106376 0.000000
4938.149688 0.000000
4938.193001 0.000000
4938.236313 0.000000
4938.279626 0.000000
4938.322938 0.000000
4938.366251 0.000000
4938.409563 0.000000
4938.452876 0.000000
4938.496188 0.000000
4938.539501 0.000000
4938.582814 0.000000
4938.626126 0.000000
4938.669439 0.000000
4938.712751 0.000000
4938.756064 0.000000
4938.799376 0.000000
4938.842689 0.000000
4938.886001 0.000000
4938.929314 0.000000
4938.972626 0.000000
4939.015939 0.000000
4939.059252 0.000000
4939.102564 0.000000
4939.145877 0.000000
4939.189189 0.000000
4939.232502 0.000000
4939.275814 0.000000
4939.319127 0.000000
4939.362439 0.000000
4939.405752 0.000000
4939.449064 0.000000
4939.492377 0.000000
4939.535690 0.000000
4939.579002 0.000000
4939.622315 0.000000
4939.665627 0.000000
4939.708940 0.000000
4939.752252 0.000000
4939.795565 0.000000
4939.838877 0.000000
4939.882190 0.000000
4939.925502 0.000000
4939.968815 0.000000
4940.012128 0.000000
4940.055440 0.000000
4940.098753 0.000000
4940.142065 0.000000
4940.185378 0.000000
4940.228690 0.000000
4940.272003 0.000000
4940.315315 0.000000
4940.358628 0.000000
4940.401940 0.000000
4940.445253 0.000000
4940.488565 0.000000
4940.531878 0.000000
4940.575191 0.000000
4940.618503 0.000000
4940.661816 0.000000
4940.705128 0.000000
4940.748441 0.000000
4940.791753 0.000000
4940.835066 0.000000
4940.878378 0.000000
4940.921691 0.000000
4940.965003 0.000000
4941.008316 0.000000
4941.051629 0.000000
4941.094941 0.000000
4941.138254 0.000000
4941.181566 0.000000
4941.224879 0.000000
4941.268191 0.000000
4941.311504 0.000000
4941.354816 0.000000
4941.398129 0.000000
4941.441441 0.000000
4941.484754 0.000000
4941.528067 0.000000
4941.571379 0.000000
4941.614692 0.000000
4941.658004 0.000000
4941.701317 0.000000
4941.744629 0.000000
4941.787942 0.000000
4941.831254 0.000000
4941.874567 0.000000
4941.917879 0.000000
4941.961192 0.000000
4942.004505 0.000000
4942.047817 0.000000
4942.091130 0.000000
4942.134442 0.000000
4942.177755 0.000000
4942.221067 0.000000
4942.264380 0.000000
4942.307692 0.000000
4942.351005 0.000000
4942.394317 0.000000
4942.437630 0.000000
4942.480942 0.000000
4942.524255 0.000000
4942.567568 0.000000
4942.610880 0.000000
4942.654193 0.000000
4942.697505 0.000000
4942.740818 0.000000
4942.784130 0.000000
4942.827443 0.000000
4942.870755 0.000000
4942.914068 0.000000
4942.957380 0.000000
4943.000693 0.000000
4943.044006 0.000000
4943.087318 0.000000
4943.130631 0.000000
4943.173943 0.000000
4943.217256 0.000000
4943.260568 0.000000
4943.303881 0.000000
4943.347193 0.000000
4943.390506 0.000000
4943.433818 0.000000
4943.477131 0.000000
4943.520444 0.000000
4943.563756 0.000000
4943.607069 0.000000
4943.650381 0.000000
4943.693694 0.000000
4943.737006 0.000000
4943.780319 0.000000
4943.823631 0.000000
4943.866944 0.000000
4943.910256 0.000000
4943.953569 0.000000
4943.996881 0.000000
4944.040194 0.000000
4944.083507 0.000000
4944.126819 0.000000
4944.170132 0.000000
4944.213444 0.000000
4944.256757 0.000000
4944.300069 0.000000
4944.343382 0.000000
4944.386694 0.000000
4944.430007 0.000000
4944.473319 0.000000
4944.516632 0.000000
4944.559945 0.000000
4944.603257 0.000000
4944.646570 0.000000
4944.689882 0.000000
4944.733195 0.000000
4944.776507 0.000000
4944.819820 0.000000
4944.863132 0.000000
4944.906445 0.000000
4944.949757 0.000000
4944.993070 0.000000
4945.036383 0.000000
4945.079695 0.000000
4945.123008 0.000000
4945.166320 0.000000
4945.209633 0.000000
4945.252945 0.000000
4945.296258 0.000000
4945.339570 0.000000
4945.382883 0.000000
4945.426195 0.000000
4945.469508 0.000000
4945.512821 0.000000
4945.556133 0.000000
4945.599446 0.000000
4945.642758 0.000000
4945.686071 0.000000
4945.729383 0.000000
4945.772696 0.000000
4945.816008 0.000000
4945.859321 0.000000
4945.902633 0.000000
4945.945946 0.000000
4945.989258 0.000000
4946.032571 0.000000
4946.075884 0.000000
4946.119196 0.000000
4946.162509 0.000000
4946.205821 0.000000
4946.249134 0.000000
4946.292446 0.000000
4946.335759 0.000000
4946.379071 0.000000
4946.422384 0.000000
4946.465696 0.000000
4946.509009 0.000000
4946.552322 0.000000
4946.595634 0.000000
4946.638947 0.000000
4946.682259 0.000000
4946.725572 0.000000
4946.768884 0.000000
4946.812197 0.000000
4946.855509 0.000000
4946.898822 0.000000
4946.942134 0.000000
4946.985447 0.000000
4947.028760 0.000000
4947.072072 0.000000
4947.115385 0.000000
4947.158697 0.000000
4947.202010 0.000000
4947.245322 0.000000
4947.288635 0.000000
4947.331947 0.000000
4947.375260 0.000000
4947.418572 0.000000
4947.461885 0.000000
4947.505198 0.000000
4947.548510 0.000000
4947.591823 0.000000
4947.635135 0.000000
4947.678448 0.000000
4947.721760 0.000000
4947.765073 0.000000
4947.808385 0.000000
4947.851698 0.000000
4947.895010 0.000000
4947.938323 0.000000
4947.981635 0.000000
4948.024948 0.000000
4948.068261 0.000000
4948.111573 0.000000
4948.154886 0.000000
4948.198198 0.000000
4948.241511 0.000000
4948.284823 0.000000
4948.328136 0.000000
4948.371448 0.000000
4948.414761 0.000000
4948.458073 0.000000
4948.501386 0.000000
4948.544699 0.000000
4948.588011 0.000000
4948.631324 0.000000
4948.674636 0.000000
4948.717949 0.000000
4948.761261 0.000000
4948.804574 0.000000
4948.847886 0.000000
4948.891199 0.000000
4948.934511 0.000000
4948.977824 0.000000
4949.021137 0.000000
4949.064449 0.000000
4949.107762 0.000000
4949.151074 0.000000
4949.194387 0.000000
4949.237699 0.000000
4949.281012 0.000000
4949.324324 0.000000
4949.367637 0.000000
4949.410949 0.000000
4949.454262 0.000000
4949.497574 0.000000
4949.540887 0.000000
4949.584200 0.000000
4949.627512 0.000000
4949.670825 0.000000
4949.714137 0.000000
4949.757450 0.000000
4949.800762 0.000000
4949.844075 0.000000
4949.887387 0.000000
4949.930700 0.000000
4949.974012 0.000000
4950.017325 0.000000
4950.060638 0.000000
4950.103950 0.000000
4950.147263 0.000000
4950.190575 0.000000
4950.233888 0.000000
4950.277200 0.000000
4950.320513 0.000000
4950.363825 0.000000
4950.407138 0.000000
4950.450450 0.000000
4950.493763 0.000000
4950.537076 0.000000
4950.580388 0.000000
4950.623701 0.000000
4950.667013 0.000000
4950.710326 0.000000
4950.753638 0.000000
4950.796951 0.000000
4950.840263 0.000000
4950.883576 0.000000
4950.926888 0.000000
4950.970201 0.000000
4951.013514 0.000000
4951.056826 0.000000
4951.100139 0.000000
4951.143451 0.000000
4951.186764 0.000000
4951.230076 0.000000
4951.273389 0.000000
4951.316701 0.000000
4951.360014 0.000000
4951.403326 0.000000
4951.446639 0.000000
4951.489951 0.000000
4951.533264 0.000000
4951.576577 0.000000
4951.619889 0.000000
4951.663202 0.000000
4951.706514 0.000000
4951.749827 0.000000
4951.793139 0.000000
4951.836452 0.000000
4951.879764 0.000000
4951.923077 0.000000
4951.966389 0.000000
4952.009702 0.000000
4952.053015 0.000000
4952.096327 0.000000
4952.139640 0.000000
4952.182952 0.000000
4952.226265 0.000000
4952.269577 0.000000
4952.312890 0.000000
4952.356202 0.000000
4952.399515 0.000000
4952.442827 0.000000
4952.486140 0.000000
4952.529453 0.000000
4952.572765 0.000000
4952.616078 0.000000
4952.659390 0.000000
4952.702703 0.000000
4952.746015 0.000000
4952.789328 0.000000
4952.832640 0.000000
4952.875953 0.000000
4952.919265 0.000000
4952.962578 0.000000
4953.005891 0.000000
4953.049203 0.000000
4953.092516 0.000000
4953.135828 0.000000
4953.179141 0.000000
4953.222453 0.000000
4953.265766 0.000000
4953.309078 0.000000
4953.352391 0.000000
4953.395703 0.000000
4953.439016 0.000000
4953.482328 0.000000
4953.525641 0.000000
4953.568954 0.000000
4953.612266 0.000000
4953.655579 0.000000
4953.698891 0.000000
4953.742204 0.000000
4953.785516 0.000000
4953.828829 0.000000
4953.872141 0.000000
4953.915454 0.000000
4953.958766 0.000000
4954.002079 0.000000
4954.045392 0.000000
4954.088704 0.000000
4954.132017 0.000000
4954.175329 0.000000
4954.218642 0.000000
4954.261954 0.000000
4954.305267 0.000000
4954.348579 0.000000
4954.391892 0.000000
4954.435204 0.000000
4954.478517 0.000000
4954.521830 0.000000
4954.565142 0.000000
4954.608455 0.000000
4954.651767 0.000000
4954.695080 0.000000
4954.738392 0.000000
4954.781705 0.000000
4954.825017 0.000000
4954.868330 0.000000
4954.911642 0.000000
4954.954955 0.000000
4954.998267 0.000000
4955.041580 0.000000
4955.084893 0.000000
4955.128205 0.000000
4955.171518 0.000000
4955.214830 0.000000
4955.258143 0.000000
4955.301455 0.000000
4955.344768 0.000000
4955.388080 0.000000
4955.431393 0.000000
4955.474705 0.000000
4955.518018 0.000000
4955.561331 0.000000
4955.604643 0.000000
4955.647956 0.000000
4955.691268 0.000000
4955.734581 0.000000
4955.777893 0.000000
4955.821206 0.000000
4955.864518 0.000000
4955.907831 0.000000
4955.951143 0.000000
4955.994456 0.000000
4956.037769 0.000000
4956.081081 0.000000
4956.124394 0.000000
4956.167706 0.000000
4956.211019 0.000000
4956.254331 0.000000
4956.297644 0.000000
4956.340956 0.000000
4956.384269 0.000000
4956.427581 0.000000
4956.470894 0.000000
4956.514207 0.000000
4956.557519 0.000000
4956.600832 0.000000
4956.644144 0.000000
4956.687457 0.000000
4956.730769 0.000000
4956.774082 0.000000
4956.817394 0.000000
4956.860707 0.000000
4956.904019 0.000000
4956.947332 0.000000
4956.990644 0.000000
4957.033957 0.000000
4957.077270 0.000000
4957.120582 0.000000
4957.163895 0.000000
4957.207207 0.000000
4957.250520 0.000000
4957.293832 0.000000
4957.337145 0.000000
4957.380457 0.000000
4957.423770 0.000000
4957.467082 0.000000
4957.510395 0.000000
4957.553708 0.000000
4957.597020 0.000000
4957.640333 0.000000
4957.683645 0.000000
4957.726958 0.000000
4957.770270 0.000000
4957.813583 0.000000
4957.856895 0.000000
4957.900208 0.000000
4957.943520 0.000000
4957.986833 0.000000
4958.030146 0.000000
4958.073458 0.000000
4958.116771 0.000000
4958.160083 0.000000
4958.203396 0.000000
4958.246708 0.000000
4958.290021 0.000000
4958.333333 0.000000
4958.376646 0.000000
4958.419958 0.000000
4958.463271 0.000000
4958.506584 0.000000
4958.549896 0.000000
4958.593209 0.000000
4958.636521 0.000000
4958.679834 0.000000
4958.723146 0.000000
4958.766459 0.000000
4958.809771 0.000000
4958.853084 0.000000
4958.896396 0.000000
4958.939709 0.000000
4958.983021 0.000000
4959.026334 0.000000
4959.069647 0.000000
4959.112959 0.000000
4959.156272 0.000000
4959.199584 0.000000
4959.242897 0.000000
4959.286209 0.000000
4959.329522 0.000000
4959.372834 0.000000
4959.416147 0.000000
4959.459459 0.000000
4959.502772 0.000000
4959.546085 0.000000
4959.589397 0.000000
4959.632710 0.000000
4959.676022 0.000000
4959.719335 0.000000
4959.762647 0.000000
4959.805960 0.000000
4959.849272 0.000000
4959.892585 0.000000
4959.935897 0.000000
4959.979210 0.000000
4960.022523 0.000000
4960.065835 0.000000
4960.109148 0.000000
4960.152460 0.000000
4960.195773 0.000000
4960.239085 0.000000
4960.282398 0.000000
4960.325710 0.000000
4960.369023 0.000000
4960.412335 0.000000
4960.455648 0.000000
4960.498960 0.000000
4960.542273 0.000000
4960.585586 0.000000
4960.628898 0.000000
4960.672211 0.000000
4960.715523 0.000000
4960.758836 0.000000
4960.802148 0.000000
4960.845461 0.000000
4960.888773 0.000000
4960.932086 0.000000
4960.975398 0.000000
4961.018711 0.000000
4961.062024 0.000000
4961.105336 0.000000
4961.148649 0.000000
4961.191961 0.000000
4961.235274 0.000000
4961.278586 0.000000
4961.321899 0.000000
4961.365211 0.000000
4961.408524 0.000000
4961.451836 0.000000
4961.495149 0.000000
4961.538462 0.000000
4961.581774 0.000000
4961.625087 0.000000
4961.668399 0.000000
4961.711712 0.000000
4961.755024 0.000000
4961.798337 0.000000
4961.841649 0.000000
4961.884962 0.000000
4961.928274 0.000000
4961.971587 0.000000
4962.014900 0.000000
4962.058212 0.000000
4962.101525 0.000000
4962.144837 0.000000
4962.188150 0.000000
4962.231462 0.000000
4962.274775 0.000000
4962.318087 0.000000
4962.361400 0.000000
4962.404712 0.000000
4962.448025 0.000000
4962.491337 0.000000
4962.534650 0.000000
4962.577963 0.000000
4962.621275 0.000000
4962.664588 0.000000
4962.707900 0.000000
4962.751213 0.000000
4962.794525 0.000000
4962.837838 0.000000
4962.881150 0.000000
4962.924463 0.000000
4962.967775 0.000000
4963.011088 0.000000
4963.054401 0.000000
4963.097713 0.000000
4963.141026 0.000000
4963.184338 0.000000
4963.227651 0.000000
4963.270963 0.000000
4963.314276 0.000000
4963.357588 0.000000
4963.400901 0.000000
4963.444213 0.000000
4963.487526 0.000000
4963.530839 0.000000
4963.574151 0.000000
4963.617464 0.000000
4963.660776 0.000000
4963.704089 0.000000
4963.747401 0.000000
4963.790714 0.000000
4963.834026 0.000000
4963.877339 0.000000
4963.920651 0.000000
4963.963964 0.000000
4964.007277 0.000000
4964.050589 0.000000
4964.093902 0.000000
4964.137214 0.000000
4964.180527 0.000000
4964.223839 0.000000
4964.267152 0.000000
4964.310464 0.000000
4964.353777 0.000000
4964.397089 0.000000
4964.440402 0.000000
4964.483714 0.000000
4964.527027 0.000000
4964.570340 0.000000
4964.613652 0.000000
4964.656965 0.000000
4964.700277 0.000000
4964.743590 0.000000
4964.786902 0.000000
4964.830215 0.000000
4964.873527 0.000000
4964.916840 0.000000
4964.960152 0.000000
4965.003465 0.000000
4965.046778 0.000000
4965.090090 0.000000
4965.133403 0.000000
4965.176715 0.000000
4965.220028 0.000000
4965.263340 0.000000
4965.306653 0.000000
4965.349965 0.000000
4965.393278 0.000000
4965.436590 0.000000
4965.479903 0.000000
4965.523216 0.000000
4965.566528 0.000000
4965.609841 0.000000
4965.653153 0.000000
4965.696466 0.000000
4965.739778 0.000000
4965.783091 0.000000
4965.826403 0.000000
4965.869716 0.000000
4965.913028 0.000000
4965.956341 0.000000
4965.999653 0.000000
4966.042966 0.000000
4966.086279 0.000000
4966.129591 0.000000
4966.172904 0.000000
4966.216216 0.000000
4966.259529 0.000000
4966.302841 0.000000
4966.346154 0.000000
4966.389466 0.000000
4966.432779 0.000000
4966.476091 0.000000
4966.519404 0.000000
4966.562717 0.000000
4966.606029 0.000000
4966.649342 0.000000
4966.692654 0.000000
4966.735967 0.000000
4966.779279 0.000000
4966.822592 0.000000
4966.865904 0.000000
4966.909217 0.000000
4966.952529 0.000000
4966.995842 0.000000
4967.039155 0.000000
4967.082467 0.000000
4967.125780 0.000000
4967.169092 0.000000
4967.212405 0.000000
4967.255717 0.000000
4967.299030 0.000000
4967.342342 0.000000
4967.385655 0.000000
4967.428967 0.000000
4967.472280 0.000000
4967.515593 0.000000
4967.558905 0.000000
4967.602218 0.000000
4967.645530 0.000000
4967.688843 0.000000
4967.732155 0.000000
4967.775468 0.000000
4967.818780 0.000000
4967.862093 0.000000
4967.905405 0.000000
4967.948718 0.000000
4967.992030 0.000000
4968.035343 0.000000
4968.078656 0.000000
4968.121968 0.000000
4968.165281 0.000000
4968.208593 0.000000
4968.251906 0.000000
4968.295218 0.000000
4968.338531 0.000000
4968.381843 0.000000
4968.425156 0.000000
4968.468468 0.000000
4968.511781 0.000000
4968.555094 0.000000
4968.598406 0.000000
4968.641719 0.000000
4968.685031 0.000000
4968.728344 0.000000
4968.771656 0.000000
4968.814969 0.000000
4968.858281 0.000000
4968.901594 0.000000
4968.944906 0.000000
4968.988219 0.000000
4969.031532 0.000000
4969.074844 0.000000
4969.118157 0.000000
4969.161469 0.000000
4969.204782 0.000000
4969.248094 0.000000
4969.291407 0.000000
4969.334719 0.000000
4969.378032 0.000000
4969.421344 0.000000
4969.464657 0.000000
4969.507970 0.000000
4969.551282 0.000000
4969.594595 0.000000
4969.637907 0.000000
4969.681220 0.000000
4969.724532 0.000000
4969.767845 0.000000
4969.811157 0.000000
4969.854470 0.000000
4969.897782 0.000000
4969.941095 0.000000
4969.984407 0.000000
4970.027720 0.000000
4970.071033 0.000000
4970.114345 0.000000
4970.157658 0.000000
4970.200970 0.000000
4970.244283 0.000000
4970.287595 0.000000
4970.330908 0.000000
4970.374220 0.000000
4970.417533 0.000000
4970.460845 0.000000
4970.504158 0.000000
4970.547471 0.000000
4970.590783 0.000000
4970.634096 0.000000
4970.677408 0.000000
4970.720721 0.000000
4970.764033 0.000000
4970.807346 0.000000
4970.850658 0.000000
4970.893971 0.000000
4970.937283 0.000000
4970.980596 0.000000
4971.023909 0.000000
4971.067221 0.000000
4971.110534 0.000000
4971.153846 0.000000
4971.197159 0.000000
4971.240471 0.000000
4971.283784 0.000000
4971.327096 0.000000
4971.370409 0.000000
4971.413721 0.000000
4971.457034 0.000000
4971.500347 0.000000
4971.543659 0.000000
4971.586972 0.000000
4971.630284 0.000000
4971.673597 0.000000
4971.716909 0.000000
4971.760222 0.000000
4971.803534 0.000000
4971.846847 0.000000
4971.890159 0.000000
4971.933472 0.000000
4971.976784 0.000000
4972.020097 0.000000
4972.063410 0.000000
4972.106722 0.000000
4972.150035 0.000000
4972.193347 0.000000
4972.236660 0.000000
4972.279972 0.000000
4972.323285 0.000000
4972.366597 0.000000
4972.409910 0.000000
4972.453222 0.000000
4972.496535 0.000000
4972.539848 0.000000
4972.583160 0.000000
4972.626473 0.000000
4972.669785 0.000000
4972.713098 0.000000
4972.756410 0.000000
4972.799723 0.000000
4972.843035 0.000000
4972.886348 0.000000
4972.929660 0.000000
4972.972973 0.000000
4973.016286 0.000000
4973.059598 0.000000
4973.102911 0.000000
4973.146223 0.000000
4973.189536 0.000000
4973.232848 0.000000
4973.276161 0.000000
4973.319473 0.000000
4973.362786 0.000000
4973.406098 0.000000
4973.449411 0.000000
4973.492723 0.000000
4973.536036 0.000000
4973.579349 0.000000
4973.622661 0.000000
4973.665974 0.000000
4973.709286 0.000000
4973.752599 0.000000
4973.795911 0.000000
4973.839224 0.000000
4973.882536 0.000000
4973.925849 0.000000
4973.969161 0.000000
4974.012474 0.000000
4974.055787 0.000000
4974.099099 0.000000
4974.142412 0.000000
4974.185724 0.000000
4974.229037 0.000000
4974.272349 0.000000
4974.315662 0.000000
4974.358974 0.000000
4974.402287 0.000000
4974.445599 0.000000
4974.488912 0.000000
4974.532225 0.000000
4974.575537 0.000000
4974.618850 0.000000
4974.662162 0.000000
4974.705475 0.000000
4974.748787 0.000000
4974.792100 0.000000
4974.835412 0.000000
4974.878725 0.000000
4974.922037 0.000000
4974.965350 0.000000
4975.008663 0.000000
4975.051975 0.000000
4975.095288 0.000000
4975.138600 0.000000
4975.181913 0.000000
4975.225225 0.000000
4975.268538 0.000000
4975.311850 0.000000
4975.355163 0.000000
4975.398475 0.000000
4975.441788 0.000000
4975.485100 0.000000
4975.528413 0.000000
4975.571726 0.000000
4975.615038 0.000000
4975.658351 0.000000
4975.701663 0.000000
4975.744976 0.000000
4975.788288 0.000000
4975.831601 0.000000
4975.874913 0.000000
4975.918226 0.000000
4975.961538 0.000000
4976.004851 0.000000
4976.048164 0.000000
4976.091476 0.000000
4976.134789 0.000000
4976.178101 0.000000
4976.221414 0.000000
4976.264726 0.000000
4976.308039 0.000000
4976.351351 0.000000
4976.394664 0.000000
4976.437976 0.000000
4976.481289 0.000000
4976.524602 0.000000
4976.567914 0.000000
4976.611227 0.000000
4976.654539 0.000000
4976.697852 0.000000
4976.741164 0.000000
4976.784477 0.000000
4976.827789 0.000000
4976.871102 0.000000
4976.914414 0.000000
4976.957727 0.000000
4977.001040 0.000000
4977.044352 0.000000
4977.087665 0.000000
4977.130977 0.000000
4977.174290 0.000000
4977.217602 0.000000
4977.260915 0.000000
4977.304227 0.000000
4977.347540 0.000000
4977.390852 0.000000
4977.434165 0.000000
4977.477477 0.000000
4977.520790 0.000000
4977.564103 0.000000
4977.607415 0.000000
4977.650728 0.000000
4977.694040 0.000000
4977.737353 0.000000
4977.780665 0.000000
4977.823978 0.000000
4977.867290 0.000000
4977.910603 0.000000
4977.953915 0.000000
4977.997228 0.000000
4978.040541 0.000000
4978.083853 0.000000
4978.127166 0.000000
4978.170478 0.000000
4978.213791 0.000000
4978.257103 0.000000
4978.300416 0.000000
4978.343728 0.000000
4978.387041 0.000000
4978.430353 0.000000
4978.473666 0.000000
4978.516979 0.000000
4978.560291 0.000000
4978.603604 0.000000
4978.646916 0.000000
4978.690229 0.000000
4978.733541 0.000000
4978.776854 0.000000
4978.820166 0.000000
4978.863479 0.000000
4978.906791 0.000000
4978.950104 0.000000
4978.993416 0.000000
4979.036729 0.000000
4979.080042 0.000000
4979.123354 0.000000
4979.166667 0.000000
4979.209979 0.000000
4979.253292 0.000000
4979.296604 0.000000
4979.339917 0.000000
4979.383229 0.000000
4979.426542 0.000000
4979.469854 0.000000
4979.513167 0.000000
4979.556480 0.000000
4979.599792 0.000000
4979.643105 0.000000
4979.686417 0.000000
4979.729730 0.000000
4979.773042 0.000000
4979.816355 0.000000
4979.859667 0.000000
4979.902980 0.000000
4979.946292 0.000000
4979.989605 0.000000
4980.032918 0.000000
4980.076230 0.000000
4980.119543 0.000000
4980.162855 0.000000
4980.206168 0.000000
4980.249480 0.000000
4980.292793 0.000000
4980.336105 0.000000
4980.379418 0.000000
4980.422730 0.000000
4980.466043 0.000000
4980.509356 0.000000
4980.552668 0.000000
4980.595981 0.000000
4980.639293 0.000000
4980.682606 0.000000
4980.725918 0.000000
4980.769231 0.000000
4980.812543 0.000000
4980.855856 0.000000
4980.899168 0.000000
4980.942481 0.000000
4980.985793 0.000000
4981.029106 0.000000
4981.072419 0.000000
4981.115731 0.000000
4981.159044 0.000000
4981.202356 0.000000
4981.245669 0.000000
4981.288981 0.000000
4981.332294 0.000000
4981.375606 0.000000
4981.418919 0.000000
4981.462231 0.000000
4981.505544 0.000000
4981.548857 0.000000
4981.592169 0.000000
4981.635482 0.000000
4981.678794 0.000000
4981.722107 0.000000
4981.765419 0.000000
4981.808732 0.000000
4981.852044 0.000000
4981.895357 0.000000
4981.938669 0.000000
4981.981982 0.000000
4982.025295 0.000000
4982.068607 0.000000
4982.111920 0.000000
4982.155232 0.000000
4982.198545 0.000000
4982.241857 0.000000
4982.285170 0.000000
4982.328482 0.000000
4982.371795 0.000000
4982.415107 0.000000
4982.458420 0.000000
4982.501733 0.000000
4982.545045 0.000000
4982.588358 0.000000
4982.631670 0.000000
4982.674983 0.000000
4982.718295 0.000000
4982.761608 0.000000
4982.804920 0.000000
4982.848233 0.000000
4982.891545 0.000000
4982.934858 0.000000
4982.978170 0.000000
4983.021483 0.000000
4983.064796 0.000000
4983.108108 0.000000
4983.151421 0.000000
4983.194733 0.000000
4983.238046 0.000001
4983.281358 0.000001
4983.324671 0.000001
4983.367983 0.000001
4983.411296 0.000001
4983.454608 0.000001
4983.497921 0.000001
4983.541234 0.000001
4983.584546 0.000001
4983.627859 0.000001
4983.671171 0.000001
4983.714484 0.000001
4983.757796 0.000001
4983.801109 0.000001
4983.844421 0.000001
4983.887734 0.000001
4983.931046 0.000001
4983.974359 0.000001
4984.017672 0.000001
4984.060984 0.000001
4984.104297 0.000001
4984.147609 0.000001
4984.190922 0.000002
4984.234234 0.000002
4984.277547 0.000002
4984.320859 0.000002
4984.364172 0.000002
4984.407484 0.000002
4984.450797 0.000002
4984.494109 0.000002
4984.537422 0.000002
4984.580735 0.000002
4984.624047 0.000003
4984.667360 0.000003
4984.710672 0.000003
4984.753985 0.000003
4984.797297 0.000003
4984.840610 0.000003
4984.883922 0.000003
4984.927235 0.000003
4984.970547 0.000004
4985.013860 0.000004
4985.057173 0.000004
4985.100485 0.000004
4985.143798 0.000004
4985.187110 0.000005
4985.230423 0.000005
4985.273735 0.000005
4985.317048 0.000005
4985.360360 0.000006
4985.403673 0.000006
4985.446985 0.000006
4985.490298 0.000006
4985.533611 0.000007
4985.576923 0.000007
4985.620236 0.000007
4985.663548 0.000008
4985.706861 0.000008
4985.750173 0.000008
4985.793486 0.000009
4985.836798 0.000009
4985.880111 0.000010
4985.923423 0.000010
4985.966736 0.000010
4986.010049 0.000011
4986.053361 0.000011
4986.096674 0.000012
4986.139986 0.000013
4986.183299 0.000013
4986.226611 0.000014
4986.269924 0.000014
4986.313236 0.000015
4986.356549 0.000016
4986.399861 0.000016
4986.443174 0.000017
4986.486486 0.000018
4986.529799 0.000019
4986.573112 0.000019
4986.616424 0.000020
4986.659737 0.000021
4986.703049 0.000022
4986.746362 0.000023
4986.789674 0.000024
4986.832987 0.000025
4986.876299 0.000026
4986.919612 0.000027
4986.962924 0.000028
4987.006237 0.000030
4987.049550 0.000031
4987.092862 0.000032
4987.136175 0.000034
4987.179487 0.000035
4987.222800 0.000037
4987.266112 0.000038
4987.309425 0.000040
4987.352737 0.000042
4987.396050 0.000043
4987.439362 0.000045
4987.482675 0.000047
4987.525988 0.000049
4987.569300 0.000051
4987.612613 0.000053
4987.655925 0.000055
4987.699238 0.000058
4987.742550 0.000060
4987.785863 0.000063
4987.829175 0.000065
4987.872488 0.000068
4987.915800 0.000071
4987.959113 0.000074
4988.002426 0.000077
4988.045738 0.000080
4988.089051 0.000083
4988.132363 0.000086
4988.175676 0.000090
4988.218988 0.000094
4988.262301 0.000097
4988.305613 0.000101
4988.348926 0.000105
4988.392238 0.000110
4988.435551 0.000114
4988.478863 0.000119
4988.522176 0.000123
4988.565489 0.000128
4988.608801 0.000133
4988.652114 0.000139
4988.695426 0.000144
4988.738739 0.000150
4988.782051 0.000156
4988.825364 0.000162
4988.868676 0.000168
4988.911989 0.000174
4988.955301 0.000181
4988.998614 0.000188
4989.041927 0.000196
4989.085239 0.000203
4989.128552 0.000211
4989.171864 0.000219
4989.215177 0.000227
4989.258489 0.000236
4989.301802 0.000245
4989.345114 0.000254
4989.388427 0.000264
4989.431739 0.000274
4989.475052 0.000284
4989.518365 0.000295
4989.561677 0.000306
4989.604990 0.000317
4989.648302 0.000329
4989.691615 0.000342
4989.734927 0.000354
4989.778240 0.000367
4989.821552 0.000381
4989.864865 0.000395
4989.908177 0.000409
4989.951490 0.000424
4989.994802 0.000440
4990.038115 0.000456
4990.081428 0.000472
4990.124740 0.000490
4990.168053 0.000507
4990.211365 0.000525
4990.254678 0.000544
4990.297990 0.000564
4990.341303 0.000584
4990.384615 0.000605
4990.427928 0.000626
4990.471240 0.000649
4990.514553 0.000671
4990.557866 0.000695
4990.601178 0.000720
4990.644491 0.000745
4990.687803 0.000771
4990.731116 0.000798
4990.774428 0.000825
4990.817741 0.000854
4990.861053 0.000884
4990.904366 0.000914
4990.947678 0.000945
4990.990991 0.000978
4991.034304 0.001011
4991.077616 0.001046
4991.120929 0.001081
4991.164241 0.001118
4991.207554 0.001156
4991.250866 0.001195
4991.294179 0.001235
4991.337491 0.001276
4991.380804 0.001319
4991.424116 0.001363
4991.467429 0.001408
4991.510742 0.001455
4991.554054 0.001503
4991.597367 0.001552
4991.640679 0.001603
4991.683992 0.001656
4991.727304 0.001710
4991.770617 0.001765
4991.813929 0.001822
4991.857242 0.001881
4991.900554 0.001942
4991.943867 0.002005
4991.987179 0.002069
4992.030492 0.002135
4992.073805 0.002203
4992.117117 0.002273
4992.160430 0.002345
4992.203742 0.002419
4992.247055 0.002495
4992.290367 0.002574
4992.333680 0.002654
4992.376992 0.002737
4992.420305 0.002822
4992.463617 0.002910
4992.506930 0.003000
4992.550243 0.003092
4992.593555 0.003187
4992.636868 0.003285
4992.680180 0.003385
4992.723493 0.003488
4992.766805 0.003594
4992.810118 0.003703
4992.853430 0.003814
4992.896743 0.003929
4992.940055 0.004047
4992.983368 0.004168
4993.026681 0.004292
4993.069993 0.004419
4993.113306 0.004550
4993.156618 0.004684
4993.199931 0.004822
4993.243243 0.004963
4993.286556 0.005108
4993.329868 0.005257
4993.373181 0.005410
4993.416493 0.005566
4993.459806 0.005727
4993.503119 0.005891
4993.546431 0.006060
4993.589744 0.006233
4993.633056 0.006411
4993.676369 0.006593
4993.719681 0.006779
4993.762994 0.006970
4993.806306 0.007166
4993.849619 0.007366
4993.892931 0.007572
4993.936244 0.007783
4993.979556 0.007998
4994.022869 0.008219
4994.066182 0.008446
4994.109494 0.008677
4994.152807 0.008915
4994.196119 0.009158
4994.239432 0.009406
4994.282744 0.009661
4994.326057 0.009922
4994.369369 0.010188
4994.412682 0.010461
4994.455994 0.010741
4994.499307 0.011026
4994.542620 0.011319
4994.585932 0.011618
4994.629245 0.011924
4994.672557 0.012237
4994.715870 0.012557
4994.759182 0.012884
4994.802495 0.013218
4994.845807 0.013560
4994.889120 0.013910
4994.932432 0.014267
4994.975745 0.014633
4995.019058 0.015006
4995.062370 0.015387
4995.105683 0.015777
4995.148995 0.016175
4995.192308 0.016582
4995.235620 0.016998
4995.278933 0.017422
4995.322245 0.017855
4995.365558 0.018298
4995.408870 0.018750
4995.452183 0.019211
4995.495495 0.019682
4995.538808 0.020163
4995.582121 0.020653
4995.625433 0.021154
4995.668746 0.021665
4995.712058 0.022187
4995.755371 0.022719
4995.798683 0.023261
4995.841996 0.023815
4995.885308 0.024380
4995.928621 0.024956
4995.971933 0.025543
4996.015246 0.026142
4996.058559 0.026752
4996.101871 0.027375
4996.145184 0.028009
4996.188496 0.028656
4996.231809 0.029315
4996.275121 0.029987
4996.318434 0.030672
4996.361746 0.031369
4996.405059 0.032080
4996.448371 0.032803
4996.491684 0.033541
4996.534997 0.034292
4996.578309 0.035056
4996.621622 0.035835
4996.664934 0.036628
4996.708247 0.037436
4996.751559 0.038257
4996.794872 0.039094
4996.838184 0.039946
4996.881497 0.040812
4996.924809 0.041694
4996.968122 0.042592
4997.011435 0.043505
4997.054747 0.044433
4997.098060 0.045378
4997.141372 0.046339
4997.184685 0.047317
4997.227997 0.048311
4997.271310 0.049322
4997.314622 0.050350
4997.357935 0.051395
4997.401247 0.052457
4997.444560 0.053537
4997.487872 0.054634
4997.531185 0.055749
4997.574498 0.056883
4997.617810 0.058034
4997.661123 0.059205
4997.704435 0.060393
4997.747748 0.061601
4997.791060 0.062827
4997.834373 0.064073
4997.877685 0.065338
4997.920998 0.066622
4997.964310 0.067926
4998.007623 0.069251
4998.050936 0.070595
4998.094248 0.071959
4998.137561 0.073344
4998.180873 0.074749
4998.224186 0.076175
4998.267498 0.077622
4998.310811 0.079090
4998.354123 0.080580
4998.397436 0.082091
4998.440748 0.083623
4998.484061 0.085177
4998.527374 0.086753
4998.570686 0.088351
4998.613999 0.089972
4998.657311 0.091615
4998.700624 0.093280
4998.743936 0.094968
4998.787249 0.096679
4998.830561 0.098413
4998.873874 0.100170
4998.917186 0.101950
4998.960499 0.103754
4999.003812 0.105581
4999.047124 0.107432
4999.090437 0.109307
4999.133749 0.111206
4999.177062 0.113129
4999.220374 0.115076
4999.263687 0.117047
4999.306999 0.119043
4999.350312 0.121063
4999.393624 0.123108
4999.436937 0.125178
4999.480249 0.127273
4999.523562 0.129392
4999.566875 0.131537
4999.610187 0.133706
4999.653500 0.135901
4999.696812 0.138122
4999.740125 0.140367
4999.783437 0.142638
4999.826750 0.144935
4999.870062 0.147257
4999.913375 0.149605
4999.956687 0.151978
5000.000000 0.154377
5000.043313 0.156802
5000.086625 0.159253
5000.129938 0.161730
5000.173250 0.164233
5000.216563 0.166761
5000.259875 0.169315
5000.303188 0.171896
5000.346500 0.174502
5000.389813 0.177134
5000.433125 0.179792
5000.476438 0.182476
5000.519751 0.185186
5000.563063 0.187922
5000.606376 0.190684
5000.649688 0.193471
5000.693001 0.196284
5000.736313 0.199123
5000.779626 0.201988
5000.822938 0.204878
5000.866251 0.207794
5000.909563 0.210735
5000.952876 0.213701
5000.996188 0.216693
5001.039501 0.219710
5001.082814 0.222752
5001.126126 0.225819
5001.169439 0.228910
5001.212751 0.232027
5001.256064 0.235168
5001.299376 0.238333
5001.342689 0.241522
5001.386001 0.244736
5001.429314 0.247973
5001.472626 0.251234
5001.515939 0.254519
5001.559252 0.257827
5001.602564 0.261158
5001.645877 0.264512
5001.689189 0.267888
5001.732502 0.271287
5001.775814 0.274708
5001.819127 0.278151
5001.862439 0.281616
5001.905752 0.285102
5001.949064 0.288609
5001.992377 0.292137
5002.035690 0.295686
5002.079002 0.299255
5002.122315 0.302843
5002.165627 0.306451
5002.208940 0.310079
5002.252252 0.313725
5002.295565 0.317390
5002.338877 0.321073
5002.382190 0.324773
5002.425502 0.328491
5002.468815 0.332226
5002.512128 0.335978
5002.555440 0.339745
5002.598753 0.343528
5002.642065 0.347327
5002.685378 0.351140
5002.728690 0.354968
5002.772003 0.358809
5002.815315 0.362664
5002.858628 0.366532
5002.901940 0.370412
5002.945253 0.374304
5002.988565 0.378207
5003.031878 0.382121
5003.075191 0.386045
5003.118503 0.389979
5003.161816 0.393922
5003.205128 0.397874
5003.248441 0.401833
5003.291753 0.405800
5003.335066 0.409773
5003.378378 0.413753
5003.421691 0.417738
5003.465003 0.421728
5003.508316 0.425722
5003.551629 0.429720
5003.594941 0.433721
5003.638254 0.437723
5003.681566 0.441728
5003.724879 0.445733
5003.768191 0.449738
5003.811504 0.453742
5003.854816 0.457745
5003.898129 0.461746
5003.941441 0.465744
5003.984754 0.469739
5004.028067 0.473729
5004.071379 0.477714
5004.114692 0.481693
5004.158004 0.485665
5004.201317 0.489630
5004.244629 0.493587
5004.287942 0.497534
5004.331254 0.501472
5004.374567 0.505398
5004.417879 0.509313
5004.461192 0.513216
5004.504505 0.517106
5004.547817 0.520981
5004.591130 0.524841
5004.634442 0.528686
5004.677755 0.532513
5004.721067 0.536324
5004.764380 0.540115
5004.807692 0.543887
5004.851005 0.547640
5004.894317 0.551370
5004.937630 0.555079
5004.980942 0.558765
5005.024255 0.562427
5005.067568 0.566065
5005.110880 0.569676
5005.154193 0.573261
5005.197505 0.576819
5005.240818 0.580348
5005.284130 0.583848
5005.327443 0.587318
5005.370755 0.590756
5005.414068 0.594162
5005.457380 0.597536
5005.500693 0.600875
5005.544006 0.604180
5005.587318 0.607449
5005.630631 0.610682
5005.673943 0.613876
5005.717256 0.617033
5005.760568 0.620150
5005.803881 0.623227
5005.847193 0.626262
5005.890506 0.629256
5005.933818 0.632206
5005.977131 0.635113
5006.020444 0.637975
5006.063756 0.640792
5006.107069 0.643562
5006.150381 0.646285
5006.193694 0.648959
5006.237006 0.651585
5006.280319 0.654161
5006.323631 0.656686
5006.366944 0.659160
5006.410256 0.661582
5006.453569 0.663950
5006.496881 0.666265
5006.540194 0.668525
5006.583507 0.670729
5006.626819 0.672878
5006.670132 0.674969
5006.713444 0.677003
5006.756757 0.678979
5006.800069 0.680895
5006.843382 0.682752
5006.886694 0.684548
5006.930007 0.686284
5006.973319 0.687957
5007.016632 0.689568
5007.059945 0.691117
5007.103257 0.692601
5007.146570 0.694022
5007.189882 0.695377
5007.233195 0.696668
5007.276507 0.697893
5007.319820 0.699051
5007.363132 0.700143
5007.406445 0.701167
5007.449757 0.702123
5007.493070 0.703012
5007.536383 0.703831
5007.579695 0.704582
5007.623008 0.705263
5007.666320 0.705875
5007.709633 0.706416
5007.752945 0.706887
5007.796258 0.707287
5007.839570 0.707616
5007.882883 0.707874
5007.926195 0.708061
5007.969508 0.708176
5008.012821 0.708219
5008.056133 0.708189
5008.099446 0.708088
5008.142758 0.707914
5008.186071 0.707668
5008.229383 0.707350
5008.272696 0.706958
5008.316008 0.706495
5008.359321 0.705958
5008.402633 0.705350
5008.445946 0.704668
5008.489258 0.703914
5008.532571 0.703088
5008.575884 0.702189
5008.619196 0.701219
5008.662509 0.700176
5008.705821 0.699062
5008.749134 0.697876
5008.792446 0.696619
5008.835759 0.695290
5008.879071 0.693891
5008.922384 0.692421
5008.965696 0.690882
5009.009009 0.689272
5009.052322 0.687593
5009.095634 0.685845
5009.138947 0.684028
5009.182259 0.682143
5009.225572 0.680190
5009.268884 0.678170
5009.312197 0.676083
5009.355509 0.673930
5009.398822 0.671711
5009.442134 0.669427
5009.485447 0.667079
5009.528760 0.664667
5009.572072 0.662191
5009.615385 0.659653
5009.658697 0.657053
5009.702010 0.654392
5009.745322 0.651670
5009.788635 0.648888
5009.831947 0.646048
5009.875260 0.643149
5009.918572 0.640193
5009.961885 0.637180
5010.005198 0.634111
5010.048510 0.630987
5010.091823 0.627809
5010.135135 0.624578
5010.178448 0.621295
5010.221760 0.617960
5010.265073 0.614574
5010.308385 0.611139
5010.351698 0.607655
5010.395010 0.604124
5010.438323 0.600545
5010.481635 0.596921
5010.524948 0.593253
5010.568261 0.589540
5010.611573 0.585785
5010.654886 0.581988
5010.698198 0.578150
5010.741511 0.574273
5010.784823 0.570358
5010.828136 0.566404
5010.871448 0.562415
5010.914761 0.558390
5010.958073 0.554331
5011.001386 0.550238
5011.044699 0.546114
5011.088011 0.541959
5011.131324 0.537774
5011.174636 0.533560
5011.217949 0.529319
5011.261261 0.525051
5011.304574 0.520758
5011.347886 0.516440
5011.391199 0.512100
5011.434511 0.507737
5011.477824 0.503354
5011.521137 0.498951
5011.564449 0.494529
5011.607762 0.490090
5011.651074 0.485635
5011.694387 0.481164
5011.737699 0.476679
5011.781012 0.472182
5011.824324 0.467672
5011.867637 0.463152
5011.910949 0.458621
5011.954262 0.454083
5011.997574 0.449537
5012.040887 0.444984
5012.084200 0.440426
5012.127512 0.435864
5012.170825 0.431298
5012.214137 0.426731
5012.257450 0.422162
5012.300762 0.417594
5012.344075 0.413026
5012.387387 0.408460
5012.430700 0.403897
5012.474012 0.399339
5012.517325 0.394785
5012.560638 0.390237
5012.603950 0.385696
5012.647263 0.381163
5012.690575 0.376639
5012.733888 0.372124
5012.777200 0.367620
5012.820513 0.363128
5012.863825 0.358648
5012.907138 0.354181
5012.950450 0.349729
5012.993763 0.345291
5013.037076 0.340870
5013.080388 0.336465
5013.123701 0.332077
5013.167013 0.327708
5013.210326 0.323357
5013.253638 0.319027
5013.296951 0.314717
5013.340263 0.310428
5013.383576 0.306161
5013.426888 0.301917
5013.470201 0.297696
5013.513514 0.293499
5013.556826 0.289327
5013.600139 0.285179
5013.643451 0.281058
5013.686764 0.276963
5013.730076 0.272895
5013.773389 0.268854
5013.816701 0.264842
5013.860014 0.260858
5013.903326 0.256904
5013.946639 0.252979
5013.989951 0.249083
5014.033264 0.245219
5014.076577 0.241385
5014.119889 0.237583
5014.163202 0.233813
5014.206514 0.230074
5014.249827 0.226369
5014.293139 0.222696
5014.336452 0.219056
5014.379764 0.215450
5014.423077 0.211878
5014.466389 0.208340
5014.509702 0.204836
5014.553015 0.201367
5014.596327 0.197932
5014.639640 0.194533
5014.682952 0.191169
5014.726265 0.187841
5014.769577 0.184548
5014.812890 0.181291
5014.856202 0.178070
5014.899515 0.174886
5014.942827 0.171737
5014.986140 0.168625
5015.029453 0.165549
5015.072765 0.162509
5015.116078 0.159506
5015.159390 0.156540
5015.202703 0.153610
5015.246015 0.150716
5015.289328 0.147860
5015.332640 0.145040
5015.375953 0.142256
5015.419265 0.139509
5015.462578 0.136799
5015.505891 0.134125
5015.549203 0.131487
5015.592516 0.128885
5015.635828 0.126320
5015.679141 0.123791
5015.722453 0.121297
5015.765766 0.118840
5015.809078 0.116418
5015.852391 0.114032
5015.895703 0.111681
5015.939016 0.109365
5015.982328 0.107085
5016.025641 0.104839
5016.068954 0.102628
5016.112266 0.100451
5016.155579 0.098309
5016.198891 0.096200
5016.242204 0.094126
5016.285516 0.092085
5016.328829 0.090077
5016.372141 0.088103
5016.415454 0.086161
5016.458766 0.084252
5016.502079 0.082375
5016.545392 0.080531
5016.588704 0.078718
5016.632017 0.076936
5016.675329 0.075186
5016.718642 0.073467
5016.761954 0.071778
5016.805267 0.070120
5016.848579 0.068491
5016.891892 0.066893
5016.935204 0.065324
5016.978517 0.063784
5017.021830 0.062272
5017.065142 0.060790
5017.108455 0.059335
5017.151767 0.057908
5017.195080 0.056509
5017.238392 0.055137
5017.281705 0.053791
5017.325017 0.052472
5017.368330 0.051180
5017.411642 0.049913
5017.454955 0.048671
5017.498267 0.047455
5017.541580 0.046264
5017.584893 0.045097
5017.628205 0.043954
5017.671518 0.042835
5017.714830 0.041740
5017.758143 0.040667
5017.801455 0.039618
5017.844768 0.038590
5017.888080 0.037585
5017.931393 0.036602
5017.974705 0.035640
5018.018018 0.034700
5018.061331 0.033780
5018.104643 0.032880
5018.147956 0.032001
5018.191268 0.031141
5018.234581 0.030301
5018.277893 0.029480
5018.321206 0.028678
5018.364518 0.027895
5018.407831 0.027129
5018.451143 0.026381
5018.494456 0.025651
5018.537769 0.024939
5018.581081 0.024243
5018.624394 0.023563
5018.667706 0.022900
5018.711019 0.022253
5018.754331 0.021622
5018.797644 0.021006
5018.840956 0.020405
5018.884269 0.019819
5018.927581 0.019248
5018.970894 0.018691
5019.014207 0.018148
5019.057519 0.017618
5019.100832 0.017102
5019.144144 0.016599
5019.187457 0.016109
5019.230769 0.015632
5019.274082 0.015167
5019.317394 0.014714
5019.360707 0.014273
5019.404019 0.013843
5019.447332 0.013425
5019.490644 0.013018
5019.533957 0.012622
5019.577270 0.012237
5019.620582 0.011861
5019.663895 0.011496
5019.707207 0.011141
5019.750520 0.010796
5019.793832 0.010460
5019.837145 0.010133
5019.880457 0.009816
5019.923770 0.009507
5019.967082 0.009207
5020.010395 0.008915
5020.053708 0.008632
5020.097020 0.008357
5020.140333 0.008089
5020.183645 0.007829
5020.226958 0.007577
5020.270270 0.007332
5020.313583 0.007094
5020.356895 0.006862
5020.400208 0.006638
5020.443520 0.006420
5020.486833 0.006209
5020.530146 0.006004
5020.573458 0.005805
5020.616771 0.005612
5020.660083 0.005425
5020.703396 0.005244
5020.746708 0.005067
5020.790021 0.004897
5020.833333 0.004731
5020.876646 0.004571
5020.919958 0.004415
5020.963271 0.004265
5021.006584 0.004119
5021.049896 0.003977
5021.093209 0.003840
5021.136521 0.003708
5021.179834 0.003579
5021.223146 0.003455
5021.266459 0.003334
5021.309771 0.003217
5021.353084 0.003104
5021.396396 0.002995
5021.439709 0.002889
5021.483021 0.002787
5021.526334 0.002688
5021.569647 0.002592
5021.612959 0.002499
5021.656272 0.002410
5021.699584 0.002323
5021.742897 0.002239
5021.786209 0.002158
5021.829522 0.002080
5021.872834 0.002004
5021.916147 0.001931
5021.959459 0.001860
5022.002772 0.001792
5022.046085 0.001726
5022.089397 0.001662
5022.132710 0.001601
5022.176022 0.001541
5022.219335 0.001484
5022.262647 0.001429
5022.305960 0.001375
5022.349272 0.001323
5022.392585 0.001274
5022.435897 0.001225
5022.479210 0.001179
5022.522523 0.001134
5022.565835 0.001091
5022.609148 0.001049
5022.652460 0.001009
5022.695773 0.000971
5022.739085 0.000933
5022.782398 0.000897
5022.825710 0.000862
5022.869023 0.000829
5022.912335 0.000797
5022.955648 0.000766
5022.998960 0.000736
5023.042273 0.000707
5023.085586 0.000679
5023.128898 0.000652
5023.172211 0.000627
5023.215523 0.000602
5023.258836 0.000578
5023.302148 0.000555
5023.345461 0.000533
5023.388773 0.000511
5023.432086 0.000491
5023.475398 0.000471
5023.518711 0.000452
5023.562024 0.000434
5023.605336 0.000416
5023.648649 0.000399
5023.691961 0.000383
5023.735274 0.000368
5023.778586 0.000353
5023.821899 0.000338
5023.865211 0.000324
5023.908524 0.000311
5023.951836 0.000298
5023.995149 0.000286
5024.038462 0.000274
5024.081774 0.000262
5024.125087 0.000251
5024.168399 0.000241
5024.211712 0.000231
5024.255024 0.000221
5024.298337 0.000212
5024.341649 0.000203
5024.384962 0.000194
5024.428274 0.000186
5024.471587 0.000178
5024.514900 0.000171
5024.558212 0.000163
5024.601525 0.000156
5024.644837 0.000150
5024.688150 0.000143
5024.731462 0.000137
5024.774775 0.000131
5024.818087 0.000126
5024.861400 0.000120
5024.904712 0.000115
5024.948025 0.000110
5024.991337 0.000105
5025.034650 0.000101
5025.077963 0.000096
5025.121275 0.000092
5025.164588 0.000088
5025.207900 0.000084
5025.251213 0.000080
5025.294525 0.000077
5025.337838 0.000073
5025.381150 0.000070
5025.424463 0.000067
5025.467775 0.000064
5025.511088 0.000061
5025.554401 0.000058
5025.597713 0.000056
5025.641026 0.000053
5025.684338 0.000051
5025.727651 0.000049
5025.770963 0.000046
5025.814276 0.000044
5025.857588 0.000042
5025.900901 0.000040
5025.944213 0.000039
5025.987526 0.000037
5026.030839 0.000035
5026.074151 0.000034
5026.117464 0.000032
5026.160776 0.000031
5026.204089 0.000029
5026.247401 0.000028
5026.290714 0.000026
5026.334026 0.000025
5026.377339 0.000024
5026.420651 0.000023
5026.463964 0.000022
5026.507277 0.000021
5026.550589 0.000020
5026.593902 0.000019
5026.637214 0.000018
5026.680527 0.000017
5026.723839 0.000016
5026.767152 0.000016
5026.810464 0.000015
5026.853777 0.000014
5026.897089 0.000014
5026.940402 0.000013
5026.983714 0.000012
5027.027027 0.000012
5027.070340 0.000011
5027.113652 0.000011
5027.156965 0.000010
5027.200277 0.000010
5027.243590 0.000009
5027.286902 0.000009
5027.330215 0.000008
5027.373527 0.000008
5027.416840 0.000008
5027.460152 0.000007
5027.503465 0.000007
5027.546778 0.000006
5027.590090 0.000006
5027.633403 0.000006
5027.676715 0.000006
5027.720028 0.000005
5027.763340 0.000005
5027.806653 0.000005
5027.849965 0.000005
5027.893278 0.000004
5027.936590 0.000004
5027.979903 0.000004
5028.023216 0.000004
5028.066528 0.000004
5028.109841 0.000003
5028.153153 0.000003
5028.196466 0.000003
5028.239778 0.000003
5028.283091 0.000003
5028.326403 0.000003
5028.369716 0.000002
5028.413028 0.000002
5028.456341 0.000002
5028.499653 0.000002
5028.542966 0.000002
5028.586279 0.000002
5028.629591 0.000002
5028.672904 0.000002
5028.716216 0.000002
5028.759529 0.000002
5028.802841 0.000001
5028.846154 0.000001
5028.889466 0.000001
5028.932779 0.000001
5028.976091 0.000001
5029.019404 0.000001
5029.062717 0.000001
5029.106029 0.000001
5029.149342 0.000001
5029.192654 0.000001
5029.235967 0.000001
5029.279279 0.000001
5029.322592 0.000001
5029.365904 0.000001
5029.409217 0.000001
5029.452529 0.000001
5029.495842 0.000001
5029.539155 0.000001
5029.582467 0.000001
5029.625780 0.000001
5029.669092 0.000001
5029.712405 0.000000
5029.755717 0.000000
5029.799030 0.000000
5029.842342 0.000000
5029.885655 0.000000
5029.928967 0.000000
5029.972280 0.000000
5030.015593 0.000000
5030.058905 0.000000
5030.102218 0.000000
5030.145530 0.000000
5030.188843 0.000000
5030.232155 0.000000
5030.275468 0.000000
5030.318780 0.000000
5030.362093 0.000000
5030.405405 0.000000
5030.448718 0.000000
5030.492030 0.000000
5030.535343 0.000000
5030.578656 0.000000
5030.621968 0.000000
5030.665281 0.000000
5030.708593 0.000000
5030.751906 0.000000
5030.795218 0.000000
5030.838531 0.000000
5030.881843 0.000000
5030.925156 0.000000
5030.968468 0.000000
5031.011781 0.000000
5031.055094 0.000000
5031.098406 0.000000
5031.141719 0.000000
5031.185031 0.000000
5031.228344 0.000000
5031.271656 0.000000
5031.314969 0.000000
5031.358281 0.000000
5031.401594 0.000000
5031.444906 0.000000
5031.488219 0.000000
5031.531532 0.000000
5031.574844 0.000000
5031.618157 0.000000
5031.661469 0.000000
5031.704782 0.000000
5031.748094 0.000000
5031.791407 0.000000
5031.834719 0.000000
5031.878032 0.000000
5031.921344 0.000000
5031.964657 0.000000
5032.007970 0.000000
5032.051282 0.000000
5032.094595 0.000000
5032.137907 0.000000
5032.181220 0.000000
5032.224532 0.000000
5032.267845 0.000000
5032.311157 0.000000
5032.354470 0.000000
5032.397782 0.000000
5032.441095 0.000000
5032.484407 0.000000
5032.527720 0.000000
5032.571033 0.000000
5032.614345 0.000000
5032.657658 0.000000
5032.700970 0.000000
5032.744283 0.000000
5032.787595 0.000000
5032.830908 0.000000
5032.874220 0.000000
5032.917533 0.000000
5032.960845 0.000000
5033.004158 0.000000
5033.047471 0.000000
5033.090783 0.000000
5033.134096 0.000000
5033.177408 0.000000
5033.220721 0.000000
5033.264033 0.000000
5033.307346 0.000000
5033.350658 0.000000
5033.393971 0.000000
5033.437283 0.000000
5033.480596 0.000000
5033.523909 0.000000
5033.567221 0.000000
5033.610534 0.000000
5033.653846 0.000000
5033.697159 0.000000
5033.740471 0.000000
5033.783784 0.000000
5033.827096 0.000000
5033.870409 0.000000
5033.913721 0.000000
5033.957034 0.000000
5034.000347 0.000000
5034.043659 0.000000
5034.086972 0.000000
5034.130284 0.000000
5034.173597 0.000000
5034.216909 0.000000
5034.260222 0.000000
5034.303534 0.000000
5034.346847 0.000000
5034.390159 0.000000
5034.433472 0.000000
5034.476784 0.000000
5034.520097 0.000000
5034.563410 0.000000
5034.606722 0.000000
5034.650035 0.000000
5034.693347 0.000000
5034.736660 0.000000
5034.779972 0.000000
5034.823285 0.000000
5034.866597 0.000000
5034.909910 0.000000
5034.953222 0.000000
5034.996535 0.000000
5035.039848 0.000000
5035.083160 0.000000
5035.126473 0.000000
5035.169785 0.000000
5035.213098 0.000000
5035.256410 0.000000
5035.299723 0.000000
5035.343035 0.000000
5035.386348 0.000000
5035.429660 0.000000
5035.472973 0.000000
5035.516286 0.000000
5035.559598 0.000000
5035.602911 0.000000
5035.646223 0.000000
5035.689536 0.000000
5035.732848 0.000000
5035.776161 0.000000
5035.819473 0.000000
5035.862786 0.000000
5035.906098 0.000000
5035.949411 0.000000
5035.992723 0.000000
5036.036036 0.000000
5036.079349 0.000000
5036.122661 0.000000
5036.165974 0.000000
5036.209286 0.000000
5036.252599 0.000000
5036.295911 0.000000
5036.339224 0.000000
5036.382536 0.000000
5036.425849 0.000000
5036.469161 0.000000
5036.512474 0.000000
5036.555787 0.000000
5036.599099 0.000000
5036.642412 0.000000
5036.685724 0.000000
5036.729037 0.000000
5036.772349 0.000000
5036.815662 0.000000
5036.858974 0.000000
5036.902287 0.000000
5036.945599 0.000000
5036.988912 0.000000
5037.032225 0.000000
5037.075537 0.000000
5037.118850 0.000000
5037.162162 0.000000
5037.205475 0.000000
5037.248787 0.000000
5037.292100 0.000000
5037.335412 0.000000
5037.378725 0.000000
5037.422037 0.000000
5037.465350 0.000000
5037.508663 0.000000
5037.551975 0.000000
5037.595288 0.000000
5037.638600 0.000000
5037.681913 0.000000
5037.725225 0.000000
5037.768538 0.000000
5037.811850 0.000000
5037.855163 0.000000
5037.898475 0.000000
5037.941788 0.000000
5037.985100 0.000000
5038.028413 0.000000
5038.071726 0.000000
5038.115038 0.000000
5038.158351 0.000000
5038.201663 0.000000
5038.244976 0.000000
5038.288288 0.000000
5038.331601 0.000000
5038.374913 0.000000
5038.418226 0.000000
5038.461538 0.000000
5038.504851 0.000000
5038.548164 0.000000
5038.591476 0.000000
5038.634789 0.000000
5038.678101 0.000000
5038.721414 0.000000
5038.764726 0.000000
5038.808039 0.000000
5038.851351 0.000000
5038.894664 0.000000
5038.937976 0.000000
5038.981289 0.000000
5039.024602 0.000000
5039.067914 0.000000
5039.111227 0.000000
5039.154539 0.000000
5039.197852 0.000000
5039.241164 0.000000
5039.284477 0.000000
5039.327789 0.000000
5039.371102 0.000000
5039.414414 0.000000
5039.457727 0.000000
5039.501040 0.000000
5039.544352 0.000000
5039.587665 0.000000
5039.630977 0.000000
5039.674290 0.000000
5039.717602 0.000000
5039.760915 0.000000
5039.804227 0.000000
5039.847540 0.000000
5039.890852 0.000000
5039.934165 0.000000
5039.977477 0.000000
5040.020790 0.000000
5040.064103 0.000000
5040.107415 0.000000
5040.150728 0.000000
5040.194040 0.000000
5040.237353 0.000000
5040.280665 0.000000
5040.323978 0.000000
5040.367290 0.000000
5040.410603 0.000000
5040.453915 0.000000
5040.497228 0.000000
5040.540541 0.000000
5040.583853 0.000000
5040.627166 0.000000
5040.670478 0.000000
5040.713791 0.000000
5040.757103 0.000000
5040.800416 0.000000
5040.843728 0.000000
5040.887041 0.000000
5040.930353 0.000000
5040.973666 0.000000
5041.016979 0.000000
5041.060291 0.000000
5041.103604 0.000000
5041.146916 0.000000
5041.190229 0.000000
5041.233541 0.000000
5041.276854 0.000000
5041.320166 0.000000
5041.363479 0.000000
5041.406791 0.000000
5041.450104 0.000000
5041.493416 0.000000
5041.536729 0.000000
5041.580042 0.000000
5041.623354 0.000000
5041.666667 0.000000
5041.709979 0.000000
5041.753292 0.000000
5041.796604 0.000000
5041.839917 0.000000
5041.883229 0.000000
5041.926542 0.000000
5041.969854 0.000000
5042.013167 0.000000
5042.056480 0.000000
5042.099792 0.000000
5042.143105 0.000000
5042.186417 0.000000
5042.229730 0.000000
5042.273042 0.000000
5042.316355 0.000000
5042.359667 0.000000
5042.402980 0.000000
5042.446292 0.000000
5042.489605 0.000000
5042.532918 0.000000
5042.576230 0.000000
5042.619543 0.000000
5042.662855 0.000000
5042.706168 0.000000
5042.749480 0.000000
5042.792793 0.000000
5042.836105 0.000000
5042.879418 0.000000
5042.922730 0.000000
5042.966043 0.000000
5043.009356 0.000000
5043.052668 0.000000
5043.095981 0.000000
5043.139293 0.000000
5043.182606 0.000000
5043.225918 0.000000
5043.269231 0.000000
5043.312543 0.000000
5043.355856 0.000000
5043.399168 0.000000
5043.442481 0.000000
5043.485793 0.000000
5043.529106 0.000000
5043.572419 0.000000
5043.615731 0.000000
5043.659044 0.000000
5043.702356 0.000000
5043.745669 0.000000
5043.788981 0.000000
5043.832294 0.000000
5043.875606 0.000000
5043.918919 0.000000
5043.962231 0.000000
5044.005544 0.000000
5044.048857 0.000000
5044.092169 0.000000
5044.135482 0.000000
5044.178794 0.000000
5044.222107 0.000000
5044.265419 0.000000
5044.308732 0.000000
5044.352044 0.000000
5044.395357 0.000000
5044.438669 0.000000
5044.481982 0.000000
5044.525295 0.000000
5044.568607 0.000000
5044.611920 0.000000
5044.655232 0.000000
5044.698545 0.000000
5044.741857 0.000000
5044.785170 0.000000
5044.828482 0.000000
5044.871795 0.000000
5044.915107 0.000000
5044.958420 0.000000
5045.001733 0.000000
5045.045045 0.000000
5045.088358 0.000000
5045.131670 0.000000
5045.174983 0.000000
5045.218295 0.000000
5045.261608 0.000000
5045.304920 0.000000
5045.348233 0.000000
5045.391545 0.000000
5045.434858 0.000000
5045.478170 0.000000
5045.521483 0.000000
5045.564796 0.000000
5045.608108 0.000000
5045.651421 0.000000
5045.694733 0.000000
5045.738046 0.000000
5045.781358 0.000000
5045.824671 0.000000
5045.867983 0.000000
5045.911296 0.000000
5045.954608 0.000000
5045.997921 0.000000
5046.041234 0.000000
5046.084546 0.000000
5046.127859 0.000000
5046.171171 0.000000
5046.214484 0.000000
5046.257796 0.000000
5046.301109 0.000000
5046.344421 0.000000
5046.387734 0.000000
5046.431046 0.000000
5046.474359 0.000000
5046.517672 0.000000
5046.560984 0.000000
5046.604297 0.000000
5046.647609 0.000000
5046.690922 0.000000
5046.734234 0.000000
5046.777547 0.000000
5046.820859 0.000000
5046.864172 0.000000
5046.907484 0.000000
5046.950797 0.000000
5046.994109 0.000000
5047.037422 0.000000
5047.080735 0.000000
5047.124047 0.000000
5047.167360 0.000000
5047.210672 0.000000
5047.253985 0.000000
5047.297297 0.000000
5047.340610 0.000000
5047.383922 0.000000
5047.427235 0.000000
5047.470547 0.000000
5047.513860 0.000000
5047.557173 0.000000
5047.600485 0.000000
5047.643798 0.000000
5047.687110 0.000000
5047.730423 0.000000
5047.773735 0.000000
5047.817048 0.000000
5047.860360 0.000000
5047.903673 0.000000
5047.946985 0.000000
5047.990298 0.000000
5048.033611 0.000000
5048.076923 0.000000
5048.120236 0.000000
5048.163548 0.000000
5048.206861 0.000000
5048.250173 0.000000
5048.293486 0.000000
5048.336798 0.000000
5048.380111 0.000000
5048.423423 0.000000
5048.466736 0.000000
5048.510049 0.000000
5048.553361 0.000000
5048.596674 0.000000
5048.639986 0.000000
5048.683299 0.000000
5048.726611 0.000000
5048.769924 0.000000
5048.813236 0.000000
5048.856549 0.000000
5048.899861 0.000000
5048.943174 0.000000
5048.986486 0.000000
5049.029799 0.000000
5049.073112 0.000000
5049.116424 0.000000
5049.159737 0.000000
5049.203049 0.000000
5049.246362 0.000000
5049.289674 0.000000
5049.332987 0.000000
5049.376299 0.000000
5049.419612 0.000000
5049.462924 0.000000
5049.506237 0.000000
5049.549550 0.000000
5049.592862 0.000000
5049.636175 0.000000
5049.679487 0.000000
5049.722800 0.000000
5049.766112 0.000000
5049.809425 0.000000
5049.852737 0.000000
5049.896050 0.000000
5049.939362 0.000000
5049.982675 0.000000
5050.025988 0.000000
5050.069300 0.000000
5050.112613 0.000000
5050.155925 0.000000
5050.199238 0.000000
5050.242550 0.000000
5050.285863 0.000000
5050.329175 0.000000
5050.372488 0.000000
5050.415800 0.000000
5050.459113 0.000000
5050.502426 0.000000
5050.545738 0.000000
5050.589051 0.000000
5050.632363 0.000000
5050.675676 0.000000
5050.718988 0.000000
5050.762301 0.000000
5050.805613 0.000000
5050.848926 0.000000
5050.892238 0.000000
5050.935551 0.000000
5050.978863 0.000000
5051.022176 0.000000
5051.065489 0.000000
5051.108801 0.000000
5051.152114 0.000000
5051.195426 0.000000
5051.238739 0.000000
5051.282051 0.000000
5051.325364 0.000000
5051.368676 0.000000
5051.411989 0.000000
5051.455301 0.000000
5051.498614 0.000000
5051.541927 0.000000
5051.585239 0.000000
5051.628552 0.000000
5051.671864 0.000000
5051.715177 0.000000
5051.758489 0.000000
5051.801802 0.000000
5051.845114 0.000000
5051.888427 0.000000
5051.931739 0.000000
5051.975052 0.000000
5052.018365 0.000000
5052.061677 0.000000
5052.104990 0.000000
5052.148302 0.000000
5052.191615 0.000000
5052.234927 0.000000
5052.278240 0.000000
5052.321552 0.000000
5052.364865 0.000000
5052.408177 0.000000
5052.451490 0.000000
5052.494802 0.000000
5052.538115 0.000000
5052.581428 0.000000
5052.624740 0.000000
5052.668053 0.000000
5052.711365 0.000000
5052.754678 0.000000
5052.797990 0.000000
5052.841303 0.000000
5052.884615 0.000000
5052.927928 0.000000
5052.971240 0.000000
5053.014553 0.000000
5053.057866 0.000000
5053.101178 0.000000
5053.144491 0.000000
5053.187803 0.000000
5053.231116 0.000000
5053.274428 0.000000
5053.317741 0.000000
5053.361053 0.000000
5053.404366 0.000000
5053.447678 0.000000
5053.490991 0.000000
5053.534304 0.000000
5053.577616 0.000000
5053.620929 0.000000
5053.664241 0.000000
5053.707554 0.000000
5053.750866 0.000000
5053.794179 0.000000
5053.837491 0.000000
5053.880804 0.000000
5053.924116 0.000000
5053.967429 0.000000
5054.010742 0.000000
5054.054054 0.000000
5054.097367 0.000000
5054.140679 0.000000
5054.183992 0.000000
5054.227304 0.000000
5054.270617 0.000000
5054.313929 0.000000
5054.357242 0.000000
5054.400554 0.000000
5054.443867 0.000000
5054.487179 0.000000
5054.530492 0.000000
5054.573805 0.000000
5054.617117 0.000000
5054.660430 0.000000
5054.703742 0.000000
5054.747055 0.000000
5054.790367 0.000000
5054.833680 0.000000
5054.876992 0.000000
5054.920305 0.000000
5054.963617 0.000000
5055.006930 0.000000
5055.050243 0.000000
5055.093555 0.000000
5055.136868 0.000000
5055.180180 0.000000
5055.223493 0.000000
5055.266805 0.000000
5055.310118 0.000000
5055.353430 0.000000
5055.396743 0.000000
5055.440055 0.000000
5055.483368 0.000000
5055.526681 0.000000
5055.569993 0.000000
5055.613306 0.000000
5055.656618 0.000000
5055.699931 0.000000
5055.743243 0.000000
5055.786556 0.000000
5055.829868 0.000000
5055.873181 0.000000
5055.916493 0.000000
5055.959806 0.000000
5056.003119 0.000000
5056.046431 0.000000
5056.089744 0.000000
5056.133056 0.000000
5056.176369 0.000000
5056.219681 0.000000
5056.262994 0.000000
5056.306306 0.000000
5056.349619 0.000000
5056.392931 0.000000
5056.436244 0.000000
5056.479556 0.000000
5056.522869 0.000000
5056.566182 0.000000
5056.609494 0.000000
5056.652807 0.000000
5056.696119 0.000000
5056.739432 0.000000
5056.782744 0.000000
5056.826057 0.000000
5056.869369 0.000000
5056.912682 0.000000
5056.955994 0.000000
5056.999307 0.000000
5057.042620 0.000000
5057.085932 0.000000
5057.129245 0.000000
5057.172557 0.000000
5057.215870 0.000000
5057.259182 0.000000
5057.302495 0.000000
5057.345807 0.000000
5057.389120 0.000000
5057.432432 0.000000
5057.475745 0.000000
5057.519058 0.000000
5057.562370 0.000000
5057.605683 0.000000
5057.648995 0.000000
5057.692308 0.000000
5057.735620 0.000000
5057.778933 0.000000
5057.822245 0.000000
5057.865558 0.000000
5057.908870 0.000000
5057.952183 0.000000
5057.995495 0.000000
5058.038808 0.000000
5058.082121 0.000000
5058.125433 0.000000
5058.168746 0.000000
5058.212058 0.000000
5058.255371 0.000000
5058.298683 0.000000
5058.341996 0.000000
5058.385308 0.000000
5058.428621 0.000000
5058.471933 0.000000
5058.515246 0.000000
5058.558559 0.000000
5058.601871 0.000000
5058.645184 0.000000
5058.688496 0.000000
5058.731809 0.000000
5058.775121 0.000000
5058.818434 0.000000
5058.861746 0.000000
5058.905059 0.000000
5058.948371 0.000000
5058.991684 0.000000
5059.034997 0.000000
5059.078309 0.000000
5059.121622 0.000000
5059.164934 0.000000
5059.208247 0.000000
5059.251559 0.000000
5059.294872 0.000000
5059.338184 0.000000
5059.381497 0.000000
5059.424809 0.000000
5059.468122 0.000000
5059.511435 0.000000
5059.554747 0.000000
5059.598060 0.000000
5059.641372 0.000000
5059.684685 0.000000
5059.727997 0.000000
5059.771310 0.000000
5059.814622 0.000000
5059.857935 0.000000
5059.901247 0.000000
5059.944560 0.000000
5059.987872 0.000000
5060.031185 0.000000
5060.074498 0.000000
5060.117810 0.000000
5060.161123 0.000000
5060.204435 0.000000
5060.247748 0.000000
5060.291060 0.000000
5060.334373 0.000000
5060.377685 0.000000
5060.420998 0.000000
5060.464310 0.000000
5060.507623 0.000000
5060.550936 0.000000
5060.594248 0.000000
5060.637561 0.000000
5060.680873 0.000000
5060.724186 0.000000
5060.767498 0.000000
5060.810811 0.000000
5060.854123 0.000000
5060.897436 0.000000
5060.940748 0.000000
5060.984061 0.000000
5061.027374 0.000000
5061.070686 0.000000
5061.113999 0.000000
5061.157311 0.000000
5061.200624 0.000000
5061.243936 0.000000
5061.287249 0.000000
5061.330561 0.000000
5061.373874 0.000000
5061.417186 0.000000
5061.460499 0.000000
5061.503812 0.000000
5061.547124 0.000000
5061.590437 0.000000
5061.633749 0.000000
5061.677062 0.000000
5061.720374 0.000000
5061.763687 0.000000
5061.806999 0.000000
5061.850312 0.000000
5061.893624 0.000000
5061.936937 0.000000
5061.980249 0.000000
5062.023562 0.000000
5062.066875 0.000000
5062.110187 0.000000
5062.153500 0.000000
5062.196812 0.000000
5062.240125 0.000000
5062.283437 0.000000
5062.326750 0.000000
5062.370062 0.000000
5062.413375 0.000000
5062.456687 0.000000
5062.500000 0.000000
5062.543313 0.000000
5062.586625 0.000000
5062.629938 0.000000
5062.673250 0.000000
5062.716563 0.000000
5062.759875 0.000000
5062.803188 0.000000
5062.846500 0.000000
5062.889813 0.000000
5062.933125 0.000000
5062.976438 0.000000
5063.019751 0.000000
5063.063063 0.000000
5063.106376 0.000000
5063.149688 0.000000
5063.193001 0.000000
5063.236313 0.000000
5063.279626 0.000000
5063.322938 0.000000
5063.366251 0.000000
5063.409563 0.000000
5063.452876 0.000000
5063.496188 0.000000
5063.539501 0.000000
5063.582814 0.000000
5063.626126 0.000000
5063.669439 0.000000
5063.712751 0.000000
5063.756064 0.000000
5063.799376 0.000000
5063.842689 0.000000
5063.886001 0.000000
5063.929314 0.000000
5063.972626 0.000000
5064.015939 0.000000
5064.059252 0.000000
5064.102564 0.000000
5064.145877 0.000000
5064.189189 0.000000
5064.232502 0.000000
5064.275814 0.000000
5064.319127 0.000000
5064.362439 0.000000
5064.405752 0.000000
5064.449064 0.000000
5064.492377 0.000000
5064.535690 0.000000
5064.579002 0.000000
5064.622315 0.000000
5064.665627 0.000000
5064.708940 0.000000
5064.752252 0.000000
5064.795565 0.000000
5064.838877 0.000000
5064.882190 0.000000
5064.925502 0.000000
5064.968815 0.000000
5065.012128 0.000000
5065.055440 0.000000
5065.098753 0.000000
5065.142065 0.000000
5065.185378 0.000000
5065.228690 0.000000
5065.272003 0.000000
5065.315315 0.000000
5065.358628 0.000000
5065.401940 0.000000
5065.445253 0.000000
5065.488565 0.000000
5065.531878 0.000000
5065.575191 0.000000
5065.618503 0.000000
5065.661816 0.000000
5065.705128 0.000000
5065.748441 0.000000
5065.791753 0.000000
5065.835066 0.000000
5065.878378 0.000000
5065.921691 0.000000
5065.965003 0.000000
5066.008316 0.000000
5066.051629 0.000000
5066.094941 0.000000
5066.138254 0.000000
5066.181566 0.000000
5066.224879 0.000000
5066.268191 0.000000
5066.311504 0.000000
5066.354816 0.000000
5066.398129 0.000000
5066.441441 0.000000
5066.484754 0.000000
5066.528067 0.000000
5066.571379 0.000000
5066.614692 0.000000
5066.658004 0.000000
5066.701317 0.000000
5066.744629 0.000000
5066.787942 0.000000
5066.831254 0.000000
5066.874567 0.000000
5066.917879 0.000000
5066.961192 0.000000
5067.004505 0.000000
5067.047817 0.000000
5067.091130 0.000000
5067.134442 0.000000
5067.177755 0.000000
5067.221067 0.000000
5067.264380 0.000000
5067.307692 0.000000
5067.351005 0.000000
5067.394317 0.000000
5067.437630 0.000000
5067.480942 0.000000
5067.524255 0.000000
5067.567568 0.000000
5067.610880 0.000000
5067.654193 0.000000
5067.697505 0.000000
5067.740818 0.000000
5067.784130 0.000000
5067.827443 0.000000
5067.870755 0.000000
5067.914068 0.000000
5067.957380 0.000000
5068.000693 0.000000
5068.044006 0.000000
5068.087318 0.000000
5068.130631 0.000000
5068.173943 0.000000
5068.217256 0.000000
5068.260568 0.000000
5068.303881 0.000000
5068.347193 0.000000
5068.390506 0.000000
5068.433818 0.000000
5068.477131 0.000000
5068.520444 0.000000
5068.563756 0.000000
5068.607069 0.000000
5068.650381 0.000000
5068.693694 0.000000
5068.737006 0.000000
5068.780319 0.000000
5068.823631 0.000000
5068.866944 0.000000
5068.910256 0.000000
5068.953569 0.000000
5068.996881 0.000000
5069.040194 0.000000
5069.083507 0.000000
5069.126819 0.000000
5069.170132 0.000000
5069.213444 0.000000
5069.256757 0.000000
5069.300069 0.000000
5069.343382 0.000000
5069.386694 0.000000
5069.430007 0.000000
5069.473319 0.000000
5069.516632 0.000000
5069.559945 0.000000
5069.603257 0.000000
5069.646570 0.000000
5069.689882 0.000000
5069.733195 0.000000
5069.776507 0.000000
5069.819820 0.000000
5069.863132 0.000000
5069.906445 0.000000
5069.949757 0.000000
5069.993070 0.000000
