4900.000000 0.000000
4900.036417 0.000000
4900.072833 0.000000
4900.109250 0.000000
4900.145666 0.000000
4900.182083 0.000000
4900.218500 0.000000
4900.254916 0.000000
4900.291333 0.000000
4900.327749 0.000000
4900.364166 0.000000
4900.400583 0.000000
4900.436999 0.000000
4900.473416 0.000000
4900.509832 0.000000
4900.546249 0.000000
4900.582666 0.000000
4900.619082 0.000000
4900.655499 0.000000
4900.691916 0.000000
4900.728332 0.000000
4900.764749 0.000000
4900.801165 0.000000
4900.837582 0.000000
4900.873999 0.000000
4900.910415 0.000000
4900.946832 0.000000
4900.983248 0.000000
4901.019665 0.000000
4901.056082 0.000000
4901.092498 0.000000
4901.128915 0.000000
4901.165331 0.000000
4901.201748 0.000000
4901.238165 0.000000
4901.274581 0.000000
4901.310998 0.000000
4901.347414 0.000000
4901.383831 0.000000
4901.420248 0.000000
4901.456664 0.000000
4901.493081 0.000000
4901.529497 0.000000
4901.565914 0.000000
4901.602331 0.000000
4901.638747 0.000000
4901.675164 0.000000
4901.711580 0.000000
4901.747997 0.000000
4901.784414 0.000000
4901.820830 0.000000
4901.857247 0.000000
4901.893664 0.000000
4901.930080 0.000000
4901.966497 0.000000
4902.002913 0.000000
4902.039330 0.000000
4902.075747 0.000000
4902.112163 0.000000
4902.148580 0.000000
4902.184996 0.000000
4902.221413 0.000000
4902.257830 0.000000
4902.294246 0.000000
4902.330663 0.000000
4902.367079 0.000000
4902.403496 0.000000
4902.439913 0.000000
4902.476329 0.000000
4902.512746 0.000000
4902.549162 0.000000
4902.585579 0.000000
4902.621996 0.000000
4902.658412 0.000000
4902.694829 0.000000
4902.731245 0.000000
4902.767662 0.000000
4902.804079 0.000000
4902.840495 0.000000
4902.876912 0.000000
4902.913328 0.000000
4902.949745 0.000000
4902.986162 0.000000
4903.022578 0.000000
4903.058995 0.000000
4903.095412 0.000000
4903.131828 0.000000
4903.168245 0.000000
4903.204661 0.000000
4903.241078 0.000000
4903.277495 0.000000
4903.313911 0.000000
4903.350328 0.000000
4903.386744 0.000000
4903.423161 0.000000
4903.459578 0.000000
4903.495994 0.000000
4903.532411 0.000000
4903.568827 0.000000
4903.605244 0.000000
4903.641661 0.000000
4903.678077 0.000000
4903.714494 0.000000
4903.750910 0.000000
4903.787327 0.000000
4903.823744 0.000000
4903.860160 0.000000
4903.896577 0.000000
4903.932993 0.000000
4903.969410 0.000000
4904.005827 0.000000
4904.042243 0.000000
4904.078660 0.000000
4904.115076 0.000000
4904.151493 0.000000
4904.187910 0.000000
4904.224326 0.000000
4904.260743 0.000000
4904.297160 0.000000
4904.333576 0.000000
4904.369993 0.000000
4904.406409 0.000000
4904.442826 0.000000
4904.479243 0.000000
4904.515659 0.000000
4904.552076 0.000000
4904.588492 0.000000
4904.624909 0.000000
4904.661326 0.000000
4904.697742 0.000000
4904.734159 0.000000
4904.770575 0.000000
4904.806992 0.000000
4904.843409 0.000000
4904.879825 0.000000
4904.916242 0.000000
4904.952658 0.000000
4904.989075 0.000000
4905.025492 0.000000
4905.061908 0.000000
4905.098325 0.000000
4905.134741 0.000000
4905.171158 0.000000
4905.207575 0.000000
4905.243991 0.000000
4905.280408 0.000000
4905.316824 0.000000
4905.353241 0.000000
4905.389658 0.000000
4905.426074 0.000000
4905.462491 0.000000
4905.498908 0.000000
4905.535324 0.000000
4905.571741 0.000000
4905.608157 0.000000
4905.644574 0.000000
4905.680991 0.000000
4905.717407 0.000000
4905.753824 0.000000
4905.790240 0.000000
4905.826657 0.000000
4905.863074 0.000000
4905.899490 0.000000
4905.935907 0.000000
4905.972323 0.000000
4906.008740 0.000000
4906.045157 0.000000
4906.081573 0.000000
4906.117990 0.000000
4906.154406 0.000000
4906.190823 0.000000
4906.227240 0.000000
4906.263656 0.000000
4906.300073 0.000000
4906.336489 0.000000
4906.372906 0.000000
4906.409323 0.000000
4906.445739 0.000000
4906.482156 0.000000
4906.518572 0.000000
4906.554989 0.000000
4906.591406 0.000000
4906.627822 0.000000
4906.664239 0.000000
4906.700655 0.000000
4906.737072 0.000000
4906.773489 0.000000
4906.809905 0.000000
4906.846322 0.000000
4906.882739 0.000000
4906.919155 0.000000
4906.955572 0.000000
4906.991988 0.000000
4907.028405 0.000000
4907.064822 0.000000
4907.101238 0.000000
4907.137655 0.000000
4907.174071 0.000000
4907.210488 0.000000
4907.246905 0.000000
4907.283321 0.000000
4907.319738 0.000000
4907.356154 0.000000
4907.392571 0.000000
4907.428988 0.000000
4907.465404 0.000000
4907.501821 0.000000
4907.538237 0.000000
4907.574654 0.000000
4907.611071 0.000000
4907.647487 0.000000
4907.683904 0.000000
4907.720320 0.000000
4907.756737 0.000000
4907.793154 0.000000
4907.829570 0.000000
4907.865987 0.000000
4907.902403 0.000000
4907.938820 0.000000
4907.975237 0.000000
4908.011653 0.000000
4908.048070 0.000000
4908.084487 0.000000
4908.120903 0.000000
4908.157320 0.000000
4908.193736 0.000000
4908.230153 0.000000
4908.266570 0.000000
4908.302986 0.000000
4908.339403 0.000000
4908.375819 0.000000
4908.412236 0.000000
4908.448653 0.000000
4908.485069 0.000000
4908.521486 0.000000
4908.557902 0.000000
4908.594319 0.000000
4908.630736 0.000000
4908.667152 0.000000
4908.703569 0.000000
4908.739985 0.000000
4908.776402 0.000000
4908.812819 0.000000
4908.849235 0.000000
4908.885652 0.000000
4908.922068 0.000000
4908.958485 0.000000
4908.994902 0.000000
4909.031318 0.000000
4909.067735 0.000000
4909.104151 0.000000
4909.140568 0.000000
4909.176985 0.000000
4909.213401 0.000000
4909.249818 0.000000
4909.286235 0.000000
4909.322651 0.000000
4909.359068 0.000000
4909.395484 0.000000
4909.431901 0.000000
4909.468318 0.000000
4909.504734 0.000000
4909.541151 0.000000
4909.577567 0.000000
4909.613984 0.000000
4909.650401 0.000000
4909.686817 0.000000
4909.723234 0.000000
4909.759650 0.000000
4909.796067 0.000000
4909.832484 0.000000
4909.868900 0.000000
4909.905317 0.000000
4909.941733 0.000000
4909.978150 0.000000
4910.014567 0.000000
4910.050983 0.000000
4910.087400 0.000000
4910.123816 0.000000
4910.160233 0.000000
4910.196650 0.000000
4910.233066 0.000000
4910.269483 0.000000
4910.305899 0.000000
4910.342316 0.000000
4910.378733 0.000000
4910.415149 0.000000
4910.451566 0.000000
4910.487983 0.000000
4910.524399 0.000000
4910.560816 0.000000
4910.597232 0.000000
4910.633649 0.000000
4910.670066 0.000000
4910.706482 0.000000
4910.742899 0.000000
4910.779315 0.000000
4910.815732 0.000000
4910.852149 0.000000
4910.888565 0.000000
4910.924982 0.000000
4910.961398 0.000000
4910.997815 0.000000
4911.034232 0.000000
4911.070648 0.000000
4911.107065 0.000000
4911.143481 0.000000
4911.179898 0.000000
4911.216315 0.000000
4911.252731 0.000000
4911.289148 0.000000
4911.325564 0.000000
4911.361981 0.000000
4911.398398 0.000000
4911.434814 0.000000
4911.471231 0.000000
4911.507647 0.000000
4911.544064 0.000000
4911.580481 0.000000
4911.616897 0.000000
4911.653314 0.000000
4911.689731 0.000000
4911.726147 0.000000
4911.762564 0.000000
4911.798980 0.000000
4911.835397 0.000000
4911.871814 0.000000
4911.908230 0.000000
4911.944647 0.000000
4911.981063 0.000000
4912.017480 0.000000
4912.053897 0.000000
4912.090313 0.000000
4912.126730 0.000000
4912.163146 0.000000
4912.199563 0.000000
4912.235980 0.000000
4912.272396 0.000000
4912.308813 0.000000
4912.345229 0.000000
4912.381646 0.000000
4912.418063 0.000000
4912.454479 0.000000
4912.490896 0.000000
4912.527312 0.000000
4912.563729 0.000000
4912.600146 0.000000
4912.636562 0.000000
4912.672979 0.000000
4912.709395 0.000000
4912.745812 0.000000
4912.782229 0.000000
4912.818645 0.000000
4912.855062 0.000000
4912.891479 0.000000
4912.927895 0.000000
4912.964312 0.000000
4913.000728 0.000000
4913.037145 0.000000
4913.073562 0.000000
4913.109978 0.000000
4913.146395 0.000000
4913.182811 0.000000
4913.219228 0.000000
4913.255645 0.000000
4913.292061 0.000000
4913.328478 0.000000
4913.364894 0.000000
4913.401311 0.000000
4913.437728 0.000000
4913.474144 0.000000
4913.510561 0.000000
4913.546977 0.000000
4913.583394 0.000000
4913.619811 0.000000
4913.656227 0.000000
4913.692644 0.000000
4913.729060 0.000000
4913.765477 0.000000
4913.801894 0.000000
4913.838310 0.000000
4913.874727 0.000000
4913.911143 0.000000
4913.947560 0.000000
4913.983977 0.000000
4914.020393 0.000000
4914.056810 0.000000
4914.093227 0.000000
4914.129643 0.000000
4914.166060 0.000000
4914.202476 0.000000
4914.238893 0.000000
4914.275310 0.000000
4914.311726 0.000000
4914.348143 0.000000
4914.384559 0.000000
4914.420976 0.000000
4914.457393 0.000000
4914.493809 0.000000
4914.530226 0.000000
4914.566642 0.000000
4914.603059 0.000000
4914.639476 0.000000
4914.675892 0.000000
4914.712309 0.000000
4914.748725 0.000000
4914.785142 0.000000
4914.821559 0.000000
4914.857975 0.000000
4914.894392 0.000000
4914.930808 0.000000
4914.967225 0.000000
4915.003642 0.000000
4915.040058 0.000000
4915.076475 0.000000
4915.112891 0.000000
4915.149308 0.000000
4915.185725 0.000000
4915.222141 0.000000
4915.258558 0.000000
4915.294975 0.000000
4915.331391 0.000000
4915.367808 0.000000
4915.404224 0.000000
4915.440641 0.000000
4915.477058 0.000000
4915.513474 0.000000
4915.549891 0.000000
4915.586307 0.000000
4915.622724 0.000000
4915.659141 0.000000
4915.695557 0.000000
4915.731974 0.000000
4915.768390 0.000000
4915.804807 0.000000
4915.841224 0.000000
4915.877640 0.000000
4915.914057 0.000000
4915.950473 0.000000
4915.986890 0.000000
4916.023307 0.000000
4916.059723 0.000000
4916.096140 0.000000
4916.132556 0.000000
4916.168973 0.000000
4916.205390 0.000000
4916.241806 0.000000
4916.278223 0.000000
4916.314639 0.000000
4916.351056 0.000000
4916.387473 0.000000
4916.423889 0.000000
4916.460306 0.000000
4916.496723 0.000000
4916.533139 0.000000
4916.569556 0.000000
4916.605972 0.000000
4916.642389 0.000000
4916.678806 0.000000
4916.715222 0.000000
4916.751639 0.000000
4916.788055 0.000000
4916.824472 0.000000
4916.860889 0.000000
4916.897305 0.000000
4916.933722 0.000000
4916.970138 0.000000
4917.006555 0.000000
4917.042972 0.000000
4917.079388 0.000000
4917.115805 0.000000
4917.152221 0.000000
4917.188638 0.000000
4917.225055 0.000000
4917.261471 0.000000
4917.297888 0.000000
4917.334304 0.000000
4917.370721 0.000000
4917.407138 0.000000
4917.443554 0.000000
4917.479971 0.000000
4917.516387 0.000000
4917.552804 0.000000
4917.589221 0.000000
4917.625637 0.000000
4917.662054 0.000000
4917.698471 0.000000
4917.734887 0.000000
4917.771304 0.000000
4917.807720 0.000000
4917.844137 0.000000
4917.880554 0.000000
4917.916970 0.000000
4917.953387 0.000000
4917.989803 0.000000
4918.026220 0.000000
4918.062637 0.000000
4918.099053 0.000000
4918.135470 0.000000
4918.171886 0.000000
4918.208303 0.000000
4918.244720 0.000000
4918.281136 0.000000
4918.317553 0.000000
4918.353969 0.000000
4918.390386 0.000000
4918.426803 0.000000
4918.463219 0.000000
4918.499636 0.000000
4918.536052 0.000000
4918.572469 0.000000
4918.608886 0.000000
4918.645302 0.000000
4918.681719 0.000000
4918.718135 0.000000
4918.754552 0.000000
4918.790969 0.000000
4918.827385 0.000000
4918.863802 0.000000
4918.900218 0.000000
4918.936635 0.000000
4918.973052 0.000000
4919.009468 0.000000
4919.045885 0.000000
4919.082302 0.000000
4919.118718 0.000000
4919.155135 0.000000
4919.191551 0.000000
4919.227968 0.000000
4919.264385 0.000000
4919.300801 0.000000
4919.337218 0.000000
4919.373634 0.000000
4919.410051 0.000000
4919.446468 0.000000
4919.482884 0.000000
4919.519301 0.000000
4919.555717 0.000000
4919.592134 0.000000
4919.628551 0.000000
4919.664967 0.000000
4919.701384 0.000000
4919.737800 0.000000
4919.774217 0.000000
4919.810634 0.000000
4919.847050 0.000000
4919.883467 0.000000
4919.919883 0.000000
4919.956300 0.000000
4919.992717 0.000000
4920.029133 0.000000
4920.065550 0.000000
4920.101966 0.000000
4920.138383 0.000000
4920.174800 0.000000
4920.211216 0.000000
4920.247633 0.000000
4920.284050 0.000000
4920.320466 0.000000
4920.356883 0.000000
4920.393299 0.000000
4920.429716 0.000000
4920.466133 0.000000
4920.502549 0.000000
4920.538966 0.000000
4920.575382 0.000000
4920.611799 0.000000
4920.648216 0.000000
4920.684632 0.000000
4920.721049 0.000000
4920.757465 0.000000
4920.793882 0.000000
4920.830299 0.000000
4920.866715 0.000000
4920.903132 0.000000
4920.939548 0.000000
4920.975965 0.000000
4921.012382 0.000000
4921.048798 0.000000
4921.085215 0.000000
4921.121631 0.000000
4921.158048 0.000000
4921.194465 0.000000
4921.230881 0.000000
4921.267298 0.000000
4921.303714 0.000000
4921.340131 0.000000
4921.376548 0.000000
4921.412964 0.000000
4921.449381 0.000000
4921.485798 0.000000
4921.522214 0.000000
4921.558631 0.000000
4921.595047 0.000000
4921.631464 0.000000
4921.667881 0.000000
4921.704297 0.000000
4921.740714 0.000000
4921.777130 0.000000
4921.813547 0.000000
4921.849964 0.000000
4921.886380 0.000000
4921.922797 0.000000
4921.959213 0.000000
4921.995630 0.000000
4922.032047 0.000000
4922.068463 0.000000
4922.104880 0.000000
4922.141296 0.000000
4922.177713 0.000000
4922.214130 0.000000
4922.250546 0.000000
4922.286963 0.000000
4922.323379 0.000000
4922.359796 0.000000
4922.396213 0.000000
4922.432629 0.000000
4922.469046 0.000000
4922.505462 0.000000
4922.541879 0.000000
4922.578296 0.000000
4922.614712 0.000000
4922.651129 0.000000
4922.687546 0.000000
4922.723962 0.000000
4922.760379 0.000000
4922.796795 0.000000
4922.833212 0.000000
4922.869629 0.000000
4922.906045 0.000000
4922.942462 0.000000
4922.978878 0.000000
4923.015295 0.000000
4923.051712 0.000000
4923.088128 0.000000
4923.124545 0.000000
4923.160961 0.000000
4923.197378 0.000000
4923.233795 0.000000
4923.270211 0.000000
4923.306628 0.000000
4923.343044 0.000000
4923.379461 0.000000
4923.415878 0.000000
4923.452294 0.000000
4923.488711 0.000000
4923.525127 0.000000
4923.561544 0.000000
4923.597961 0.000000
4923.634377 0.000000
4923.670794 0.000000
4923.707210 0.000000
4923.743627 0.000000
4923.780044 0.000000
4923.816460 0.000000
4923.852877 0.000000
4923.889294 0.000000
4923.925710 0.000000
4923.962127 0.000000
4923.998543 0.000000
4924.034960 0.000000
4924.071377 0.000000
4924.107793 0.000000
4924.144210 0.000000
4924.180626 0.000000
4924.217043 0.000000
4924.253460 0.000000
4924.289876 0.000000
4924.326293 0.000000
4924.362709 0.000000
4924.399126 0.000000
4924.435543 0.000000
4924.471959 0.000000
4924.508376 0.000000
4924.544792 0.000000
4924.581209 0.000000
4924.617626 0.000000
4924.654042 0.000000
4924.690459 0.000000
4924.726875 0.000000
4924.763292 0.000000
4924.799709 0.000000
4924.836125 0.000000
4924.872542 0.000000
4924.908958 0.000000
4924.945375 0.000000
4924.981792 0.000000
4925.018208 0.000000
4925.054625 0.000000
4925.091042 0.000000
4925.127458 0.000000
4925.163875 0.000000
4925.200291 0.000000
4925.236708 0.000000
4925.273125 0.000000
4925.309541 0.000000
4925.345958 0.000000
4925.382374 0.000000
4925.418791 0.000000
4925.455208 0.000000
4925.491624 0.000000
4925.528041 0.000000
4925.564457 0.000000
4925.600874 0.000000
4925.637291 0.000000
4925.673707 0.000000
4925.710124 0.000000
4925.746540 0.000000
4925.782957 0.000000
4925.819374 0.000000
4925.855790 0.000000
4925.892207 0.000000
4925.928623 0.000000
4925.965040 0.000000
4926.001457 0.000000
4926.037873 0.000000
4926.074290 0.000000
4926.110706 0.000000
4926.147123 0.000000
4926.183540 0.000000
4926.219956 0.000000
4926.256373 0.000000
4926.292790 0.000000
4926.329206 0.000000
4926.365623 0.000000
4926.402039 0.000000
4926.438456 0.000000
4926.474873 0.000000
4926.511289 0.000000
4926.547706 0.000000
4926.584122 0.000000
4926.620539 0.000000
4926.656956 0.000000
4926.693372 0.000000
4926.729789 0.000000
4926.766205 0.000000
4926.802622 0.000000
4926.839039 0.000000
4926.875455 0.000000
4926.911872 0.000000
4926.948288 0.000000
4926.984705 0.000000
4927.021122 0.000000
4927.057538 0.000000
4927.093955 0.000000
4927.130371 0.000000
4927.166788 0.000000
4927.203205 0.000000
4927.239621 0.000000
4927.276038 0.000000
4927.312454 0.000000
4927.348871 0.000000
4927.385288 0.000000
4927.421704 0.000000
4927.458121 0.000000
4927.494538 0.000000
4927.530954 0.000000
4927.567371 0.000000
4927.603787 0.000000
4927.640204 0.000000
4927.676621 0.000000
4927.713037 0.000000
4927.749454 0.000000
4927.785870 0.000000
4927.822287 0.000000
4927.858704 0.000000
4927.895120 0.000000
4927.931537 0.000000
4927.967953 0.000000
4928.004370 0.000000
4928.040787 0.000000
4928.077203 0.000000
4928.113620 0.000000
4928.150036 0.000000
4928.186453 0.000000
4928.222870 0.000000
4928.259286 0.000000
4928.295703 0.000000
4928.332119 0.000000
4928.368536 0.000000
4928.404953 0.000000
4928.441369 0.000000
4928.477786 0.000000
4928.514202 0.000000
4928.550619 0.000000
4928.587036 0.000000
4928.623452 0.000000
4928.659869 0.000000
4928.696286 0.000000
4928.732702 0.000000
4928.769119 0.000000
4928.805535 0.000000
4928.841952 0.000000
4928.878369 0.000000
4928.914785 0.000000
4928.951202 0.000000
4928.987618 0.000000
4929.024035 0.000000
4929.060452 0.000000
4929.096868 0.000000
4929.133285 0.000000
4929.169701 0.000000
4929.206118 0.000000
4929.242535 0.000000
4929.278951 0.000000
4929.315368 0.000000
4929.351784 0.000000
4929.388201 0.000000
4929.424618 0.000000
4929.461034 0.000000
4929.497451 0.000000
4929.533867 0.000000
4929.570284 0.000000
4929.606701 0.000000
4929.643117 0.000000
4929.679534 0.000000
4929.715950 0.000000
4929.752367 0.000000
4929.788784 0.000000
4929.825200 0.000000
4929.861617 0.000000
4929.898034 0.000000
4929.934450 0.000000
4929.970867 0.000000
4930.007283 0.000000
4930.043700 0.000000
4930.080117 0.000000
4930.116533 0.000000
4930.152950 0.000000
4930.189366 0.000000
4930.225783 0.000000
4930.262200 0.000000
4930.298616 0.000000
4930.335033 0.000000
4930.371449 0.000000
4930.407866 0.000000
4930.444283 0.000000
4930.480699 0.000000
4930.517116 0.000000
4930.553532 0.000000
4930.589949 0.000000
4930.626366 0.000000
4930.662782 0.000000
4930.699199 0.000000
4930.735615 0.000000
4930.772032 0.000000
4930.808449 0.000000
4930.844865 0.000000
4930.881282 0.000000
4930.917698 0.000000
4930.954115 0.000000
4930.990532 0.000000
4931.026948 0.000000
4931.063365 0.000000
4931.099782 0.000000
4931.136198 0.000000
4931.172615 0.000000
4931.209031 0.000000
4931.245448 0.000000
4931.281865 0.000000
4931.318281 0.000000
4931.354698 0.000000
4931.391114 0.000000
4931.427531 0.000000
4931.463948 0.000000
4931.500364 0.000000
4931.536781 0.000000
4931.573197 0.000000
4931.609614 0.000000
4931.646031 0.000000
4931.682447 0.000000
4931.718864 0.000000
4931.755280 0.000000
4931.791697 0.000000
4931.828114 0.000000
4931.864530 0.000000
4931.900947 0.000000
4931.937363 0.000000
4931.973780 0.000000
4932.010197 0.000000
4932.046613 0.000000
4932.083030 0.000000
4932.119446 0.000000
4932.155863 0.000000
4932.192280 0.000000
4932.228696 0.000000
4932.265113 0.000000
4932.301529 0.000000
4932.337946 0.000000
4932.374363 0.000000
4932.410779 0.000000
4932.447196 0.000000
4932.483613 0.000000
4932.520029 0.000000
4932.556446 0.000000
4932.592862 0.000000
4932.629279 0.000000
4932.665696 0.000000
4932.702112 0.000000
4932.738529 0.000000
4932.774945 0.000000
4932.811362 0.000000
4932.847779 0.000000
4932.884195 0.000000
4932.920612 0.000000
4932.957028 0.000000
4932.993445 0.000000
4933.029862 0.000000
4933.066278 0.000000
4933.102695 0.000000
4933.139111 0.000000
4933.175528 0.000000
4933.211945 0.000000
4933.248361 0.000000
4933.284778 0.000000
4933.321194 0.000000
4933.357611 0.000000
4933.394028 0.000000
4933.430444 0.000000
4933.466861 0.000000
4933.503277 0.000000
4933.539694 0.000000
4933.576111 0.000000
4933.612527 0.000000
4933.648944 0.000000
4933.685361 0.000000
4933.721777 0.000000
4933.758194 0.000000
4933.794610 0.000000
4933.831027 0.000000
4933.867444 0.000000
4933.903860 0.000000
4933.940277 0.000000
4933.976693 0.000000
4934.013110 0.000000
4934.049527 0.000000
4934.085943 0.000000
4934.122360 0.000000
4934.158776 0.000000
4934.195193 0.000000
4934.231610 0.000000
4934.268026 0.000000
4934.304443 0.000000
4934.340859 0.000000
4934.377276 0.000000
4934.413693 0.000000
4934.450109 0.000000
4934.486526 0.000000
4934.522942 0.000000
4934.559359 0.000000
4934.595776 0.000000
4934.632192 0.000000
4934.668609 0.000000
4934.705025 0.000000
4934.741442 0.000000
4934.777859 0.000000
4934.814275 0.000000
4934.850692 0.000000
4934.887109 0.000000
4934.923525 0.000000
4934.959942 0.000000
4934.996358 0.000000
4935.032775 0.000000
4935.069192 0.000000
4935.105608 0.000000
4935.142025 0.000000
4935.178441 0.000000
4935.214858 0.000000
4935.251275 0.000000
4935.287691 0.000000
4935.324108 0.000000
4935.360524 0.000000
4935.396941 0.000000
4935.433358 0.000000
4935.469774 0.000000
4935.506191 0.000000
4935.542607 0.000000
4935.579024 0.000000
4935.615441 0.000000
4935.651857 0.000000
4935.688274 0.000000
4935.724690 0.000000
4935.761107 0.000000
4935.797524 0.000000
4935.833940 0.000000
4935.870357 0.000000
4935.906773 0.000000
4935.943190 0.000000
4935.979607 0.000000
4936.016023 0.000000
4936.052440 0.000000
4936.088857 0.000000
4936.125273 0.000000
4936.161690 0.000000
4936.198106 0.000000
4936.234523 0.000000
4936.270940 0.000000
4936.307356 0.000000
4936.343773 0.000000
4936.380189 0.000000
4936.416606 0.000000
4936.453023 0.000000
4936.489439 0.000000
4936.525856 0.000000
4936.562272 0.000000
4936.598689 0.000000
4936.635106 0.000000
4936.671522 0.000000
4936.707939 0.000000
4936.744355 0.000000
4936.780772 0.000000
4936.817189 0.000000
4936.853605 0.000000
4936.890022 0.000000
4936.926438 0.000000
4936.962855 0.000000
4936.999272 0.000000
4937.035688 0.000000
4937.072105 0.000000
4937.108521 0.000000
4937.144938 0.000000
4937.181355 0.000000
4937.217771 0.000000
4937.254188 0.000000
4937.290605 0.000000
4937.327021 0.000000
4937.363438 0.000000
4937.399854 0.000000
4937.436271 0.000000
4937.472688 0.000000
4937.509104 0.000000
4937.545521 0.000000
4937.581937 0.000000
4937.618354 0.000000
4937.654771 0.000000
4937.691187 0.000000
4937.727604 0.000000
4937.764020 0.000000
4937.800437 0.000000
4937.836854 0.000000
4937.873270 0.000000
4937.909687 0.000000
4937.946103 0.000000
4937.982520 0.000000
4938.018937 0.000000
4938.055353 0.000000
4938.091770 0.000000
4938.128186 0.000000
4938.164603 0.000000
4938.201020 0.000000
4938.237436 0.000000
4938.273853 0.000000
4938.310269 0.000000
4938.346686 0.000000
4938.383103 0.000000
4938.419519 0.000000
4938.455936 0.000000
4938.492353 0.000000
4938.528769 0.000000
4938.565186 0.000000
4938.601602 0.000000
4938.638019 0.000000
4938.674436 0.000000
4938.710852 0.000000
4938.747269 0.000000
4938.783685 0.000000
4938.820102 0.000000
4938.856519 0.000000
4938.892935 0.000000
4938.929352 0.000000
4938.965768 0.000000
4939.002185 0.000000
4939.038602 0.000000
4939.075018 0.000000
4939.111435 0.000000
4939.147851 0.000000
4939.184268 0.000000
4939.220685 0.000000
4939.257101 0.000000
4939.293518 0.000000
4939.329934 0.000000
4939.366351 0.000000
4939.402768 0.000000
4939.439184 0.000000
4939.475601 0.000000
4939.512017 0.000000
4939.548434 0.000000
4939.584851 0.000000
4939.621267 0.000000
4939.657684 0.000000
4939.694101 0.000000
4939.730517 0.000000
4939.766934 0.000000
4939.803350 0.000000
4939.839767 0.000000
4939.876184 0.000000
4939.912600 0.000000
4939.949017 0.000000
4939.985433 0.000000
4940.021850 0.000000
4940.058267 0.000000
4940.094683 0.000000
4940.131100 0.000000
4940.167516 0.000000
4940.203933 0.000000
4940.240350 0.000000
4940.276766 0.000000
4940.313183 0.000000
4940.349599 0.000000
4940.386016 0.000000
4940.422433 0.000000
4940.458849 0.000000
4940.495266 0.000000
4940.531682 0.000000
4940.568099 0.000000
4940.604516 0.000000
4940.640932 0.000000
4940.677349 0.000000
4940.713765 0.000000
4940.750182 0.000000
4940.786599 0.000000
4940.823015 0.000000
4940.859432 0.000000
4940.895849 0.000000
4940.932265 0.000000
4940.968682 0.000000
4941.005098 0.000000
4941.041515 0.000000
4941.077932 0.000000
4941.114348 0.000000
4941.150765 0.000000
4941.187181 0.000000
4941.223598 0.000000
4941.260015 0.000000
4941.296431 0.000000
4941.332848 0.000000
4941.369264 0.000000
4941.405681 0.000000
4941.442098 0.000000
4941.478514 0.000000
4941.514931 0.000000
4941.551347 0.000000
4941.587764 0.000000
4941.624181 0.000000
4941.660597 0.000000
4941.697014 0.000000
4941.733430 0.000000
4941.769847 0.000000
4941.806264 0.000000
4941.842680 0.000000
4941.879097 0.000000
4941.915513 0.000000
4941.951930 0.000000
4941.988347 0.000000
4942.024763 0.000000
4942.061180 0.000000
4942.097597 0.000000
4942.134013 0.000000
4942.170430 0.000000
4942.206846 0.000000
4942.243263 0.000000
4942.279680 0.000000
4942.316096 0.000000
4942.352513 0.000000
4942.388929 0.000000
4942.425346 0.000000
4942.461763 0.000000
4942.498179 0.000000
4942.534596 0.000000
4942.571012 0.000000
4942.607429 0.000000
4942.643846 0.000000
4942.680262 0.000000
4942.716679 0.000000
4942.753095 0.000000
4942.789512 0.000000
4942.825929 0.000000
4942.862345 0.000000
4942.898762 0.000000
4942.935178 0.000000
4942.971595 0.000000
4943.008012 0.000000
4943.044428 0.000000
4943.080845 0.000000
4943.117261 0.000000
4943.153678 0.000000
4943.190095 0.000000
4943.226511 0.000000
4943.262928 0.000000
4943.299345 0.000000
4943.335761 0.000000
4943.372178 0.000000
4943.408594 0.000000
4943.445011 0.000000
4943.481428 0.000000
4943.517844 0.000000
4943.554261 0.000000
4943.590677 0.000000
4943.627094 0.000000
4943.663511 0.000000
4943.699927 0.000000
4943.736344 0.000000
4943.772760 0.000000
4943.809177 0.000000
4943.845594 0.000000
4943.882010 0.000000
4943.918427 0.000000
4943.954843 0.000000
4943.991260 0.000000
4944.027677 0.000000
4944.064093 0.000000
4944.100510 0.000000
4944.136926 0.000000
4944.173343 0.000000
4944.209760 0.000000
4944.246176 0.000000
4944.282593 0.000000
4944.319009 0.000000
4944.355426 0.000000
4944.391843 0.000000
4944.428259 0.000000
4944.464676 0.000000
4944.501092 0.000000
4944.537509 0.000000
4944.573926 0.000000
4944.610342 0.000000
4944.646759 0.000000
4944.683176 0.000000
4944.719592 0.000000
4944.756009 0.000000
4944.792425 0.000000
4944.828842 0.000000
4944.865259 0.000000
4944.901675 0.000000
4944.938092 0.000000
4944.974508 0.000000
4945.010925 0.000000
4945.047342 0.000000
4945.083758 0.000000
4945.120175 0.000000
4945.156591 0.000000
4945.193008 0.000000
4945.229425 0.000000
4945.265841 0.000000
4945.302258 0.000000
4945.338674 0.000000
4945.375091 0.000000
4945.411508 0.000000
4945.447924 0.000000
4945.484341 0.000000
4945.520757 0.000000
4945.557174 0.000000
4945.593591 0.000000
4945.630007 0.000000
4945.666424 0.000000
4945.702840 0.000000
4945.739257 0.000000
4945.775674 0.000000
4945.812090 0.000000
4945.848507 0.000000
4945.884924 0.000000
4945.921340 0.000000
4945.957757 0.000000
4945.994173 0.000000
4946.030590 0.000000
4946.067007 0.000000
4946.103423 0.000000
4946.139840 0.000000
4946.176256 0.000000
4946.212673 0.000000
4946.249090 0.000000
4946.285506 0.000000
4946.321923 0.000000
4946.358339 0.000000
4946.394756 0.000000
4946.431173 0.000000
4946.467589 0.000000
4946.504006 0.000000
4946.540422 0.000000
4946.576839 0.000000
4946.613256 0.000000
4946.649672 0.000000
4946.686089 0.000000
4946.722505 0.000000
4946.758922 0.000000
4946.795339 0.000000
4946.831755 0.000000
4946.868172 0.000000
4946.904588 0.000000
4946.941005 0.000000
4946.977422 0.000000
4947.013838 0.000000
4947.050255 0.000000
4947.086672 0.000000
4947.123088 0.000000
4947.159505 0.000000
4947.195921 0.000000
4947.232338 0.000000
4947.268755 0.000000
4947.305171 0.000000
4947.341588 0.000000
4947.378004 0.000000
4947.414421 0.000000
4947.450838 0.000000
4947.487254 0.000000
4947.523671 0.000000
4947.560087 0.000000
4947.596504 0.000000
4947.632921 0.000000
4947.669337 0.000000
4947.705754 0.000000
4947.742170 0.000000
4947.778587 0.000000
4947.815004 0.000000
4947.851420 0.000000
4947.887837 0.000000
4947.924253 0.000001
4947.960670 0.000001
4947.997087 0.000001
4948.033503 0.000001
4948.069920 0.000001
4948.106336 0.000001
4948.142753 0.000001
4948.179170 0.000001
4948.215586 0.000001
4948.252003 0.000001
4948.288420 0.000001
4948.324836 0.000001
4948.361253 0.000001
4948.397669 0.000001
4948.434086 0.000001
4948.470503 0.000001
4948.506919 0.000001
4948.543336 0.000001
4948.579752 0.000001
4948.616169 0.000001
4948.652586 0.000001
4948.689002 0.000001
4948.725419 0.000001
4948.761835 0.000001
4948.798252 0.000001
4948.834669 0.000001
4948.871085 0.000001
4948.907502 0.000001
4948.943918 0.000001
4948.980335 0.000001
4949.016752 0.000001
4949.053168 0.000001
4949.089585 0.000001
4949.126001 0.000001
4949.162418 0.000001
4949.198835 0.000001
4949.235251 0.000001
4949.271668 0.000001
4949.308084 0.000001
4949.344501 0.000001
4949.380918 0.000001
4949.417334 0.000001
4949.453751 0.000001
4949.490168 0.000001
4949.526584 0.000001
4949.563001 0.000001
4949.599417 0.000001
4949.635834 0.000001
4949.672251 0.000001
4949.708667 0.000001
4949.745084 0.000001
4949.781500 0.000001
4949.817917 0.000001
4949.854334 0.000001
4949.890750 0.000001
4949.927167 0.000001
4949.963583 0.000001
4950.000000 0.000001
4950.036417 0.000001
4950.072833 0.000001
4950.109250 0.000001
4950.145666 0.000001
4950.182083 0.000001
4950.218500 0.000001
4950.254916 0.000001
4950.291333 0.000001
4950.327749 0.000001
4950.364166 0.000001
4950.400583 0.000001
4950.436999 0.000001
4950.473416 0.000001
4950.509832 0.000001
4950.546249 0.000002
4950.582666 0.000002
4950.619082 0.000002
4950.655499 0.000002
4950.691916 0.000002
4950.728332 0.000002
4950.764749 0.000002
4950.801165 0.000002
4950.837582 0.000002
4950.873999 0.000002
4950.910415 0.000002
4950.946832 0.000002
4950.983248 0.000002
4951.019665 0.000002
4951.056082 0.000002
4951.092498 0.000002
4951.128915 0.000002
4951.165331 0.000002
4951.201748 0.000002
4951.238165 0.000002
4951.274581 0.000002
4951.310998 0.000002
4951.347414 0.000002
4951.383831 0.000002
4951.420248 0.000002
4951.456664 0.000002
4951.493081 0.000002
4951.529497 0.000002
4951.565914 0.000002
4951.602331 0.000002
4951.638747 0.000002
4951.675164 0.000002
4951.711580 0.000002
4951.747997 0.000002
4951.784414 0.000002
4951.820830 0.000003
4951.857247 0.000003
4951.893664 0.000003
4951.930080 0.000003
4951.966497 0.000003
4952.002913 0.000003
4952.039330 0.000003
4952.075747 0.000003
4952.112163 0.000003
4952.148580 0.000003
4952.184996 0.000003
4952.221413 0.000003
4952.257830 0.000003
4952.294246 0.000003
4952.330663 0.000003
4952.367079 0.000003
4952.403496 0.000003
4952.439913 0.000003
4952.476329 0.000003
4952.512746 0.000003
4952.549162 0.000003
4952.585579 0.000003
4952.621996 0.000003
4952.658412 0.000004
4952.694829 0.000004
4952.731245 0.000004
4952.767662 0.000004
4952.804079 0.000004
4952.840495 0.000004
4952.876912 0.000004
4952.913328 0.000004
4952.949745 0.000004
4952.986162 0.000004
4953.022578 0.000004
4953.058995 0.000004
4953.095412 0.000004
4953.131828 0.000004
4953.168245 0.000004
4953.204661 0.000004
4953.241078 0.000004
4953.277495 0.000004
4953.313911 0.000005
4953.350328 0.000005
4953.386744 0.000005
4953.423161 0.000005
4953.459578 0.000005
4953.495994 0.000005
4953.532411 0.000005
4953.568827 0.000005
4953.605244 0.000005
4953.641661 0.000005
4953.678077 0.000005
4953.714494 0.000005
4953.750910 0.000005
4953.787327 0.000005
4953.823744 0.000006
4953.860160 0.000006
4953.896577 0.000006
4953.932993 0.000006
4953.969410 0.000006
4954.005827 0.000006
4954.042243 0.000006
4954.078660 0.000006
4954.115076 0.000006
4954.151493 0.000006
4954.187910 0.000006
4954.224326 0.000006
4954.260743 0.000006
4954.297160 0.000007
4954.333576 0.000007
4954.369993 0.000007
4954.406409 0.000007
4954.442826 0.000007
4954.479243 0.000007
4954.515659 0.000007
4954.552076 0.000007
4954.588492 0.000007
4954.624909 0.000007
4954.661326 0.000008
4954.697742 0.000008
4954.734159 0.000008
4954.770575 0.000008
4954.806992 0.000008
4954.843409 0.000008
4954.879825 0.000008
4954.916242 0.000008
4954.952658 0.000008
4954.989075 0.000009
4955.025492 0.000009
4955.061908 0.000009
4955.098325 0.000009
4955.134741 0.000009
4955.171158 0.000009
4955.207575 0.000009
4955.243991 0.000009
4955.280408 0.000010
4955.316824 0.000010
4955.353241 0.000010
4955.389658 0.000010
4955.426074 0.000010
4955.462491 0.000010
4955.498908 0.000010
4955.535324 0.000010
4955.571741 0.000011
4955.608157 0.000011
4955.644574 0.000011
4955.680991 0.000011
4955.717407 0.000011
4955.753824 0.000011
4955.790240 0.000011
4955.826657 0.000012
4955.863074 0.000012
4955.899490 0.000012
4955.935907 0.000012
4955.972323 0.000012
4956.008740 0.000012
4956.045157 0.000013
4956.081573 0.000013
4956.117990 0.000013
4956.154406 0.000013
4956.190823 0.000013
4956.227240 0.000013
4956.263656 0.000014
4956.300073 0.000014
4956.336489 0.000014
4956.372906 0.000014
4956.409323 0.000014
4956.445739 0.000015
4956.482156 0.000015
4956.518572 0.000015
4956.554989 0.000015
4956.591406 0.000015
4956.627822 0.000016
4956.664239 0.000016
4956.700655 0.000016
4956.737072 0.000016
4956.773489 0.000016
4956.809905 0.000017
4956.846322 0.000017
4956.882739 0.000017
4956.919155 0.000017
4956.955572 0.000018
4956.991988 0.000018
4957.028405 0.000018
4957.064822 0.000018
4957.101238 0.000018
4957.137655 0.000019
4957.174071 0.000019
4957.210488 0.000019
4957.246905 0.000019
4957.283321 0.000020
4957.319738 0.000020
4957.356154 0.000020
4957.392571 0.000020
4957.428988 0.000021
4957.465404 0.000021
4957.501821 0.000021
4957.538237 0.000022
4957.574654 0.000022
4957.611071 0.000022
4957.647487 0.000022
4957.683904 0.000023
4957.720320 0.000023
4957.756737 0.000023
4957.793154 0.000024
4957.829570 0.000024
4957.865987 0.000024
4957.902403 0.000025
4957.938820 0.000025
4957.975237 0.000025
4958.011653 0.000025
4958.048070 0.000026
4958.084487 0.000026
4958.120903 0.000026
4958.157320 0.000027
4958.193736 0.000027
4958.230153 0.000027
4958.266570 0.000028
4958.302986 0.000028
4958.339403 0.000029
4958.375819 0.000029
4958.412236 0.000029
4958.448653 0.000030
4958.485069 0.000030
4958.521486 0.000030
4958.557902 0.000031
4958.594319 0.000031
4958.630736 0.000032
4958.667152 0.000032
4958.703569 0.000032
4958.739985 0.000033
4958.776402 0.000033
4958.812819 0.000034
4958.849235 0.000034
4958.885652 0.000034
4958.922068 0.000035
4958.958485 0.000035
4958.994902 0.000036
4959.031318 0.000036
4959.067735 0.000037
4959.104151 0.000037
4959.140568 0.000038
4959.176985 0.000038
4959.213401 0.000039
4959.249818 0.000039
4959.286235 0.000040
4959.322651 0.000040
4959.359068 0.000041
4959.395484 0.000041
4959.431901 0.000042
4959.468318 0.000042
4959.504734 0.000043
4959.541151 0.000043
4959.577567 0.000044
4959.613984 0.000044
4959.650401 0.000045
4959.686817 0.000045
4959.723234 0.000046
4959.759650 0.000046
4959.796067 0.000047
4959.832484 0.000048
4959.868900 0.000048
4959.905317 0.000049
4959.941733 0.000049
4959.978150 0.000050
4960.014567 0.000051
4960.050983 0.000051
4960.087400 0.000052
4960.123816 0.000052
4960.160233 0.000053
4960.196650 0.000054
4960.233066 0.000054
4960.269483 0.000055
4960.305899 0.000056
4960.342316 0.000056
4960.378733 0.000057
4960.415149 0.000058
4960.451566 0.000058
4960.487983 0.000059
4960.524399 0.000060
4960.560816 0.000061
4960.597232 0.000061
4960.633649 0.000062
4960.670066 0.000063
4960.706482 0.000064
4960.742899 0.000064
4960.779315 0.000065
4960.815732 0.000066
4960.852149 0.000067
4960.888565 0.000068
4960.924982 0.000068
4960.961398 0.000069
4960.997815 0.000070
4961.034232 0.000071
4961.070648 0.000072
4961.107065 0.000073
4961.143481 0.000073
4961.179898 0.000074
4961.216315 0.000075
4961.252731 0.000076
4961.289148 0.000077
4961.325564 0.000078
4961.361981 0.000079
4961.398398 0.000080
4961.434814 0.000081
4961.471231 0.000082
4961.507647 0.000083
4961.544064 0.000084
4961.580481 0.000085
4961.616897 0.000086
4961.653314 0.000087
4961.689731 0.000088
4961.726147 0.000089
4961.762564 0.000090
4961.798980 0.000091
4961.835397 0.000092
4961.871814 0.000093
4961.908230 0.000094
4961.944647 0.000095
4961.981063 0.000096
4962.017480 0.000097
4962.053897 0.000098
4962.090313 0.000100
4962.126730 0.000101
4962.163146 0.000102
4962.199563 0.000103
4962.235980 0.000104
4962.272396 0.000106
4962.308813 0.000107
4962.345229 0.000108
4962.381646 0.000109
4962.418063 0.000110
4962.454479 0.000112
4962.490896 0.000113
4962.527312 0.000114
4962.563729 0.000116
4962.600146 0.000117
4962.636562 0.000118
4962.672979 0.000120
4962.709395 0.000121
4962.745812 0.000122
4962.782229 0.000124
4962.818645 0.000125
4962.855062 0.000127
4962.891479 0.000128
4962.927895 0.000130
4962.964312 0.000131
4963.000728 0.000133
4963.037145 0.000134
4963.073562 0.000136
4963.109978 0.000137
4963.146395 0.000139
4963.182811 0.000140
4963.219228 0.000142
4963.255645 0.000144
4963.292061 0.000145
4963.328478 0.000147
4963.364894 0.000149
4963.401311 0.000150
4963.437728 0.000152
4963.474144 0.000154
4963.510561 0.000155
4963.546977 0.000157
4963.583394 0.000159
4963.619811 0.000161
4963.656227 0.000162
4963.692644 0.000164
4963.729060 0.000166
4963.765477 0.000168
4963.801894 0.000170
4963.838310 0.000172
4963.874727 0.000174
4963.911143 0.000176
4963.947560 0.000178
4963.983977 0.000180
4964.020393 0.000182
4964.056810 0.000184
4964.093227 0.000186
4964.129643 0.000188
4964.166060 0.000190
4964.202476 0.000192
4964.238893 0.000194
4964.275310 0.000196
4964.311726 0.000198
4964.348143 0.000200
4964.384559 0.000203
4964.420976 0.000205
4964.457393 0.000207
4964.493809 0.000209
4964.530226 0.000212
4964.566642 0.000214
4964.603059 0.000216
4964.639476 0.000219
4964.675892 0.000221
4964.712309 0.000224
4964.748725 0.000226
4964.785142 0.000229
4964.821559 0.000231
4964.857975 0.000234
4964.894392 0.000236
4964.930808 0.000239
4964.967225 0.000241
4965.003642 0.000244
4965.040058 0.000246
4965.076475 0.000249
4965.112891 0.000252
4965.149308 0.000255
4965.185725 0.000257
4965.222141 0.000260
4965.258558 0.000263
4965.294975 0.000266
4965.331391 0.000269
4965.367808 0.000271
4965.404224 0.000274
4965.440641 0.000277
4965.477058 0.000280
4965.513474 0.000283
4965.549891 0.000286
4965.586307 0.000289
4965.622724 0.000292
4965.659141 0.000296
4965.695557 0.000299
4965.731974 0.000302
4965.768390 0.000305
4965.804807 0.000308
4965.841224 0.000312
4965.877640 0.000315
4965.914057 0.000318
4965.950473 0.000322
4965.986890 0.000325
4966.023307 0.000328
4966.059723 0.000332
4966.096140 0.000335
4966.132556 0.000339
4966.168973 0.000343
4966.205390 0.000346
4966.241806 0.000350
4966.278223 0.000353
4966.314639 0.000357
4966.351056 0.000361
4966.387473 0.000365
4966.423889 0.000369
4966.460306 0.000372
4966.496723 0.000376
4966.533139 0.000380
4966.569556 0.000384
4966.605972 0.000388
4966.642389 0.000392
4966.678806 0.000396
4966.715222 0.000400
4966.751639 0.000404
4966.788055 0.000409
4966.824472 0.000413
4966.860889 0.000417
4966.897305 0.000421
4966.933722 0.000426
4966.970138 0.000430
4967.006555 0.000435
4967.042972 0.000439
4967.079388 0.000444
4967.115805 0.000448
4967.152221 0.000453
4967.188638 0.000457
4967.225055 0.000462
4967.261471 0.000467
4967.297888 0.000471
4967.334304 0.000476
4967.370721 0.000481
4967.407138 0.000486
4967.443554 0.000491
4967.479971 0.000496
4967.516387 0.000501
4967.552804 0.000506
4967.589221 0.000511
4967.625637 0.000516
4967.662054 0.000522
4967.698471 0.000527
4967.734887 0.000532
4967.771304 0.000538
4967.807720 0.000543
4967.844137 0.000548
4967.880554 0.000554
4967.916970 0.000559
4967.953387 0.000565
4967.989803 0.000571
4968.026220 0.000576
4968.062637 0.000582
4968.099053 0.000588
4968.135470 0.000594
4968.171886 0.000600
4968.208303 0.000606
4968.244720 0.000612
4968.281136 0.000618
4968.317553 0.000624
4968.353969 0.000630
4968.390386 0.000636
4968.426803 0.000643
4968.463219 0.000649
4968.499636 0.000655
4968.536052 0.000662
4968.572469 0.000668
4968.608886 0.000675
4968.645302 0.000682
4968.681719 0.000688
4968.718135 0.000695
4968.754552 0.000702
4968.790969 0.000709
4968.827385 0.000716
4968.863802 0.000723
4968.900218 0.000730
4968.936635 0.000737
4968.973052 0.000744
4969.009468 0.000751
4969.045885 0.000758
4969.082302 0.000766
4969.118718 0.000773
4969.155135 0.000781
4969.191551 0.000788
4969.227968 0.000796
4969.264385 0.000803
4969.300801 0.000811
4969.337218 0.000819
4969.373634 0.000827
4969.410051 0.000835
4969.446468 0.000843
4969.482884 0.000851
4969.519301 0.000859
4969.555717 0.000867
4969.592134 0.000876
4969.628551 0.000884
4969.664967 0.000892
4969.701384 0.000901
4969.737800 0.000909
4969.774217 0.000918
4969.810634 0.000927
4969.847050 0.000936
4969.883467 0.000944
4969.919883 0.000953
4969.956300 0.000962
4969.992717 0.000972
4970.029133 0.000981
4970.065550 0.000990
4970.101966 0.000999
4970.138383 0.001009
4970.174800 0.001018
4970.211216 0.001028
4970.247633 0.001037
4970.284050 0.001047
4970.320466 0.001057
4970.356883 0.001067
4970.393299 0.001077
4970.429716 0.001087
4970.466133 0.001097
4970.502549 0.001107
4970.538966 0.001117
4970.575382 0.001128
4970.611799 0.001138
4970.648216 0.001149
4970.684632 0.001159
4970.721049 0.001170
4970.757465 0.001181
4970.793882 0.001192
4970.830299 0.001203
4970.866715 0.001214
4970.903132 0.001225
4970.939548 0.001236
4970.975965 0.001247
4971.012382 0.001259
4971.048798 0.001270
4971.085215 0.001282
4971.121631 0.001294
4971.158048 0.001305
4971.194465 0.001317
4971.230881 0.001329
4971.267298 0.001341
4971.303714 0.001353
4971.340131 0.001366
4971.376548 0.001378
4971.412964 0.001391
4971.449381 0.001403
4971.485798 0.001416
4971.522214 0.001429
4971.558631 0.001441
4971.595047 0.001454
4971.631464 0.001467
4971.667881 0.001481
4971.704297 0.001494
4971.740714 0.001507
4971.777130 0.001521
4971.813547 0.001534
4971.849964 0.001548
4971.886380 0.001562
4971.922797 0.001576
4971.959213 0.001590
4971.995630 0.001604
4972.032047 0.001618
4972.068463 0.001632
4972.104880 0.001647
4972.141296 0.001661
4972.177713 0.001676
4972.214130 0.001691
4972.250546 0.001706
4972.286963 0.001721
4972.323379 0.001736
4972.359796 0.001751
4972.396213 0.001766
4972.432629 0.001782
4972.469046 0.001797
4972.505462 0.001813
4972.541879 0.001829
4972.578296 0.001845
4972.614712 0.001861
4972.651129 0.001877
4972.687546 0.001893
4972.723962 0.001910
4972.760379 0.001926
4972.796795 0.001943
4972.833212 0.001960
4972.869629 0.001977
4972.906045 0.001994
4972.942462 0.002011
4972.978878 0.002028
4973.015295 0.002046
4973.051712 0.002063
4973.088128 0.002081
4973.124545 0.002099
4973.160961 0.002117
4973.197378 0.002135
4973.233795 0.002153
4973.270211 0.002171
4973.306628 0.002190
4973.343044 0.002208
4973.379461 0.002227
4973.415878 0.002246
4973.452294 0.002265
4973.488711 0.002284
4973.525127 0.002303
4973.561544 0.002323
4973.597961 0.002342
4973.634377 0.002362
4973.670794 0.002382
4973.707210 0.002402
4973.743627 0.002422
4973.780044 0.002442
4973.816460 0.002463
4973.852877 0.002483
4973.889294 0.002504
4973.925710 0.002525
4973.962127 0.002546
4973.998543 0.002567
4974.034960 0.002588
4974.071377 0.002610
4974.107793 0.002632
4974.144210 0.002653
4974.180626 0.002675
4974.217043 0.002697
4974.253460 0.002720
4974.289876 0.002742
4974.326293 0.002764
4974.362709 0.002787
4974.399126 0.002810
4974.435543 0.002833
4974.471959 0.002856
4974.508376 0.002880
4974.544792 0.002903
4974.581209 0.002927
4974.617626 0.002950
4974.654042 0.002974
4974.690459 0.002999
4974.726875 0.003023
4974.763292 0.003047
4974.799709 0.003072
4974.836125 0.003097
4974.872542 0.003122
4974.908958 0.003147
4974.945375 0.003172
4974.981792 0.003198
4975.018208 0.003223
4975.054625 0.003249
4975.091042 0.003275
4975.127458 0.003301
4975.163875 0.003328
4975.200291 0.003354
4975.236708 0.003381
4975.273125 0.003408
4975.309541 0.003435
4975.345958 0.003462
4975.382374 0.003490
4975.418791 0.003517
4975.455208 0.003545
4975.491624 0.003573
4975.528041 0.003601
4975.564457 0.003630
4975.600874 0.003658
4975.637291 0.003687
4975.673707 0.003716
4975.710124 0.003745
4975.746540 0.003774
4975.782957 0.003804
4975.819374 0.003833
4975.855790 0.003863
4975.892207 0.003893
4975.928623 0.003923
4975.965040 0.003954
4976.001457 0.003985
4976.037873 0.004015
4976.074290 0.004046
4976.110706 0.004078
4976.147123 0.004109
4976.183540 0.004141
4976.219956 0.004173
4976.256373 0.004205
4976.292790 0.004237
4976.329206 0.004269
4976.365623 0.004302
4976.402039 0.004335
4976.438456 0.004368
4976.474873 0.004401
4976.511289 0.004435
4976.547706 0.004468
4976.584122 0.004502
4976.620539 0.004536
4976.656956 0.004571
4976.693372 0.004605
4976.729789 0.004640
4976.766205 0.004675
4976.802622 0.004710
4976.839039 0.004745
4976.875455 0.004781
4976.911872 0.004817
4976.948288 0.004853
4976.984705 0.004889
4977.021122 0.004925
4977.057538 0.004962
4977.093955 0.004999
4977.130371 0.005036
4977.166788 0.005074
4977.203205 0.005111
4977.239621 0.005149
4977.276038 0.005187
4977.312454 0.005225
4977.348871 0.005264
4977.385288 0.005303
4977.421704 0.005342
4977.458121 0.005381
4977.494538 0.005420
4977.530954 0.005460
4977.567371 0.005500
4977.603787 0.005540
4977.640204 0.005580
4977.676621 0.005621
4977.713037 0.005662
4977.749454 0.005703
4977.785870 0.005744
4977.822287 0.005786
4977.858704 0.005827
4977.895120 0.005870
4977.931537 0.005912
4977.967953 0.005954
4978.004370 0.005997
4978.040787 0.006040
4978.077203 0.006083
4978.113620 0.006127
4978.150036 0.006171
4978.186453 0.006215
4978.222870 0.006259
4978.259286 0.006303
4978.295703 0.006348
4978.332119 0.006393
4978.368536 0.006439
4978.404953 0.006484
4978.441369 0.006530
4978.477786 0.006576
4978.514202 0.006622
4978.550619 0.006669
4978.587036 0.006716
4978.623452 0.006763
4978.659869 0.006810
4978.696286 0.006858
4978.732702 0.006905
4978.769119 0.006954
4978.805535 0.007002
4978.841952 0.007051
4978.878369 0.007100
4978.914785 0.007149
4978.951202 0.007198
4978.987618 0.007248
4979.024035 0.007298
4979.060452 0.007348
4979.096868 0.007399
4979.133285 0.007449
4979.169701 0.007501
4979.206118 0.007552
4979.242535 0.007604
4979.278951 0.007655
4979.315368 0.007708
4979.351784 0.007760
4979.388201 0.007813
4979.424618 0.007866
4979.461034 0.007919
4979.497451 0.007973
4979.533867 0.008027
4979.570284 0.008081
4979.606701 0.008135
4979.643117 0.008190
4979.679534 0.008245
4979.715950 0.008300
4979.752367 0.008356
4979.788784 0.008411
4979.825200 0.008467
4979.861617 0.008524
4979.898034 0.008581
4979.934450 0.008638
4979.970867 0.008695
4980.007283 0.008752
4980.043700 0.008810
4980.080117 0.008868
4980.116533 0.008927
4980.152950 0.008986
4980.189366 0.009045
4980.225783 0.009104
4980.262200 0.009164
4980.298616 0.009223
4980.335033 0.009284
4980.371449 0.009344
4980.407866 0.009405
4980.444283 0.009466
4980.480699 0.009528
4980.517116 0.009589
4980.553532 0.009651
4980.589949 0.009714
4980.626366 0.009776
4980.662782 0.009839
4980.699199 0.009902
4980.735615 0.009966
4980.772032 0.010030
4980.808449 0.010094
4980.844865 0.010158
4980.881282 0.010223
4980.917698 0.010288
4980.954115 0.010353
4980.990532 0.010419
4981.026948 0.010485
4981.063365 0.010551
4981.099782 0.010618
4981.136198 0.010685
4981.172615 0.010752
4981.209031 0.010820
4981.245448 0.010888
4981.281865 0.010956
4981.318281 0.011024
4981.354698 0.011093
4981.391114 0.011162
4981.427531 0.011232
4981.463948 0.011301
4981.500364 0.011372
4981.536781 0.011442
4981.573197 0.011513
4981.609614 0.011584
4981.646031 0.011655
4981.682447 0.011727
4981.718864 0.011799
4981.755280 0.011871
4981.791697 0.011944
4981.828114 0.012017
4981.864530 0.012090
4981.900947 0.012163
4981.937363 0.012237
4981.973780 0.012312
4982.010197 0.012386
4982.046613 0.012461
4982.083030 0.012536
4982.119446 0.012612
4982.155863 0.012688
4982.192280 0.012764
4982.228696 0.012840
4982.265113 0.012917
4982.301529 0.012994
4982.337946 0.013072
4982.374363 0.013150
4982.410779 0.013228
4982.447196 0.013307
4982.483613 0.013385
4982.520029 0.013464
4982.556446 0.013544
4982.592862 0.013624
4982.629279 0.013704
4982.665696 0.013784
4982.702112 0.013865
4982.738529 0.013946
4982.774945 0.014028
4982.811362 0.014110
4982.847779 0.014192
4982.884195 0.014274
4982.920612 0.014357
4982.957028 0.014440
4982.993445 0.014524
4983.029862 0.014608
4983.066278 0.014692
4983.102695 0.014776
4983.139111 0.014861
4983.175528 0.014946
4983.211945 0.015032
4983.248361 0.015117
4983.284778 0.015204
4983.321194 0.015290
4983.357611 0.015377
4983.394028 0.015464
4983.430444 0.015551
4983.466861 0.015639
4983.503277 0.015727
4983.539694 0.015816
4983.576111 0.015905
4983.612527 0.015994
4983.648944 0.016083
4983.685361 0.016173
4983.721777 0.016263
4983.758194 0.016354
4983.794610 0.016445
4983.831027 0.016536
4983.867444 0.016628
4983.903860 0.016719
4983.940277 0.016812
4983.976693 0.016904
4984.013110 0.016997
4984.049527 0.017090
4984.085943 0.017184
4984.122360 0.017278
4984.158776 0.017372
4984.195193 0.017466
4984.231610 0.017561
4984.268026 0.017657
4984.304443 0.017752
4984.340859 0.017848
4984.377276 0.017944
4984.413693 0.018041
4984.450109 0.018138
4984.486526 0.018235
4984.522942 0.018332
4984.559359 0.018430
4984.595776 0.018529
4984.632192 0.018627
4984.668609 0.018726
4984.705025 0.018825
4984.741442 0.018925
4984.777859 0.019025
4984.814275 0.019125
4984.850692 0.019226
4984.887109 0.019327
4984.923525 0.019428
4984.959942 0.019529
4984.996358 0.019631
4985.032775 0.019733
4985.069192 0.019836
4985.105608 0.019939
4985.142025 0.020042
4985.178441 0.020146
4985.214858 0.020250
4985.251275 0.020354
4985.287691 0.020458
4985.324108 0.020563
4985.360524 0.020668
4985.396941 0.020774
4985.433358 0.020880
4985.469774 0.020986
4985.506191 0.021092
4985.542607 0.021199
4985.579024 0.021306
4985.615441 0.021414
4985.651857 0.021522
4985.688274 0.021630
4985.724690 0.021738
4985.761107 0.021847
4985.797524 0.021956
4985.833940 0.022065
4985.870357 0.022175
4985.906773 0.022285
4985.943190 0.022395
4985.979607 0.022506
4986.016023 0.022617
4986.052440 0.022728
4986.088857 0.022840
4986.125273 0.022952
4986.161690 0.023064
4986.198106 0.023177
4986.234523 0.023289
4986.270940 0.023403
4986.307356 0.023516
4986.343773 0.023630
4986.380189 0.023744
4986.416606 0.023858
4986.453023 0.023973
4986.489439 0.024088
4986.525856 0.024204
4986.562272 0.024319
4986.598689 0.024435
4986.635106 0.024551
4986.671522 0.024668
4986.707939 0.024785
4986.744355 0.024902
4986.780772 0.025019
4986.817189 0.025137
4986.853605 0.025255
4986.890022 0.025373
4986.926438 0.025492
4986.962855 0.025611
4986.999272 0.025730
4987.035688 0.025850
4987.072105 0.025970
4987.108521 0.026090
4987.144938 0.026210
4987.181355 0.026331
4987.217771 0.026452
4987.254188 0.026573
4987.290605 0.026694
4987.327021 0.026816
4987.363438 0.026938
4987.399854 0.027061
4987.436271 0.027183
4987.472688 0.027306
4987.509104 0.027429
4987.545521 0.027553
4987.581937 0.027677
4987.618354 0.027801
4987.654771 0.027925
4987.691187 0.028049
4987.727604 0.028174
4987.764020 0.028299
4987.800437 0.028425
4987.836854 0.028550
4987.873270 0.028676
4987.909687 0.028802
4987.946103 0.028929
4987.982520 0.029056
4988.018937 0.029182
4988.055353 0.029310
4988.091770 0.029437
4988.128186 0.029565
4988.164603 0.029693
4988.201020 0.029821
4988.237436 0.029949
4988.273853 0.030078
4988.310269 0.030207
4988.346686 0.030336
4988.383103 0.030466
4988.419519 0.030595
4988.455936 0.030725
4988.492353 0.030855
4988.528769 0.030986
4988.565186 0.031116
4988.601602 0.031247
4988.638019 0.031378
4988.674436 0.031510
4988.710852 0.031641
4988.747269 0.031773
4988.783685 0.031905
4988.820102 0.032037
4988.856519 0.032169
4988.892935 0.032302
4988.929352 0.032435
4988.965768 0.032568
4989.002185 0.032701
4989.038602 0.032835
4989.075018 0.032968
4989.111435 0.033102
4989.147851 0.033237
4989.184268 0.033371
4989.220685 0.033505
4989.257101 0.033640
4989.293518 0.033775
4989.329934 0.033910
4989.366351 0.034045
4989.402768 0.034181
4989.439184 0.034317
4989.475601 0.034453
4989.512017 0.034589
4989.548434 0.034725
4989.584851 0.034861
4989.621267 0.034998
4989.657684 0.035135
4989.694101 0.035272
4989.730517 0.035409
4989.766934 0.035546
4989.803350 0.035684
4989.839767 0.035821
4989.876184 0.035959
4989.912600 0.036097
4989.949017 0.036235
4989.985433 0.036373
4990.021850 0.036512
4990.058267 0.036651
4990.094683 0.036789
4990.131100 0.036928
4990.167516 0.037067
4990.203933 0.037206
4990.240350 0.037346
4990.276766 0.037485
4990.313183 0.037625
4990.349599 0.037765
4990.386016 0.037904
4990.422433 0.038045
4990.458849 0.038185
4990.495266 0.038325
4990.531682 0.038465
4990.568099 0.038606
4990.604516 0.038746
4990.640932 0.038887
4990.677349 0.039028
4990.713765 0.039169
4990.750182 0.039310
4990.786599 0.039451
4990.823015 0.039593
4990.859432 0.039734
4990.895849 0.039876
4990.932265 0.040017
4990.968682 0.040159
4991.005098 0.040301
4991.041515 0.040443
4991.077932 0.040584
4991.114348 0.040726
4991.150765 0.040869
4991.187181 0.041011
4991.223598 0.041153
4991.260015 0.041295
4991.296431 0.041438
4991.332848 0.041580
4991.369264 0.041723
4991.405681 0.041866
4991.442098 0.042008
4991.478514 0.042151
4991.514931 0.042294
4991.551347 0.042437
4991.587764 0.042579
4991.624181 0.042722
4991.660597 0.042865
4991.697014 0.043008
4991.733430 0.043151
4991.769847 0.043295
4991.806264 0.043438
4991.842680 0.043581
4991.879097 0.043724
4991.915513 0.043867
4991.951930 0.044010
4991.988347 0.044154
4992.024763 0.044297
4992.061180 0.044440
4992.097597 0.044584
4992.134013 0.044727
4992.170430 0.044870
4992.206846 0.045013
4992.243263 0.045157
4992.279680 0.045300
4992.316096 0.045443
4992.352513 0.045587
4992.388929 0.045730
4992.425346 0.045873
4992.461763 0.046016
4992.498179 0.046160
4992.534596 0.046303
4992.571012 0.046446
4992.607429 0.046589
4992.643846 0.046732
4992.680262 0.046875
4992.716679 0.047018
4992.753095 0.047161
4992.789512 0.047304
4992.825929 0.047447
4992.862345 0.047590
4992.898762 0.047733
4992.935178 0.047875
4992.971595 0.048018
4993.008012 0.048161
4993.044428 0.048303
4993.080845 0.048446
4993.117261 0.048588
4993.153678 0.048730
4993.190095 0.048872
4993.226511 0.049015
4993.262928 0.049157
4993.299345 0.049299
4993.335761 0.049441
4993.372178 0.049582
4993.408594 0.049724
4993.445011 0.049866
4993.481428 0.050007
4993.517844 0.050149
4993.554261 0.050290
4993.590677 0.050431
4993.627094 0.050572
4993.663511 0.050713
4993.699927 0.050854
4993.736344 0.050995
4993.772760 0.051135
4993.809177 0.051276
4993.845594 0.051416
4993.882010 0.051556
4993.918427 0.051696
4993.954843 0.051836
4993.991260 0.051976
4994.027677 0.052116
4994.064093 0.052255
4994.100510 0.052394
4994.136926 0.052534
4994.173343 0.052673
4994.209760 0.052812
4994.246176 0.052950
4994.282593 0.053089
4994.319009 0.053227
4994.355426 0.053365
4994.391843 0.053503
4994.428259 0.053641
4994.464676 0.053779
4994.501092 0.053916
4994.537509 0.054054
4994.573926 0.054191
4994.610342 0.054328
4994.646759 0.054465
4994.683176 0.054601
4994.719592 0.054738
4994.756009 0.054874
4994.792425 0.055010
4994.828842 0.055146
4994.865259 0.055281
4994.901675 0.055416
4994.938092 0.055552
4994.974508 0.055687
4995.010925 0.055821
4995.047342 0.055956
4995.083758 0.056090
4995.120175 0.056224
4995.156591 0.056358
4995.193008 0.056492
4995.229425 0.056625
4995.265841 0.056759
4995.302258 0.056892
4995.338674 0.057024
4995.375091 0.057157
4995.411508 0.057289
4995.447924 0.057421
4995.484341 0.057553
4995.520757 0.057685
4995.557174 0.057816
4995.593591 0.057948
4995.630007 0.058079
4995.666424 0.058209
4995.702840 0.058340
4995.739257 0.058470
4995.775674 0.058600
4995.812090 0.058730
4995.848507 0.058860
4995.884924 0.058989
4995.921340 0.059118
4995.957757 0.059247
4995.994173 0.059376
4996.030590 0.059504
4996.067007 0.059632
4996.103423 0.059760
4996.139840 0.059888
4996.176256 0.060016
4996.212673 0.060143
4996.249090 0.060270
4996.285506 0.060397
4996.321923 0.060524
4996.358339 0.060650
4996.394756 0.060777
4996.431173 0.060903
4996.467589 0.061029
4996.504006 0.061154
4996.540422 0.061280
4996.576839 0.061405
4996.613256 0.061531
4996.649672 0.061656
4996.686089 0.061780
4996.722505 0.061905
4996.758922 0.062029
4996.795339 0.062154
4996.831755 0.062278
4996.868172 0.062402
4996.904588 0.062526
4996.941005 0.062650
4996.977422 0.062774
4997.013838 0.062897
4997.050255 0.063021
4997.086672 0.063144
4997.123088 0.063267
4997.159505 0.063390
4997.195921 0.063514
4997.232338 0.063637
4997.268755 0.063760
4997.305171 0.063883
4997.341588 0.064006
4997.378004 0.064129
4997.414421 0.064252
4997.450838 0.064375
4997.487254 0.064498
4997.523671 0.064621
4997.560087 0.064745
4997.596504 0.064868
4997.632921 0.064991
4997.669337 0.065115
4997.705754 0.065239
4997.742170 0.065363
4997.778587 0.065487
4997.815004 0.065611
4997.851420 0.065735
4997.887837 0.065860
4997.924253 0.065985
4997.960670 0.066110
4997.997087 0.066236
4998.033503 0.066361
4998.069920 0.066488
4998.106336 0.066614
4998.142753 0.066741
4998.179170 0.066869
4998.215586 0.066996
4998.252003 0.067125
4998.288420 0.067254
4998.324836 0.067383
4998.361253 0.067513
4998.397669 0.067644
4998.434086 0.067775
4998.470503 0.067907
4998.506919 0.068040
4998.543336 0.068173
4998.579752 0.068307
4998.616169 0.068443
4998.652586 0.068579
4998.689002 0.068715
4998.725419 0.068853
4998.761835 0.068992
4998.798252 0.069132
4998.834669 0.069273
4998.871085 0.069415
4998.907502 0.069559
4998.943918 0.069703
4998.980335 0.069849
4999.016752 0.069996
4999.053168 0.070145
4999.089585 0.070295
4999.126001 0.070447
4999.162418 0.070600
4999.198835 0.070755
4999.235251 0.070911
4999.271668 0.071070
4999.308084 0.071230
4999.344501 0.071392
4999.380918 0.071556
4999.417334 0.071722
4999.453751 0.071890
4999.490168 0.072060
4999.526584 0.072232
4999.563001 0.072407
4999.599417 0.072584
4999.635834 0.072764
4999.672251 0.072946
4999.708667 0.073131
4999.745084 0.073318
4999.781500 0.073509
4999.817917 0.073702
4999.854334 0.073898
4999.890750 0.074097
4999.927167 0.074300
4999.963583 0.074505
5000.000000 0.074714
5000.036417 0.074927
5000.072833 0.075143
5000.109250 0.075362
5000.145666 0.075586
5000.182083 0.075813
5000.218500 0.076044
5000.254916 0.076279
5000.291333 0.076519
5000.327749 0.076763
5000.364166 0.077011
5000.400583 0.077264
5000.436999 0.077521
5000.473416 0.077783
5000.509832 0.078050
5000.546249 0.078322
5000.582666 0.078599
5000.619082 0.078882
5000.655499 0.079170
5000.691916 0.079463
5000.728332 0.079762
5000.764749 0.080067
5000.801165 0.080378
5000.837582 0.080695
5000.873999 0.081018
5000.910415 0.081348
5000.946832 0.081684
5000.983248 0.082027
5001.019665 0.082376
5001.056082 0.082733
5001.092498 0.083096
5001.128915 0.083467
5001.165331 0.083846
5001.201748 0.084232
5001.238165 0.084626
5001.274581 0.085027
5001.310998 0.085437
5001.347414 0.085855
5001.383831 0.086282
5001.420248 0.086717
5001.456664 0.087161
5001.493081 0.087613
5001.529497 0.088075
5001.565914 0.088546
5001.602331 0.089027
5001.638747 0.089517
5001.675164 0.090017
5001.711580 0.090527
5001.747997 0.091048
5001.784414 0.091578
5001.820830 0.092119
5001.857247 0.092671
5001.893664 0.093234
5001.930080 0.093808
5001.966497 0.094393
5002.002913 0.094990
5002.039330 0.095598
5002.075747 0.096218
5002.112163 0.096851
5002.148580 0.097495
5002.184996 0.098152
5002.221413 0.098821
5002.257830 0.099504
5002.294246 0.100199
5002.330663 0.100907
5002.367079 0.101629
5002.403496 0.102365
5002.439913 0.103114
5002.476329 0.103877
5002.512746 0.104654
5002.549162 0.105446
5002.585579 0.106252
5002.621996 0.107072
5002.658412 0.107908
5002.694829 0.108759
5002.731245 0.109625
5002.767662 0.110506
5002.804079 0.111403
5002.840495 0.112316
5002.876912 0.113244
5002.913328 0.114189
5002.949745 0.115150
5002.986162 0.116128
5003.022578 0.117122
5003.058995 0.118133
5003.095412 0.119161
5003.131828 0.120206
5003.168245 0.121269
5003.204661 0.122349
5003.241078 0.123447
5003.277495 0.124562
5003.313911 0.125695
5003.350328 0.126846
5003.386744 0.128016
5003.423161 0.129204
5003.459578 0.130410
5003.495994 0.131635
5003.532411 0.132879
5003.568827 0.134141
5003.605244 0.135422
5003.641661 0.136723
5003.678077 0.138042
5003.714494 0.139381
5003.750910 0.140739
5003.787327 0.142117
5003.823744 0.143514
5003.860160 0.144931
5003.896577 0.146367
5003.932993 0.147823
5003.969410 0.149299
5004.005827 0.150795
5004.042243 0.152311
5004.078660 0.153846
5004.115076 0.155402
5004.151493 0.156978
5004.187910 0.158573
5004.224326 0.160189
5004.260743 0.161825
5004.297160 0.163481
5004.333576 0.165157
5004.369993 0.166852
5004.406409 0.168568
5004.442826 0.170304
5004.479243 0.172060
5004.515659 0.173836
5004.552076 0.175631
5004.588492 0.177447
5004.624909 0.179282
5004.661326 0.181136
5004.697742 0.183010
5004.734159 0.184904
5004.770575 0.186817
5004.806992 0.188749
5004.843409 0.190700
5004.879825 0.192670
5004.916242 0.194659
5004.952658 0.196666
5004.989075 0.198692
5005.025492 0.200736
5005.061908 0.202798
5005.098325 0.204878
5005.134741 0.206976
5005.171158 0.209092
5005.207575 0.211224
5005.243991 0.213374
5005.280408 0.215540
5005.316824 0.217723
5005.353241 0.219922
5005.389658 0.222137
5005.426074 0.224368
5005.462491 0.226615
5005.498908 0.228876
5005.535324 0.231152
5005.571741 0.233443
5005.608157 0.235747
5005.644574 0.238066
5005.680991 0.240398
5005.717407 0.242743
5005.753824 0.245100
5005.790240 0.247470
5005.826657 0.249852
5005.863074 0.252245
5005.899490 0.254649
5005.935907 0.257064
5005.972323 0.259489
5006.008740 0.261924
5006.045157 0.264368
5006.081573 0.266821
5006.117990 0.269282
5006.154406 0.271751
5006.190823 0.274227
5006.227240 0.276710
5006.263656 0.279200
5006.300073 0.281695
5006.336489 0.284196
5006.372906 0.286701
5006.409323 0.289210
5006.445739 0.291723
5006.482156 0.294239
5006.518572 0.296758
5006.554989 0.299278
5006.591406 0.301800
5006.627822 0.304323
5006.664239 0.306845
5006.700655 0.309367
5006.737072 0.311888
5006.773489 0.314407
5006.809905 0.316924
5006.846322 0.319437
5006.882739 0.321947
5006.919155 0.324453
5006.955572 0.326954
5006.991988 0.329449
5007.028405 0.331937
5007.064822 0.334419
5007.101238 0.336893
5007.137655 0.339359
5007.174071 0.341816
5007.210488 0.344263
5007.246905 0.346700
5007.283321 0.349125
5007.319738 0.351539
5007.356154 0.353941
5007.392571 0.356329
5007.428988 0.358703
5007.465404 0.361063
5007.501821 0.363408
5007.538237 0.365736
5007.574654 0.368048
5007.611071 0.370343
5007.647487 0.372620
5007.683904 0.374877
5007.720320 0.377116
5007.756737 0.379334
5007.793154 0.381531
5007.829570 0.383707
5007.865987 0.385861
5007.902403 0.387991
5007.938820 0.390098
5007.975237 0.392181
5008.011653 0.394239
5008.048070 0.396271
5008.084487 0.398277
5008.120903 0.400256
5008.157320 0.402207
5008.193736 0.404130
5008.230153 0.406024
5008.266570 0.407888
5008.302986 0.409722
5008.339403 0.411525
5008.375819 0.413297
5008.412236 0.415037
5008.448653 0.416744
5008.485069 0.418418
5008.521486 0.420058
5008.557902 0.421663
5008.594319 0.423234
5008.630736 0.424769
5008.667152 0.426268
5008.703569 0.427730
5008.739985 0.429155
5008.776402 0.430542
5008.812819 0.431891
5008.849235 0.433202
5008.885652 0.434473
5008.922068 0.435704
5008.958485 0.436896
5008.994902 0.438047
5009.031318 0.439157
5009.067735 0.440225
5009.104151 0.441252
5009.140568 0.442236
5009.176985 0.443178
5009.213401 0.444077
5009.249818 0.444933
5009.286235 0.445745
5009.322651 0.446513
5009.359068 0.447237
5009.395484 0.447916
5009.431901 0.448551
5009.468318 0.449140
5009.504734 0.449684
5009.541151 0.450183
5009.577567 0.450636
5009.613984 0.451042
5009.650401 0.451403
5009.686817 0.451717
5009.723234 0.451985
5009.759650 0.452206
5009.796067 0.452381
5009.832484 0.452509
5009.868900 0.452590
5009.905317 0.452623
5009.941733 0.452610
5009.978150 0.452550
5010.014567 0.452443
5010.050983 0.452289
5010.087400 0.452087
5010.123816 0.451839
5010.160233 0.451544
5010.196650 0.451202
5010.233066 0.450813
5010.269483 0.450377
5010.305899 0.449895
5010.342316 0.449366
5010.378733 0.448791
5010.415149 0.448170
5010.451566 0.447503
5010.487983 0.446790
5010.524399 0.446032
5010.560816 0.445229
5010.597232 0.444380
5010.633649 0.443486
5010.670066 0.442549
5010.706482 0.441566
5010.742899 0.440540
5010.779315 0.439471
5010.815732 0.438358
5010.852149 0.437202
5010.888565 0.436003
5010.924982 0.434763
5010.961398 0.433481
5010.997815 0.432157
5011.034232 0.430793
5011.070648 0.429387
5011.107065 0.427942
5011.143481 0.426458
5011.179898 0.424934
5011.216315 0.423372
5011.252731 0.421771
5011.289148 0.420133
5011.325564 0.418458
5011.361981 0.416746
5011.398398 0.414998
5011.434814 0.413215
5011.471231 0.411397
5011.507647 0.409544
5011.544064 0.407658
5011.580481 0.405738
5011.616897 0.403786
5011.653314 0.401802
5011.689731 0.399787
5011.726147 0.397741
5011.762564 0.395665
5011.798980 0.393559
5011.835397 0.391425
5011.871814 0.389262
5011.908230 0.387072
5011.944647 0.384855
5011.981063 0.382612
5012.017480 0.380344
5012.053897 0.378050
5012.090313 0.375733
5012.126730 0.373392
5012.163146 0.371028
5012.199563 0.368642
5012.235980 0.366235
5012.272396 0.363807
5012.308813 0.361360
5012.345229 0.358893
5012.381646 0.356407
5012.418063 0.353904
5012.454479 0.351383
5012.490896 0.348846
5012.527312 0.346293
5012.563729 0.343726
5012.600146 0.341144
5012.636562 0.338548
5012.672979 0.335939
5012.709395 0.333319
5012.745812 0.330686
5012.782229 0.328043
5012.818645 0.325390
5012.855062 0.322728
5012.891479 0.320056
5012.927895 0.317377
5012.964312 0.314690
5013.000728 0.311997
5013.037145 0.309298
5013.073562 0.306593
5013.109978 0.303884
5013.146395 0.301170
5013.182811 0.298454
5013.219228 0.295734
5013.255645 0.293013
5013.292061 0.290290
5013.328478 0.287567
5013.364894 0.284843
5013.401311 0.282120
5013.437728 0.279398
5013.474144 0.276677
5013.510561 0.273959
5013.546977 0.271244
5013.583394 0.268532
5013.619811 0.265824
5013.656227 0.263121
5013.692644 0.260423
5013.729060 0.257731
5013.765477 0.255045
5013.801894 0.252365
5013.838310 0.249693
5013.874727 0.247029
5013.911143 0.244373
5013.947560 0.241726
5013.983977 0.239088
5014.020393 0.236460
5014.056810 0.233842
5014.093227 0.231235
5014.129643 0.228639
5014.166060 0.226055
5014.202476 0.223482
5014.238893 0.220922
5014.275310 0.218375
5014.311726 0.215841
5014.348143 0.213321
5014.384559 0.210814
5014.420976 0.208322
5014.457393 0.205845
5014.493809 0.203382
5014.530226 0.200935
5014.566642 0.198504
5014.603059 0.196089
5014.639476 0.193690
5014.675892 0.191308
5014.712309 0.188942
5014.748725 0.186594
5014.785142 0.184263
5014.821559 0.181950
5014.857975 0.179655
5014.894392 0.177378
5014.930808 0.175119
5014.967225 0.172879
5015.003642 0.170657
5015.040058 0.168455
5015.076475 0.166272
5015.112891 0.164108
5015.149308 0.161963
5015.185725 0.159839
5015.222141 0.157734
5015.258558 0.155649
5015.294975 0.153584
5015.331391 0.151539
5015.367808 0.149514
5015.404224 0.147510
5015.440641 0.145526
5015.477058 0.143563
5015.513474 0.141620
5015.549891 0.139698
5015.586307 0.137797
5015.622724 0.135916
5015.659141 0.134056
5015.695557 0.132217
5015.731974 0.130399
5015.768390 0.128602
5015.804807 0.126825
5015.841224 0.125070
5015.877640 0.123335
5015.914057 0.121621
5015.950473 0.119928
5015.986890 0.118256
5016.023307 0.116604
5016.059723 0.114974
5016.096140 0.113363
5016.132556 0.111774
5016.168973 0.110205
5016.205390 0.108656
5016.241806 0.107128
5016.278223 0.105620
5016.314639 0.104133
5016.351056 0.102665
5016.387473 0.101218
5016.423889 0.099790
5016.460306 0.098382
5016.496723 0.096994
5016.533139 0.095626
5016.569556 0.094277
5016.605972 0.092947
5016.642389 0.091637
5016.678806 0.090346
5016.715222 0.089074
5016.751639 0.087820
5016.788055 0.086585
5016.824472 0.085369
5016.860889 0.084171
5016.897305 0.082992
5016.933722 0.081830
5016.970138 0.080687
5017.006555 0.079561
5017.042972 0.078452
5017.079388 0.077362
5017.115805 0.076288
5017.152221 0.075231
5017.188638 0.074192
5017.225055 0.073169
5017.261471 0.072163
5017.297888 0.071173
5017.334304 0.070199
5017.370721 0.069241
5017.407138 0.068299
5017.443554 0.067373
5017.479971 0.066462
5017.516387 0.065567
5017.552804 0.064687
5017.589221 0.063821
5017.625637 0.062970
5017.662054 0.062134
5017.698471 0.061312
5017.734887 0.060505
5017.771304 0.059711
5017.807720 0.058931
5017.844137 0.058164
5017.880554 0.057411
5017.916970 0.056672
5017.953387 0.055945
5017.989803 0.055231
5018.026220 0.054530
5018.062637 0.053841
5018.099053 0.053164
5018.135470 0.052500
5018.171886 0.051847
5018.208303 0.051207
5018.244720 0.050577
5018.281136 0.049959
5018.317553 0.049352
5018.353969 0.048757
5018.390386 0.048172
5018.426803 0.047597
5018.463219 0.047033
5018.499636 0.046480
5018.536052 0.045936
5018.572469 0.045402
5018.608886 0.044878
5018.645302 0.044364
5018.681719 0.043859
5018.718135 0.043364
5018.754552 0.042877
5018.790969 0.042399
5018.827385 0.041930
5018.863802 0.041470
5018.900218 0.041018
5018.936635 0.040575
5018.973052 0.040139
5019.009468 0.039711
5019.045885 0.039292
5019.082302 0.038880
5019.118718 0.038475
5019.155135 0.038078
5019.191551 0.037688
5019.227968 0.037305
5019.264385 0.036929
5019.300801 0.036560
5019.337218 0.036197
5019.373634 0.035841
5019.410051 0.035491
5019.446468 0.035148
5019.482884 0.034811
5019.519301 0.034480
5019.555717 0.034154
5019.592134 0.033835
5019.628551 0.033520
5019.664967 0.033212
5019.701384 0.032909
5019.737800 0.032611
5019.774217 0.032318
5019.810634 0.032031
5019.847050 0.031748
5019.883467 0.031470
5019.919883 0.031197
5019.956300 0.030928
5019.992717 0.030664
5020.029133 0.030404
5020.065550 0.030149
5020.101966 0.029898
5020.138383 0.029651
5020.174800 0.029407
5020.211216 0.029168
5020.247633 0.028933
5020.284050 0.028701
5020.320466 0.028474
5020.356883 0.028249
5020.393299 0.028028
5020.429716 0.027811
5020.466133 0.027597
5020.502549 0.027386
5020.538966 0.027178
5020.575382 0.026974
5020.611799 0.026772
5020.648216 0.026574
5020.684632 0.026378
5020.721049 0.026185
5020.757465 0.025995
5020.793882 0.025807
5020.830299 0.025623
5020.866715 0.025440
5020.903132 0.025260
5020.939548 0.025083
5020.975965 0.024908
5021.012382 0.024735
5021.048798 0.024565
5021.085215 0.024397
5021.121631 0.024230
5021.158048 0.024066
5021.194465 0.023904
5021.230881 0.023745
5021.267298 0.023586
5021.303714 0.023430
5021.340131 0.023276
5021.376548 0.023124
5021.412964 0.022973
5021.449381 0.022824
5021.485798 0.022677
5021.522214 0.022531
5021.558631 0.022387
5021.595047 0.022244
5021.631464 0.022103
5021.667881 0.021964
5021.704297 0.021826
5021.740714 0.021689
5021.777130 0.021554
5021.813547 0.021420
5021.849964 0.021288
5021.886380 0.021156
5021.922797 0.021026
5021.959213 0.020898
5021.995630 0.020770
5022.032047 0.020644
5022.068463 0.020518
5022.104880 0.020394
5022.141296 0.020271
5022.177713 0.020149
5022.214130 0.020028
5022.250546 0.019908
5022.286963 0.019789
5022.323379 0.019671
5022.359796 0.019554
5022.396213 0.019438
5022.432629 0.019323
5022.469046 0.019209
5022.505462 0.019096
5022.541879 0.018983
5022.578296 0.018871
5022.614712 0.018761
5022.651129 0.018651
5022.687546 0.018541
5022.723962 0.018433
5022.760379 0.018325
5022.796795 0.018218
5022.833212 0.018112
5022.869629 0.018006
5022.906045 0.017902
5022.942462 0.017797
5022.978878 0.017694
5023.015295 0.017591
5023.051712 0.017489
5023.088128 0.017388
5023.124545 0.017287
5023.160961 0.017187
5023.197378 0.017087
5023.233795 0.016988
5023.270211 0.016889
5023.306628 0.016792
5023.343044 0.016694
5023.379461 0.016598
5023.415878 0.016501
5023.452294 0.016406
5023.488711 0.016311
5023.525127 0.016216
5023.561544 0.016122
5023.597961 0.016029
5023.634377 0.015936
5023.670794 0.015843
5023.707210 0.015751
5023.743627 0.015660
5023.780044 0.015569
5023.816460 0.015478
5023.852877 0.015388
5023.889294 0.015298
5023.925710 0.015209
5023.962127 0.015121
5023.998543 0.015032
5024.034960 0.014945
5024.071377 0.014857
5024.107793 0.014770
5024.144210 0.014684
5024.180626 0.014598
5024.217043 0.014512
5024.253460 0.014427
5024.289876 0.014342
5024.326293 0.014258
5024.362709 0.014174
5024.399126 0.014090
5024.435543 0.014007
5024.471959 0.013925
5024.508376 0.013842
5024.544792 0.013760
5024.581209 0.013679
5024.617626 0.013598
5024.654042 0.013517
5024.690459 0.013436
5024.726875 0.013356
5024.763292 0.013277
5024.799709 0.013197
5024.836125 0.013118
5024.872542 0.013040
5024.908958 0.012962
5024.945375 0.012884
5024.981792 0.012807
5025.018208 0.012730
5025.054625 0.012653
5025.091042 0.012576
5025.127458 0.012500
5025.163875 0.012425
5025.200291 0.012350
5025.236708 0.012275
5025.273125 0.012200
5025.309541 0.012126
5025.345958 0.012052
5025.382374 0.011978
5025.418791 0.011905
5025.455208 0.011832
5025.491624 0.011760
5025.528041 0.011688
5025.564457 0.011616
5025.600874 0.011544
5025.637291 0.011473
5025.673707 0.011402
5025.710124 0.011332
5025.746540 0.011262
5025.782957 0.011192
5025.819374 0.011123
5025.855790 0.011053
5025.892207 0.010985
5025.928623 0.010916
5025.965040 0.010848
5026.001457 0.010780
5026.037873 0.010712
5026.074290 0.010645
5026.110706 0.010578
5026.147123 0.010512
5026.183540 0.010445
5026.219956 0.010380
5026.256373 0.010314
5026.292790 0.010249
5026.329206 0.010184
5026.365623 0.010119
5026.402039 0.010055
5026.438456 0.009990
5026.474873 0.009927
5026.511289 0.009863
5026.547706 0.009800
5026.584122 0.009737
5026.620539 0.009675
5026.656956 0.009613
5026.693372 0.009551
5026.729789 0.009489
5026.766205 0.009428
5026.802622 0.009367
5026.839039 0.009306
5026.875455 0.009246
5026.911872 0.009186
5026.948288 0.009126
5026.984705 0.009067
5027.021122 0.009007
5027.057538 0.008948
5027.093955 0.008890
5027.130371 0.008832
5027.166788 0.008774
5027.203205 0.008716
5027.239621 0.008658
5027.276038 0.008601
5027.312454 0.008545
5027.348871 0.008488
5027.385288 0.008432
5027.421704 0.008376
5027.458121 0.008320
5027.494538 0.008265
5027.530954 0.008210
5027.567371 0.008155
5027.603787 0.008100
5027.640204 0.008046
5027.676621 0.007992
5027.713037 0.007938
5027.749454 0.007885
5027.785870 0.007832
5027.822287 0.007779
5027.858704 0.007726
5027.895120 0.007674
5027.931537 0.007622
5027.967953 0.007570
5028.004370 0.007519
5028.040787 0.007468
5028.077203 0.007417
5028.113620 0.007366
5028.150036 0.007316
5028.186453 0.007266
5028.222870 0.007216
5028.259286 0.007166
5028.295703 0.007117
5028.332119 0.007068
5028.368536 0.007019
5028.404953 0.006971
5028.441369 0.006923
5028.477786 0.006875
5028.514202 0.006827
5028.550619 0.006780
5028.587036 0.006732
5028.623452 0.006685
5028.659869 0.006639
5028.696286 0.006592
5028.732702 0.006546
5028.769119 0.006500
5028.805535 0.006455
5028.841952 0.006409
5028.878369 0.006364
5028.914785 0.006319
5028.951202 0.006275
5028.987618 0.006230
5029.024035 0.006186
5029.060452 0.006142
5029.096868 0.006099
5029.133285 0.006056
5029.169701 0.006012
5029.206118 0.005970
5029.242535 0.005927
5029.278951 0.005885
5029.315368 0.005842
5029.351784 0.005801
5029.388201 0.005759
5029.424618 0.005717
5029.461034 0.005676
5029.497451 0.005635
5029.533867 0.005595
5029.570284 0.005554
5029.606701 0.005514
5029.643117 0.005474
5029.679534 0.005434
5029.715950 0.005395
5029.752367 0.005355
5029.788784 0.005316
5029.825200 0.005278
5029.861617 0.005239
5029.898034 0.005201
5029.934450 0.005163
5029.970867 0.005125
5030.007283 0.005087
5030.043700 0.005050
5030.080117 0.005012
5030.116533 0.004975
5030.152950 0.004939
5030.189366 0.004902
5030.225783 0.004866
5030.262200 0.004830
5030.298616 0.004794
5030.335033 0.004758
5030.371449 0.004722
5030.407866 0.004687
5030.444283 0.004652
5030.480699 0.004617
5030.517116 0.004583
5030.553532 0.004548
5030.589949 0.004514
5030.626366 0.004480
5030.662782 0.004447
5030.699199 0.004413
5030.735615 0.004380
5030.772032 0.004346
5030.808449 0.004314
5030.844865 0.004281
5030.881282 0.004248
5030.917698 0.004216
5030.954115 0.004184
5030.990532 0.004152
5031.026948 0.004120
5031.063365 0.004089
5031.099782 0.004058
5031.136198 0.004026
5031.172615 0.003996
5031.209031 0.003965
5031.245448 0.003934
5031.281865 0.003904
5031.318281 0.003874
5031.354698 0.003844
5031.391114 0.003814
5031.427531 0.003785
5031.463948 0.003755
5031.500364 0.003726
5031.536781 0.003697
5031.573197 0.003668
5031.609614 0.003640
5031.646031 0.003611
5031.682447 0.003583
5031.718864 0.003555
5031.755280 0.003527
5031.791697 0.003500
5031.828114 0.003472
5031.864530 0.003445
5031.900947 0.003418
5031.937363 0.003391
5031.973780 0.003364
5032.010197 0.003337
5032.046613 0.003311
5032.083030 0.003285
5032.119446 0.003259
5032.155863 0.003233
5032.192280 0.003207
5032.228696 0.003181
5032.265113 0.003156
5032.301529 0.003131
5032.337946 0.003106
5032.374363 0.003081
5032.410779 0.003056
5032.447196 0.003032
5032.483613 0.003007
5032.520029 0.002983
5032.556446 0.002959
5032.592862 0.002935
5032.629279 0.002911
5032.665696 0.002888
5032.702112 0.002864
5032.738529 0.002841
5032.774945 0.002818
5032.811362 0.002795
5032.847779 0.002773
5032.884195 0.002750
5032.920612 0.002727
5032.957028 0.002705
5032.993445 0.002683
5033.029862 0.002661
5033.066278 0.002639
5033.102695 0.002618
5033.139111 0.002596
5033.175528 0.002575
5033.211945 0.002553
5033.248361 0.002532
5033.284778 0.002511
5033.321194 0.002491
5033.357611 0.002470
5033.394028 0.002450
5033.430444 0.002429
5033.466861 0.002409
5033.503277 0.002389
5033.539694 0.002369
5033.576111 0.002349
5033.612527 0.002330
5033.648944 0.002310
5033.685361 0.002291
5033.721777 0.002272
5033.758194 0.002253
5033.794610 0.002234
5033.831027 0.002215
5033.867444 0.002196
5033.903860 0.002178
5033.940277 0.002159
5033.976693 0.002141
5034.013110 0.002123
5034.049527 0.002105
5034.085943 0.002087
5034.122360 0.002069
5034.158776 0.002052
5034.195193 0.002034
5034.231610 0.002017
5034.268026 0.002000
5034.304443 0.001983
5034.340859 0.001966
5034.377276 0.001949
5034.413693 0.001932
5034.450109 0.001916
5034.486526 0.001899
5034.522942 0.001883
5034.559359 0.001867
5034.595776 0.001851
5034.632192 0.001835
5034.668609 0.001819
5034.705025 0.001803
5034.741442 0.001787
5034.777859 0.001772
5034.814275 0.001756
5034.850692 0.001741
5034.887109 0.001726
5034.923525 0.001711
5034.959942 0.001696
5034.996358 0.001681
5035.032775 0.001667
5035.069192 0.001652
5035.105608 0.001637
5035.142025 0.001623
5035.178441 0.001609
5035.214858 0.001595
5035.251275 0.001581
5035.287691 0.001567
5035.324108 0.001553
5035.360524 0.001539
5035.396941 0.001526
5035.433358 0.001512
5035.469774 0.001499
5035.506191 0.001485
5035.542607 0.001472
5035.579024 0.001459
5035.615441 0.001446
5035.651857 0.001433
5035.688274 0.001420
5035.724690 0.001408
5035.761107 0.001395
5035.797524 0.001383
5035.833940 0.001370
5035.870357 0.001358
5035.906773 0.001346
5035.943190 0.001334
5035.979607 0.001322
5036.016023 0.001310
5036.052440 0.001298
5036.088857 0.001286
5036.125273 0.001274
5036.161690 0.001263
5036.198106 0.001251
5036.234523 0.001240
5036.270940 0.001229
5036.307356 0.001218
5036.343773 0.001207
5036.380189 0.001196
5036.416606 0.001185
5036.453023 0.001174
5036.489439 0.001163
5036.525856 0.001152
5036.562272 0.001142
5036.598689 0.001131
5036.635106 0.001121
5036.671522 0.001111
5036.707939 0.001100
5036.744355 0.001090
5036.780772 0.001080
5036.817189 0.001070
5036.853605 0.001060
5036.890022 0.001050
5036.926438 0.001041
5036.962855 0.001031
5036.999272 0.001022
5037.035688 0.001012
5037.072105 0.001003
5037.108521 0.000993
5037.144938 0.000984
5037.181355 0.000975
5037.217771 0.000966
5037.254188 0.000957
5037.290605 0.000948
5037.327021 0.000939
5037.363438 0.000930
5037.399854 0.000921
5037.436271 0.000913
5037.472688 0.000904
5037.509104 0.000895
5037.545521 0.000887
5037.581937 0.000879
5037.618354 0.000870
5037.654771 0.000862
5037.691187 0.000854
5037.727604 0.000846
5037.764020 0.000838
5037.800437 0.000830
5037.836854 0.000822
5037.873270 0.000814
5037.909687 0.000806
5037.946103 0.000799
5037.982520 0.000791
5038.018937 0.000783
5038.055353 0.000776
5038.091770 0.000768
5038.128186 0.000761
5038.164603 0.000754
5038.201020 0.000746
5038.237436 0.000739
5038.273853 0.000732
5038.310269 0.000725
5038.346686 0.000718
5038.383103 0.000711
5038.419519 0.000704
5038.455936 0.000697
5038.492353 0.000691
5038.528769 0.000684
5038.565186 0.000677
5038.601602 0.000671
5038.638019 0.000664
5038.674436 0.000658
5038.710852 0.000651
5038.747269 0.000645
5038.783685 0.000639
5038.820102 0.000632
5038.856519 0.000626
5038.892935 0.000620
5038.929352 0.000614
5038.965768 0.000608
5039.002185 0.000602
5039.038602 0.000596
5039.075018 0.000590
5039.111435 0.000584
5039.147851 0.000578
5039.184268 0.000573
5039.220685 0.000567
5039.257101 0.000561
5039.293518 0.000556
5039.329934 0.000550
5039.366351 0.000545
5039.402768 0.000539
5039.439184 0.000534
5039.475601 0.000529
5039.512017 0.000523
5039.548434 0.000518
5039.584851 0.000513
5039.621267 0.000508
5039.657684 0.000503
5039.694101 0.000498
5039.730517 0.000493
5039.766934 0.000488
5039.803350 0.000483
5039.839767 0.000478
5039.876184 0.000473
5039.912600 0.000468
5039.949017 0.000464
5039.985433 0.000459
5040.021850 0.000454
5040.058267 0.000450
5040.094683 0.000445
5040.131100 0.000441
5040.167516 0.000436
5040.203933 0.000432
5040.240350 0.000427
5040.276766 0.000423
5040.313183 0.000419
5040.349599 0.000414
5040.386016 0.000410
5040.422433 0.000406
5040.458849 0.000402
5040.495266 0.000398
5040.531682 0.000394
5040.568099 0.000390
5040.604516 0.000386
5040.640932 0.000382
5040.677349 0.000378
5040.713765 0.000374
5040.750182 0.000370
5040.786599 0.000366
5040.823015 0.000362
5040.859432 0.000359
5040.895849 0.000355
5040.932265 0.000351
5040.968682 0.000347
5041.005098 0.000344
5041.041515 0.000340
5041.077932 0.000337
5041.114348 0.000333
5041.150765 0.000330
5041.187181 0.000326
5041.223598 0.000323
5041.260015 0.000319
5041.296431 0.000316
5041.332848 0.000313
5041.369264 0.000310
5041.405681 0.000306
5041.442098 0.000303
5041.478514 0.000300
5041.514931 0.000297
5041.551347 0.000294
5041.587764 0.000290
5041.624181 0.000287
5041.660597 0.000284
5041.697014 0.000281
5041.733430 0.000278
5041.769847 0.000275
5041.806264 0.000272
5041.842680 0.000270
5041.879097 0.000267
5041.915513 0.000264
5041.951930 0.000261
5041.988347 0.000258
5042.024763 0.000256
5042.061180 0.000253
5042.097597 0.000250
5042.134013 0.000247
5042.170430 0.000245
5042.206846 0.000242
5042.243263 0.000240
5042.279680 0.000237
5042.316096 0.000234
5042.352513 0.000232
5042.388929 0.000229
5042.425346 0.000227
5042.461763 0.000224
5042.498179 0.000222
5042.534596 0.000220
5042.571012 0.000217
5042.607429 0.000215
5042.643846 0.000213
5042.680262 0.000210
5042.716679 0.000208
5042.753095 0.000206
5042.789512 0.000203
5042.825929 0.000201
5042.862345 0.000199
5042.898762 0.000197
5042.935178 0.000195
5042.971595 0.000193
5043.008012 0.000190
5043.044428 0.000188
5043.080845 0.000186
5043.117261 0.000184
5043.153678 0.000182
5043.190095 0.000180
5043.226511 0.000178
5043.262928 0.000176
5043.299345 0.000174
5043.335761 0.000172
5043.372178 0.000171
5043.408594 0.000169
5043.445011 0.000167
5043.481428 0.000165
5043.517844 0.000163
5043.554261 0.000161
5043.590677 0.000159
5043.627094 0.000158
5043.663511 0.000156
5043.699927 0.000154
5043.736344 0.000152
5043.772760 0.000151
5043.809177 0.000149
5043.845594 0.000147
5043.882010 0.000146
5043.918427 0.000144
5043.954843 0.000143
5043.991260 0.000141
5044.027677 0.000139
5044.064093 0.000138
5044.100510 0.000136
5044.136926 0.000135
5044.173343 0.000133
5044.209760 0.000132
5044.246176 0.000130
5044.282593 0.000129
5044.319009 0.000127
5044.355426 0.000126
5044.391843 0.000124
5044.428259 0.000123
5044.464676 0.000122
5044.501092 0.000120
5044.537509 0.000119
5044.573926 0.000117
5044.610342 0.000116
5044.646759 0.000115
5044.683176 0.000114
5044.719592 0.000112
5044.756009 0.000111
5044.792425 0.000110
5044.828842 0.000108
5044.865259 0.000107
5044.901675 0.000106
5044.938092 0.000105
5044.974508 0.000104
5045.010925 0.000102
5045.047342 0.000101
5045.083758 0.000100
5045.120175 0.000099
5045.156591 0.000098
5045.193008 0.000097
5045.229425 0.000095
5045.265841 0.000094
5045.302258 0.000093
5045.338674 0.000092
5045.375091 0.000091
5045.411508 0.000090
5045.447924 0.000089
5045.484341 0.000088
5045.520757 0.000087
5045.557174 0.000086
5045.593591 0.000085
5045.630007 0.000084
5045.666424 0.000083
5045.702840 0.000082
5045.739257 0.000081
5045.775674 0.000080
5045.812090 0.000079
5045.848507 0.000078
5045.884924 0.000077
5045.921340 0.000076
5045.957757 0.000075
5045.994173 0.000075
5046.030590 0.000074
5046.067007 0.000073
5046.103423 0.000072
5046.139840 0.000071
5046.176256 0.000070
5046.212673 0.000069
5046.249090 0.000069
5046.285506 0.000068
5046.321923 0.000067
5046.358339 0.000066
5046.394756 0.000065
5046.431173 0.000065
5046.467589 0.000064
5046.504006 0.000063
5046.540422 0.000062
5046.576839 0.000062
5046.613256 0.000061
5046.649672 0.000060
5046.686089 0.000059
5046.722505 0.000059
5046.758922 0.000058
5046.795339 0.000057
5046.831755 0.000057
5046.868172 0.000056
5046.904588 0.000055
5046.941005 0.000055
5046.977422 0.000054
5047.013838 0.000053
5047.050255 0.000053
5047.086672 0.000052
5047.123088 0.000051
5047.159505 0.000051
5047.195921 0.000050
5047.232338 0.000050
5047.268755 0.000049
5047.305171 0.000048
5047.341588 0.000048
5047.378004 0.000047
5047.414421 0.000047
5047.450838 0.000046
5047.487254 0.000045
5047.523671 0.000045
5047.560087 0.000044
5047.596504 0.000044
5047.632921 0.000043
5047.669337 0.000043
5047.705754 0.000042
5047.742170 0.000042
5047.778587 0.000041
5047.815004 0.000041
5047.851420 0.000040
5047.887837 0.000040
5047.924253 0.000039
5047.960670 0.000039
5047.997087 0.000038
5048.033503 0.000038
5048.069920 0.000037
5048.106336 0.000037
5048.142753 0.000036
5048.179170 0.000036
5048.215586 0.000036
5048.252003 0.000035
5048.288420 0.000035
5048.324836 0.000034
5048.361253 0.000034
5048.397669 0.000033
5048.434086 0.000033
5048.470503 0.000033
5048.506919 0.000032
5048.543336 0.000032
5048.579752 0.000031
5048.616169 0.000031
5048.652586 0.000031
5048.689002 0.000030
5048.725419 0.000030
5048.761835 0.000029
5048.798252 0.000029
5048.834669 0.000029
5048.871085 0.000028
5048.907502 0.000028
5048.943918 0.000028
5048.980335 0.000027
5049.016752 0.000027
5049.053168 0.000027
5049.089585 0.000026
5049.126001 0.000026
5049.162418 0.000026
5049.198835 0.000025
5049.235251 0.000025
5049.271668 0.000025
5049.308084 0.000024
5049.344501 0.000024
5049.380918 0.000024
5049.417334 0.000023
5049.453751 0.000023
5049.490168 0.000023
5049.526584 0.000023
5049.563001 0.000022
5049.599417 0.000022
5049.635834 0.000022
5049.672251 0.000021
5049.708667 0.000021
5049.745084 0.000021
5049.781500 0.000021
5049.817917 0.000020
5049.854334 0.000020
5049.890750 0.000020
5049.927167 0.000020
5049.963583 0.000019
5050.000000 0.000019
5050.036417 0.000019
5050.072833 0.000019
5050.109250 0.000018
5050.145666 0.000018
5050.182083 0.000018
5050.218500 0.000018
5050.254916 0.000017
5050.291333 0.000017
5050.327749 0.000017
5050.364166 0.000017
5050.400583 0.000016
5050.436999 0.000016
5050.473416 0.000016
5050.509832 0.000016
5050.546249 0.000016
5050.582666 0.000015
5050.619082 0.000015
5050.655499 0.000015
5050.691916 0.000015
5050.728332 0.000015
5050.764749 0.000014
5050.801165 0.000014
5050.837582 0.000014
5050.873999 0.000014
5050.910415 0.000014
5050.946832 0.000014
5050.983248 0.000013
5051.019665 0.000013
5051.056082 0.000013
5051.092498 0.000013
5051.128915 0.000013
5051.165331 0.000013
5051.201748 0.000012
5051.238165 0.000012
5051.274581 0.000012
5051.310998 0.000012
5051.347414 0.000012
5051.383831 0.000012
5051.420248 0.000011
5051.456664 0.000011
5051.493081 0.000011
5051.529497 0.000011
5051.565914 0.000011
5051.602331 0.000011
5051.638747 0.000011
5051.675164 0.000010
5051.711580 0.000010
5051.747997 0.000010
5051.784414 0.000010
5051.820830 0.000010
5051.857247 0.000010
5051.893664 0.000010
5051.930080 0.000009
5051.966497 0.000009
5052.002913 0.000009
5052.039330 0.000009
5052.075747 0.000009
5052.112163 0.000009
5052.148580 0.000009
5052.184996 0.000009
5052.221413 0.000008
5052.257830 0.000008
5052.294246 0.000008
5052.330663 0.000008
5052.367079 0.000008
5052.403496 0.000008
5052.439913 0.000008
5052.476329 0.000008
5052.512746 0.000008
5052.549162 0.000007
5052.585579 0.000007
5052.621996 0.000007
5052.658412 0.000007
5052.694829 0.000007
5052.731245 0.000007
5052.767662 0.000007
5052.804079 0.000007
5052.840495 0.000007
5052.876912 0.000007
5052.913328 0.000007
5052.949745 0.000006
5052.986162 0.000006
5053.022578 0.000006
5053.058995 0.000006
5053.095412 0.000006
5053.131828 0.000006
5053.168245 0.000006
5053.204661 0.000006
5053.241078 0.000006
5053.277495 0.000006
5053.313911 0.000006
5053.350328 0.000006
5053.386744 0.000005
5053.423161 0.000005
5053.459578 0.000005
5053.495994 0.000005
5053.532411 0.000005
5053.568827 0.000005
5053.605244 0.000005
5053.641661 0.000005
5053.678077 0.000005
5053.714494 0.000005
5053.750910 0.000005
5053.787327 0.000005
5053.823744 0.000005
5053.860160 0.000005
5053.896577 0.000004
5053.932993 0.000004
5053.969410 0.000004
5054.005827 0.000004
5054.042243 0.000004
5054.078660 0.000004
5054.115076 0.000004
5054.151493 0.000004
5054.187910 0.000004
5054.224326 0.000004
5054.260743 0.000004
5054.297160 0.000004
5054.333576 0.000004
5054.369993 0.000004
5054.406409 0.000004
5054.442826 0.000004
5054.479243 0.000004
5054.515659 0.000004
5054.552076 0.000003
5054.588492 0.000003
5054.624909 0.000003
5054.661326 0.000003
5054.697742 0.000003
5054.734159 0.000003
5054.770575 0.000003
5054.806992 0.000003
5054.843409 0.000003
5054.879825 0.000003
5054.916242 0.000003
5054.952658 0.000003
5054.989075 0.000003
5055.025492 0.000003
5055.061908 0.000003
5055.098325 0.000003
5055.134741 0.000003
5055.171158 0.000003
5055.207575 0.000003
5055.243991 0.000003
5055.280408 0.000003
5055.316824 0.000003
5055.353241 0.000003
5055.389658 0.000002
5055.426074 0.000002
5055.462491 0.000002
5055.498908 0.000002
5055.535324 0.000002
5055.571741 0.000002
5055.608157 0.000002
5055.644574 0.000002
5055.680991 0.000002
5055.717407 0.000002
5055.753824 0.000002
5055.790240 0.000002
5055.826657 0.000002
5055.863074 0.000002
5055.899490 0.000002
5055.935907 0.000002
5055.972323 0.000002
5056.008740 0.000002
5056.045157 0.000002
5056.081573 0.000002
5056.117990 0.000002
5056.154406 0.000002
5056.190823 0.000002
5056.227240 0.000002
5056.263656 0.000002
5056.300073 0.000002
5056.336489 0.000002
5056.372906 0.000002
5056.409323 0.000002
5056.445739 0.000002
5056.482156 0.000002
5056.518572 0.000002
5056.554989 0.000002
5056.591406 0.000002
5056.627822 0.000002
5056.664239 0.000001
5056.700655 0.000001
5056.737072 0.000001
5056.773489 0.000001
5056.809905 0.000001
5056.846322 0.000001
5056.882739 0.000001
5056.919155 0.000001
5056.955572 0.000001
5056.991988 0.000001
5057.028405 0.000001
5057.064822 0.000001
5057.101238 0.000001
5057.137655 0.000001
5057.174071 0.000001
5057.210488 0.000001
5057.246905 0.000001
5057.283321 0.000001
5057.319738 0.000001
5057.356154 0.000001
5057.392571 0.000001
5057.428988 0.000001
5057.465404 0.000001
5057.501821 0.000001
5057.538237 0.000001
5057.574654 0.000001
5057.611071 0.000001
5057.647487 0.000001
5057.683904 0.000001
5057.720320 0.000001
5057.756737 0.000001
5057.793154 0.000001
5057.829570 0.000001
5057.865987 0.000001
5057.902403 0.000001
5057.938820 0.000001
5057.975237 0.000001
5058.011653 0.000001
5058.048070 0.000001
5058.084487 0.000001
5058.120903 0.000001
5058.157320 0.000001
5058.193736 0.000001
5058.230153 0.000001
5058.266570 0.000001
5058.302986 0.000001
5058.339403 0.000001
5058.375819 0.000001
5058.412236 0.000001
5058.448653 0.000001
5058.485069 0.000001
5058.521486 0.000001
5058.557902 0.000001
5058.594319 0.000001
5058.630736 0.000001
5058.667152 0.000001
5058.703569 0.000001
5058.739985 0.000001
5058.776402 0.000001
5058.812819 0.000001
5058.849235 0.000001
5058.885652 0.000001
5058.922068 0.000001
5058.958485 0.000001
5058.994902 0.000001
5059.031318 0.000001
5059.067735 0.000001
5059.104151 0.000001
5059.140568 0.000001
5059.176985 0.000001
5059.213401 0.000001
5059.249818 0.000001
5059.286235 0.000001
5059.322651 0.000000
5059.359068 0.000000
5059.395484 0.000000
5059.431901 0.000000
5059.468318 0.000000
5059.504734 0.000000
5059.541151 0.000000
5059.577567 0.000000
5059.613984 0.000000
5059.650401 0.000000
5059.686817 0.000000
5059.723234 0.000000
5059.759650 0.000000
5059.796067 0.000000
5059.832484 0.000000
5059.868900 0.000000
5059.905317 0.000000
5059.941733 0.000000
5059.978150 0.000000
5060.014567 0.000000
5060.050983 0.000000
5060.087400 0.000000
5060.123816 0.000000
5060.160233 0.000000
5060.196650 0.000000
5060.233066 0.000000
5060.269483 0.000000
5060.305899 0.000000
5060.342316 0.000000
5060.378733 0.000000
5060.415149 0.000000
5060.451566 0.000000
5060.487983 0.000000
5060.524399 0.000000
5060.560816 0.000000
5060.597232 0.000000
5060.633649 0.000000
5060.670066 0.000000
5060.706482 0.000000
5060.742899 0.000000
5060.779315 0.000000
5060.815732 0.000000
5060.852149 0.000000
5060.888565 0.000000
5060.924982 0.000000
5060.961398 0.000000
5060.997815 0.000000
5061.034232 0.000000
5061.070648 0.000000
5061.107065 0.000000
5061.143481 0.000000
5061.179898 0.000000
5061.216315 0.000000
5061.252731 0.000000
5061.289148 0.000000
5061.325564 0.000000
5061.361981 0.000000
5061.398398 0.000000
5061.434814 0.000000
5061.471231 0.000000
5061.507647 0.000000
5061.544064 0.000000
5061.580481 0.000000
5061.616897 0.000000
5061.653314 0.000000
5061.689731 0.000000
5061.726147 0.000000
5061.762564 0.000000
5061.798980 0.000000
5061.835397 0.000000
5061.871814 0.000000
5061.908230 0.000000
5061.944647 0.000000
5061.981063 0.000000
5062.017480 0.000000
5062.053897 0.000000
5062.090313 0.000000
5062.126730 0.000000
5062.163146 0.000000
5062.199563 0.000000
5062.235980 0.000000
5062.272396 0.000000
5062.308813 0.000000
5062.345229 0.000000
5062.381646 0.000000
5062.418063 0.000000
5062.454479 0.000000
5062.490896 0.000000
5062.527312 0.000000
5062.563729 0.000000
5062.600146 0.000000
5062.636562 0.000000
5062.672979 0.000000
5062.709395 0.000000
5062.745812 0.000000
5062.782229 0.000000
5062.818645 0.000000
5062.855062 0.000000
5062.891479 0.000000
5062.927895 0.000000
5062.964312 0.000000
5063.000728 0.000000
5063.037145 0.000000
5063.073562 0.000000
5063.109978 0.000000
5063.146395 0.000000
5063.182811 0.000000
5063.219228 0.000000
5063.255645 0.000000
5063.292061 0.000000
5063.328478 0.000000
5063.364894 0.000000
5063.401311 0.000000
5063.437728 0.000000
5063.474144 0.000000
5063.510561 0.000000
5063.546977 0.000000
5063.583394 0.000000
5063.619811 0.000000
5063.656227 0.000000
5063.692644 0.000000
5063.729060 0.000000
5063.765477 0.000000
5063.801894 0.000000
5063.838310 0.000000
5063.874727 0.000000
5063.911143 0.000000
5063.947560 0.000000
5063.983977 0.000000
5064.020393 0.000000
5064.056810 0.000000
5064.093227 0.000000
5064.129643 0.000000
5064.166060 0.000000
5064.202476 0.000000
5064.238893 0.000000
5064.275310 0.000000
5064.311726 0.000000
5064.348143 0.000000
5064.384559 0.000000
5064.420976 0.000000
5064.457393 0.000000
5064.493809 0.000000
5064.530226 0.000000
5064.566642 0.000000
5064.603059 0.000000
5064.639476 0.000000
5064.675892 0.000000
5064.712309 0.000000
5064.748725 0.000000
5064.785142 0.000000
5064.821559 0.000000
5064.857975 0.000000
5064.894392 0.000000
5064.930808 0.000000
5064.967225 0.000000
5065.003642 0.000000
5065.040058 0.000000
5065.076475 0.000000
5065.112891 0.000000
5065.149308 0.000000
5065.185725 0.000000
5065.222141 0.000000
5065.258558 0.000000
5065.294975 0.000000
5065.331391 0.000000
5065.367808 0.000000
5065.404224 0.000000
5065.440641 0.000000
5065.477058 0.000000
5065.513474 0.000000
5065.549891 0.000000
5065.586307 0.000000
5065.622724 0.000000
5065.659141 0.000000
5065.695557 0.000000
5065.731974 0.000000
5065.768390 0.000000
5065.804807 0.000000
5065.841224 0.000000
5065.877640 0.000000
5065.914057 0.000000
5065.950473 0.000000
5065.986890 0.000000
5066.023307 0.000000
5066.059723 0.000000
5066.096140 0.000000
5066.132556 0.000000
5066.168973 0.000000
5066.205390 0.000000
5066.241806 0.000000
5066.278223 0.000000
5066.314639 0.000000
5066.351056 0.000000
5066.387473 0.000000
5066.423889 0.000000
5066.460306 0.000000
5066.496723 0.000000
5066.533139 0.000000
5066.569556 0.000000
5066.605972 0.000000
5066.642389 0.000000
5066.678806 0.000000
5066.715222 0.000000
5066.751639 0.000000
5066.788055 0.000000
5066.824472 0.000000
5066.860889 0.000000
5066.897305 0.000000
5066.933722 0.000000
5066.970138 0.000000
5067.006555 0.000000
5067.042972 0.000000
5067.079388 0.000000
5067.115805 0.000000
5067.152221 0.000000
5067.188638 0.000000
5067.225055 0.000000
5067.261471 0.000000
5067.297888 0.000000
5067.334304 0.000000
5067.370721 0.000000
5067.407138 0.000000
5067.443554 0.000000
5067.479971 0.000000
5067.516387 0.000000
5067.552804 0.000000
5067.589221 0.000000
5067.625637 0.000000
5067.662054 0.000000
5067.698471 0.000000
5067.734887 0.000000
5067.771304 0.000000
5067.807720 0.000000
5067.844137 0.000000
5067.880554 0.000000
5067.916970 0.000000
5067.953387 0.000000
5067.989803 0.000000
5068.026220 0.000000
5068.062637 0.000000
5068.099053 0.000000
5068.135470 0.000000
5068.171886 0.000000
5068.208303 0.000000
5068.244720 0.000000
5068.281136 0.000000
5068.317553 0.000000
5068.353969 0.000000
5068.390386 0.000000
5068.426803 0.000000
5068.463219 0.000000
5068.499636 0.000000
5068.536052 0.000000
5068.572469 0.000000
5068.608886 0.000000
5068.645302 0.000000
5068.681719 0.000000
5068.718135 0.000000
5068.754552 0.000000
5068.790969 0.000000
5068.827385 0.000000
5068.863802 0.000000
5068.900218 0.000000
5068.936635 0.000000
5068.973052 0.000000
5069.009468 0.000000
5069.045885 0.000000
5069.082302 0.000000
5069.118718 0.000000
5069.155135 0.000000
5069.191551 0.000000
5069.227968 0.000000
5069.264385 0.000000
5069.300801 0.000000
5069.337218 0.000000
5069.373634 0.000000
5069.410051 0.000000
5069.446468 0.000000
5069.482884 0.000000
5069.519301 0.000000
5069.555717 0.000000
5069.592134 0.000000
5069.628551 0.000000
5069.664967 0.000000
5069.701384 0.000000
5069.737800 0.000000
5069.774217 0.000000
5069.810634 0.000000
5069.847050 0.000000
5069.883467 0.000000
5069.919883 0.000000
5069.956300 0.000000
5069.992717 0.000000
