4900.009112 0.000000
4900.054762 0.000000
4900.100411 0.000000
4900.146061 0.000000
4900.191710 0.000000
4900.237360 0.000000
4900.283010 0.000000
4900.328659 0.000000
4900.374309 0.000000
4900.419958 0.000000
4900.465608 0.000000
4900.511258 0.000000
4900.556907 0.000000
4900.602557 0.000000
4900.648206 0.000000
4900.693856 0.000000
4900.739506 0.000000
4900.785155 0.000000
4900.830805 0.000000
4900.876454 0.000000
4900.922104 0.000000
4900.967754 0.000000
4901.013403 0.000000
4901.059053 0.000000
4901.104702 0.000000
4901.150352 0.000000
4901.196002 0.000000
4901.241651 0.000000
4901.287301 0.000000
4901.332950 0.000000
4901.378600 0.000000
4901.424249 0.000000
4901.469899 0.000000
4901.515549 0.000000
4901.561198 0.000000
4901.606848 0.000000
4901.652497 0.000000
4901.698147 0.000000
4901.743797 0.000000
4901.789446 0.000000
4901.835096 0.000000
4901.880745 0.000000
4901.926395 0.000000
4901.972045 0.000000
4902.017694 0.000000
4902.063344 0.000000
4902.108993 0.000000
4902.154643 0.000000
4902.200293 0.000000
4902.245942 0.000000
4902.291592 0.000000
4902.337241 0.000000
4902.382891 0.000000
4902.428541 0.000000
4902.474190 0.000000
4902.519840 0.000000
4902.565489 0.000000
4902.611139 0.000000
4902.656789 0.000000
4902.702438 0.000000
4902.748088 0.000000
4902.793737 0.000000
4902.839387 0.000000
4902.885036 0.000000
4902.930686 0.000000
4902.976336 0.000000
4903.021985 0.000000
4903.067635 0.000000
4903.113284 0.000000
4903.158934 0.000000
4903.204584 0.000000
4903.250233 0.000000
4903.295883 0.000000
4903.341532 0.000000
4903.387182 0.000000
4903.432832 0.000000
4903.478481 0.000000
4903.524131 0.000000
4903.569780 0.000000
4903.615430 0.000000
4903.661080 0.000000
4903.706729 0.000000
4903.752379 0.000000
4903.798028 0.000000
4903.843678 0.000000
4903.889328 0.000000
4903.934977 0.000000
4903.980627 0.000000
4904.026276 0.000000
4904.071926 0.000000
4904.117576 0.000000
4904.163225 0.000000
4904.208875 0.000000
4904.254524 0.000000
4904.300174 0.000000
4904.345823 0.000000
4904.391473 0.000000
4904.437123 0.000000
4904.482772 0.000000
4904.528422 0.000000
4904.574071 0.000000
4904.619721 0.000000
4904.665371 0.000000
4904.711020 0.000000
4904.756670 0.000000
4904.802319 0.000000
4904.847969 0.000000
4904.893619 0.000000
4904.939268 0.000000
4904.984918 0.000000
4905.030567 0.000000
4905.076217 0.000000
4905.121867 0.000000
4905.167516 0.000000
4905.213166 0.000000
4905.258815 0.000000
4905.304465 0.000000
4905.350115 0.000000
4905.395764 0.000000
4905.441414 0.000000
4905.487063 0.000000
4905.532713 0.000000
4905.578363 0.000000
4905.624012 0.000000
4905.669662 0.000000
4905.715311 0.000000
4905.760961 0.000000
4905.806610 0.000000
4905.852260 0.000000
4905.897910 0.000000
4905.943559 0.000000
4905.989209 0.000000
4906.034858 0.000000
4906.080508 0.000000
4906.126158 0.000000
4906.171807 0.000000
4906.217457 0.000000
4906.263106 0.000000
4906.308756 0.000000
4906.354406 0.000000
4906.400055 0.000000
4906.445705 0.000000
4906.491354 0.000000
4906.537004 0.000000
4906.582654 0.000000
4906.628303 0.000000
4906.673953 0.000000
4906.719602 0.000000
4906.765252 0.000000
4906.810902 0.000000
4906.856551 0.000000
4906.902201 0.000000
4906.947850 0.000000
4906.993500 0.000000
4907.039150 0.000000
4907.084799 0.000000
4907.130449 0.000000
4907.176098 0.000000
4907.221748 0.000000
4907.267397 0.000000
4907.313047 0.000000
4907.358697 0.000000
4907.404346 0.000000
4907.449996 0.000000
4907.495645 0.000000
4907.541295 0.000000
4907.586945 0.000000
4907.632594 0.000000
4907.678244 0.000000
4907.723893 0.000000
4907.769543 0.000000
4907.815193 0.000000
4907.860842 0.000000
4907.906492 0.000000
4907.952141 0.000000
4907.997791 0.000000
4908.043441 0.000000
4908.089090 0.000000
4908.134740 0.000000
4908.180389 0.000000
4908.226039 0.000000
4908.271689 0.000000
4908.317338 0.000000
4908.362988 0.000000
4908.408637 0.000000
4908.454287 0.000000
4908.499937 0.000000
4908.545586 0.000000
4908.591236 0.000000
4908.636885 0.000000
4908.682535 0.000000
4908.728184 0.000000
4908.773834 0.000000
4908.819484 0.000000
4908.865133 0.000000
4908.910783 0.000000
4908.956432 0.000000
4909.002082 0.000000
4909.047732 0.000000
4909.093381 0.000000
4909.139031 0.000000
4909.184680 0.000000
4909.230330 0.000000
4909.275980 0.000000
4909.321629 0.000000
4909.367279 0.000000
4909.412928 0.000000
4909.458578 0.000000
4909.504228 0.000000
4909.549877 0.000000
4909.595527 0.000000
4909.641176 0.000000
4909.686826 0.000000
4909.732476 0.000000
4909.778125 0.000000
4909.823775 0.000000
4909.869424 0.000000
4909.915074 0.000000
4909.960724 0.000000
4910.006373 0.000000
4910.052023 0.000000
4910.097672 0.000000
4910.143322 0.000000
4910.188971 0.000000
4910.234621 0.000000
4910.280271 0.000000
4910.325920 0.000000
4910.371570 0.000000
4910.417219 0.000000
4910.462869 0.000000
4910.508519 0.000000
4910.554168 0.000000
4910.599818 0.000000
4910.645467 0.000000
4910.691117 0.000000
4910.736767 0.000000
4910.782416 0.000000
4910.828066 0.000000
4910.873715 0.000000
4910.919365 0.000000
4910.965015 0.000000
4911.010664 0.000000
4911.056314 0.000000
4911.101963 0.000000
4911.147613 0.000000
4911.193263 0.000000
4911.238912 0.000000
4911.284562 0.000000
4911.330211 0.000000
4911.375861 0.000000
4911.421511 0.000000
4911.467160 0.000000
4911.512810 0.000000
4911.558459 0.000000
4911.604109 0.000000
4911.649758 0.000000
4911.695408 0.000000
4911.741058 0.000000
4911.786707 0.000000
4911.832357 0.000000
4911.878006 0.000000
4911.923656 0.000000
4911.969306 0.000000
4912.014955 0.000000
4912.060605 0.000000
4912.106254 0.000000
4912.151904 0.000000
4912.197554 0.000000
4912.243203 0.000000
4912.288853 0.000000
4912.334502 0.000000
4912.380152 0.000000
4912.425802 0.000000
4912.471451 0.000000
4912.517101 0.000000
4912.562750 0.000000
4912.608400 0.000000
4912.654050 0.000000
4912.699699 0.000000
4912.745349 0.000000
4912.790998 0.000000
4912.836648 0.000000
4912.882298 0.000000
4912.927947 0.000000
4912.973597 0.000000
4913.019246 0.000000
4913.064896 0.000000
4913.110545 0.000000
4913.156195 0.000000
4913.201845 0.000000
4913.247494 0.000000
4913.293144 0.000000
4913.338793 0.000000
4913.384443 0.000000
4913.430093 0.000000
4913.475742 0.000000
4913.521392 0.000000
4913.567041 0.000000
4913.612691 0.000000
4913.658341 0.000000
4913.703990 0.000000
4913.749640 0.000000
4913.795289 0.000000
4913.840939 0.000000
4913.886589 0.000000
4913.932238 0.000000
4913.977888 0.000000
4914.023537 0.000000
4914.069187 0.000000
4914.114837 0.000000
4914.160486 0.000000
4914.206136 0.000000
4914.251785 0.000000
4914.297435 0.000000
4914.343085 0.000000
4914.388734 0.000000
4914.434384 0.000000
4914.480033 0.000000
4914.525683 0.000000
4914.571332 0.000000
4914.616982 0.000000
4914.662632 0.000000
4914.708281 0.000000
4914.753931 0.000000
4914.799580 0.000000
4914.845230 0.000000
4914.890880 0.000000
4914.936529 0.000000
4914.982179 0.000000
4915.027828 0.000000
4915.073478 0.000000
4915.119128 0.000000
4915.164777 0.000000
4915.210427 0.000000
4915.256076 0.000000
4915.301726 0.000000
4915.347376 0.000000
4915.393025 0.000000
4915.438675 0.000000
4915.484324 0.000000
4915.529974 0.000000
4915.575624 0.000000
4915.621273 0.000000
4915.666923 0.000000
4915.712572 0.000000
4915.758222 0.000000
4915.803872 0.000000
4915.849521 0.000000
4915.895171 0.000000
4915.940820 0.000000
4915.986470 0.000000
4916.032119 0.000000
4916.077769 0.000000
4916.123419 0.000000
4916.169068 0.000000
4916.214718 0.000000
4916.260367 0.000000
4916.306017 0.000000
4916.351667 0.000000
4916.397316 0.000000
4916.442966 0.000000
4916.488615 0.000000
4916.534265 0.000000
4916.579915 0.000000
4916.625564 0.000000
4916.671214 0.000000
4916.716863 0.000000
4916.762513 0.000000
4916.808163 0.000000
4916.853812 0.000000
4916.899462 0.000000
4916.945111 0.000000
4916.990761 0.000000
4917.036411 0.000000
4917.082060 0.000000
4917.127710 0.000000
4917.173359 0.000000
4917.219009 0.000000
4917.264659 0.000000
4917.310308 0.000000
4917.355958 0.000000
4917.401607 0.000000
4917.447257 0.000000
4917.492906 0.000000
4917.538556 0.000000
4917.584206 0.000000
4917.629855 0.000000
4917.675505 0.000000
4917.721154 0.000000
4917.766804 0.000000
4917.812454 0.000000
4917.858103 0.000000
4917.903753 0.000000
4917.949402 0.000000
4917.995052 0.000000
4918.040702 0.000000
4918.086351 0.000000
4918.132001 0.000000
4918.177650 0.000000
4918.223300 0.000000
4918.268950 0.000000
4918.314599 0.000000
4918.360249 0.000000
4918.405898 0.000000
4918.451548 0.000000
4918.497198 0.000000
4918.542847 0.000000
4918.588497 0.000000
4918.634146 0.000000
4918.679796 0.000000
4918.725446 0.000000
4918.771095 0.000000
4918.816745 0.000000
4918.862394 0.000000
4918.908044 0.000000
4918.953693 0.000000
4918.999343 0.000000
4919.044993 0.000000
4919.090642 0.000000
4919.136292 0.000000
4919.181941 0.000000
4919.227591 0.000000
4919.273241 0.000000
4919.318890 0.000000
4919.364540 0.000000
4919.410189 0.000000
4919.455839 0.000000
4919.501489 0.000000
4919.547138 0.000000
4919.592788 0.000000
4919.638437 0.000000
4919.684087 0.000000
4919.729737 0.000000
4919.775386 0.000000
4919.821036 0.000000
4919.866685 0.000000
4919.912335 0.000000
4919.957985 0.000000
4920.003634 0.000000
4920.049284 0.000000
4920.094933 0.000000
4920.140583 0.000000
4920.186233 0.000000
4920.231882 0.000000
4920.277532 0.000000
4920.323181 0.000000
4920.368831 0.000000
4920.414480 0.000000
4920.460130 0.000000
4920.505780 0.000000
4920.551429 0.000000
4920.597079 0.000000
4920.642728 0.000000
4920.688378 0.000000
4920.734028 0.000000
4920.779677 0.000000
4920.825327 0.000000
4920.870976 0.000000
4920.916626 0.000000
4920.962276 0.000000
4921.007925 0.000000
4921.053575 0.000000
4921.099224 0.000000
4921.144874 0.000000
4921.190524 0.000000
4921.236173 0.000000
4921.281823 0.000000
4921.327472 0.000000
4921.373122 0.000000
4921.418772 0.000000
4921.464421 0.000000
4921.510071 0.000000
4921.555720 0.000000
4921.601370 0.000000
4921.647020 0.000000
4921.692669 0.000000
4921.738319 0.000000
4921.783968 0.000000
4921.829618 0.000000
4921.875267 0.000000
4921.920917 0.000000
4921.966567 0.000000
4922.012216 0.000000
4922.057866 0.000000
4922.103515 0.000000
4922.149165 0.000000
4922.194815 0.000000
4922.240464 0.000000
4922.286114 0.000000
4922.331763 0.000000
4922.377413 0.000000
4922.423063 0.000000
4922.468712 0.000000
4922.514362 0.000000
4922.560011 0.000000
4922.605661 0.000000
4922.651311 0.000000
4922.696960 0.000000
4922.742610 0.000000
4922.788259 0.000000
4922.833909 0.000000
4922.879559 0.000000
4922.925208 0.000000
4922.970858 0.000000
4923.016507 0.000000
4923.062157 0.000000
4923.107807 0.000000
4923.153456 0.000000
4923.199106 0.000000
4923.244755 0.000000
4923.290405 0.000000
4923.336054 0.000000
4923.381704 0.000000
4923.427354 0.000000
4923.473003 0.000000
4923.518653 0.000000
4923.564302 0.000000
4923.609952 0.000000
4923.655602 0.000000
4923.701251 0.000000
4923.746901 0.000000
4923.792550 0.000000
4923.838200 0.000000
4923.883850 0.000000
4923.929499 0.000000
4923.975149 0.000000
4924.020798 0.000000
4924.066448 0.000000
4924.112098 0.000000
4924.157747 0.000000
4924.203397 0.000000
4924.249046 0.000000
4924.294696 0.000000
4924.340346 0.000000
4924.385995 0.000000
4924.431645 0.000000
4924.477294 0.000000
4924.522944 0.000000
4924.568594 0.000000
4924.614243 0.000000
4924.659893 0.000000
4924.705542 0.000000
4924.751192 0.000000
4924.796841 0.000000
4924.842491 0.000000
4924.888141 0.000000
4924.933790 0.000000
4924.979440 0.000000
4925.025089 0.000000
4925.070739 0.000000
4925.116389 0.000000
4925.162038 0.000000
4925.207688 0.000000
4925.253337 0.000000
4925.298987 0.000000
4925.344637 0.000000
4925.390286 0.000000
4925.435936 0.000000
4925.481585 0.000000
4925.527235 0.000000
4925.572885 0.000000
4925.618534 0.000000
4925.664184 0.000000
4925.709833 0.000000
4925.755483 0.000000
4925.801133 0.000000
4925.846782 0.000000
4925.892432 0.000000
4925.938081 0.000000
4925.983731 0.000000
4926.029381 0.000000
4926.075030 0.000000
4926.120680 0.000000
4926.166329 0.000000
4926.211979 0.000000
4926.257628 0.000000
4926.303278 0.000000
4926.348928 0.000000
4926.394577 0.000000
4926.440227 0.000000
4926.485876 0.000000
4926.531526 0.000000
4926.577176 0.000000
4926.622825 0.000000
4926.668475 0.000000
4926.714124 0.000000
4926.759774 0.000000
4926.805424 0.000000
4926.851073 0.000000
4926.896723 0.000000
4926.942372 0.000000
4926.988022 0.000000
4927.033672 0.000000
4927.079321 0.000000
4927.124971 0.000000
4927.170620 0.000000
4927.216270 0.000000
4927.261920 0.000000
4927.307569 0.000000
4927.353219 0.000000
4927.398868 0.000000
4927.444518 0.000000
4927.490168 0.000000
4927.535817 0.000000
4927.581467 0.000000
4927.627116 0.000000
4927.672766 0.000000
4927.718415 0.000000
4927.764065 0.000000
4927.809715 0.000000
4927.855364 0.000000
4927.901014 0.000000
4927.946663 0.000000
4927.992313 0.000000
4928.037963 0.000000
4928.083612 0.000000
4928.129262 0.000000
4928.174911 0.000000
4928.220561 0.000000
4928.266211 0.000000
4928.311860 0.000000
4928.357510 0.000000
4928.403159 0.000000
4928.448809 0.000000
4928.494459 0.000000
4928.540108 0.000000
4928.585758 0.000000
4928.631407 0.000000
4928.677057 0.000000
4928.722707 0.000000
4928.768356 0.000000
4928.814006 0.000000
4928.859655 0.000000
4928.905305 0.000000
4928.950955 0.000000
4928.996604 0.000000
4929.042254 0.000000
4929.087903 0.000000
4929.133553 0.000000
4929.179202 0.000000
4929.224852 0.000000
4929.270502 0.000000
4929.316151 0.000000
4929.361801 0.000000
4929.407450 0.000000
4929.453100 0.000000
4929.498750 0.000000
4929.544399 0.000000
4929.590049 0.000000
4929.635698 0.000000
4929.681348 0.000000
4929.726998 0.000000
4929.772647 0.000000
4929.818297 0.000000
4929.863946 0.000000
4929.909596 0.000000
4929.955246 0.000000
4930.000895 0.000000
4930.046545 0.000000
4930.092194 0.000000
4930.137844 0.000000
4930.183494 0.000000
4930.229143 0.000000
4930.274793 0.000000
4930.320442 0.000000
4930.366092 0.000000
4930.411742 0.000000
4930.457391 0.000000
4930.503041 0.000000
4930.548690 0.000000
4930.594340 0.000000
4930.639989 0.000000
4930.685639 0.000000
4930.731289 0.000000
4930.776938 0.000000
4930.822588 0.000000
4930.868237 0.000000
4930.913887 0.000000
4930.959537 0.000000
4931.005186 0.000000
4931.050836 0.000000
4931.096485 0.000000
4931.142135 0.000000
4931.187785 0.000000
4931.233434 0.000000
4931.279084 0.000000
4931.324733 0.000000
4931.370383 0.000000
4931.416033 0.000000
4931.461682 0.000000
4931.507332 0.000000
4931.552981 0.000000
4931.598631 0.000000
4931.644281 0.000000
4931.689930 0.000000
4931.735580 0.000000
4931.781229 0.000000
4931.826879 0.000000
4931.872529 0.000000
4931.918178 0.000000
4931.963828 0.000000
4932.009477 0.000000
4932.055127 0.000000
4932.100776 0.000000
4932.146426 0.000000
4932.192076 0.000000
4932.237725 0.000000
4932.283375 0.000000
4932.329024 0.000000
4932.374674 0.000000
4932.420324 0.000000
4932.465973 0.000000
4932.511623 0.000000
4932.557272 0.000000
4932.602922 0.000000
4932.648572 0.000000
4932.694221 0.000000
4932.739871 0.000000
4932.785520 0.000000
4932.831170 0.000000
4932.876820 0.000000
4932.922469 0.000000
4932.968119 0.000000
4933.013768 0.000000
4933.059418 0.000000
4933.105068 0.000000
4933.150717 0.000000
4933.196367 0.000000
4933.242016 0.000000
4933.287666 0.000000
4933.333316 0.000000
4933.378965 0.000000
4933.424615 0.000000
4933.470264 0.000000
4933.515914 0.000000
4933.561563 0.000000
4933.607213 0.000000
4933.652863 0.000000
4933.698512 0.000000
4933.744162 0.000000
4933.789811 0.000000
4933.835461 0.000000
4933.881111 0.000000
4933.926760 0.000000
4933.972410 0.000000
4934.018059 0.000000
4934.063709 0.000000
4934.109359 0.000000
4934.155008 0.000000
4934.200658 0.000000
4934.246307 0.000000
4934.291957 0.000000
4934.337607 0.000000
4934.383256 0.000000
4934.428906 0.000000
4934.474555 0.000000
4934.520205 0.000000
4934.565855 0.000000
4934.611504 0.000000
4934.657154 0.000000
4934.702803 0.000000
4934.748453 0.000000
4934.794103 0.000000
4934.839752 0.000000
4934.885402 0.000000
4934.931051 0.000000
4934.976701 0.000000
4935.022350 0.000000
4935.068000 0.000000
4935.113650 0.000000
4935.159299 0.000000
4935.204949 0.000000
4935.250598 0.000000
4935.296248 0.000000
4935.341898 0.000000
4935.387547 0.000000
4935.433197 0.000000
4935.478846 0.000000
4935.524496 0.000000
4935.570146 0.000000
4935.615795 0.000000
4935.661445 0.000000
4935.707094 0.000000
4935.752744 0.000000
4935.798394 0.000000
4935.844043 0.000000
4935.889693 0.000000
4935.935342 0.000000
4935.980992 0.000000
4936.026642 0.000000
4936.072291 0.000000
4936.117941 0.000000
4936.163590 0.000000
4936.209240 0.000000
4936.254889 0.000000
4936.300539 0.000000
4936.346189 0.000000
4936.391838 0.000000
4936.437488 0.000000
4936.483137 0.000000
4936.528787 0.000000
4936.574437 0.000000
4936.620086 0.000000
4936.665736 0.000000
4936.711385 0.000000
4936.757035 0.000000
4936.802685 0.000000
4936.848334 0.000000
4936.893984 0.000000
4936.939633 0.000000
4936.985283 0.000000
4937.030933 0.000000
4937.076582 0.000000
4937.122232 0.000000
4937.167881 0.000000
4937.213531 0.000000
4937.259181 0.000000
4937.304830 0.000000
4937.350480 0.000000
4937.396129 0.000000
4937.441779 0.000000
4937.487429 0.000000
4937.533078 0.000000
4937.578728 0.000000
4937.624377 0.000000
4937.670027 0.000000
4937.715676 0.000000
4937.761326 0.000000
4937.806976 0.000000
4937.852625 0.000000
4937.898275 0.000000
4937.943924 0.000000
4937.989574 0.000000
4938.035224 0.000000
4938.080873 0.000000
4938.126523 0.000000
4938.172172 0.000000
4938.217822 0.000000
4938.263472 0.000000
4938.309121 0.000000
4938.354771 0.000000
4938.400420 0.000000
4938.446070 0.000000
4938.491720 0.000000
4938.537369 0.000000
4938.583019 0.000000
4938.628668 0.000000
4938.674318 0.000000
4938.719968 0.000000
4938.765617 0.000000
4938.811267 0.000000
4938.856916 0.000000
4938.902566 0.000000
4938.948216 0.000000
4938.993865 0.000000
4939.039515 0.000000
4939.085164 0.000000
4939.130814 0.000000
4939.176463 0.000000
4939.222113 0.000000
4939.267763 0.000000
4939.313412 0.000000
4939.359062 0.000000
4939.404711 0.000000
4939.450361 0.000000
4939.496011 0.000000
4939.541660 0.000000
4939.587310 0.000000
4939.632959 0.000000
4939.678609 0.000000
4939.724259 0.000000
4939.769908 0.000000
4939.815558 0.000000
4939.861207 0.000000
4939.906857 0.000000
4939.952507 0.000000
4939.998156 0.000000
4940.043806 0.000000
4940.089455 0.000000
4940.135105 0.000000
4940.180755 0.000000
4940.226404 0.000000
4940.272054 0.000000
4940.317703 0.000000
4940.363353 0.000000
4940.409003 0.000000
4940.454652 0.000000
4940.500302 0.000000
4940.545951 0.000000
4940.591601 0.000000
4940.637250 0.000000
4940.682900 0.000000
4940.728550 0.000000
4940.774199 0.000000
4940.819849 0.000000
4940.865498 0.000000
4940.911148 0.000000
4940.956798 0.000000
4941.002447 0.000000
4941.048097 0.000000
4941.093746 0.000000
4941.139396 0.000000
4941.185046 0.000000
4941.230695 0.000000
4941.276345 0.000000
4941.321994 0.000000
4941.367644 0.000000
4941.413294 0.000000
4941.458943 0.000000
4941.504593 0.000000
4941.550242 0.000000
4941.595892 0.000000
4941.641542 0.000000
4941.687191 0.000000
4941.732841 0.000000
4941.778490 0.000000
4941.824140 0.000000
4941.869790 0.000000
4941.915439 0.000000
4941.961089 0.000000
4942.006738 0.000000
4942.052388 0.000000
4942.098037 0.000000
4942.143687 0.000000
4942.189337 0.000000
4942.234986 0.000000
4942.280636 0.000000
4942.326285 0.000000
4942.371935 0.000000
4942.417585 0.000000
4942.463234 0.000000
4942.508884 0.000000
4942.554533 0.000000
4942.600183 0.000000
4942.645833 0.000000
4942.691482 0.000000
4942.737132 0.000000
4942.782781 0.000000
4942.828431 0.000000
4942.874081 0.000000
4942.919730 0.000000
4942.965380 0.000000
4943.011029 0.000000
4943.056679 0.000000
4943.102329 0.000000
4943.147978 0.000000
4943.193628 0.000000
4943.239277 0.000000
4943.284927 0.000000
4943.330577 0.000000
4943.376226 0.000000
4943.421876 0.000000
4943.467525 0.000000
4943.513175 0.000000
4943.558824 0.000000
4943.604474 0.000000
4943.650124 0.000000
4943.695773 0.000000
4943.741423 0.000000
4943.787072 0.000000
4943.832722 0.000000
4943.878372 0.000000
4943.924021 0.000000
4943.969671 0.000000
4944.015320 0.000000
4944.060970 0.000000
4944.106620 0.000000
4944.152269 0.000000
4944.197919 0.000000
4944.243568 0.000000
4944.289218 0.000000
4944.334868 0.000000
4944.380517 0.000000
4944.426167 0.000000
4944.471816 0.000000
4944.517466 0.000000
4944.563116 0.000000
4944.608765 0.000000
4944.654415 0.000000
4944.700064 0.000000
4944.745714 0.000000
4944.791364 0.000000
4944.837013 0.000000
4944.882663 0.000000
4944.928312 0.000000
4944.973962 0.000000
4945.019611 0.000000
4945.065261 0.000000
4945.110911 0.000000
4945.156560 0.000000
4945.202210 0.000000
4945.247859 0.000000
4945.293509 0.000000
4945.339159 0.000000
4945.384808 0.000000
4945.430458 0.000000
4945.476107 0.000000
4945.521757 0.000000
4945.567407 0.000000
4945.613056 0.000000
4945.658706 0.000000
4945.704355 0.000000
4945.750005 0.000000
4945.795655 0.000000
4945.841304 0.000000
4945.886954 0.000000
4945.932603 0.000000
4945.978253 0.000000
4946.023903 0.000000
4946.069552 0.000000
4946.115202 0.000000
4946.160851 0.000000
4946.206501 0.000000
4946.252151 0.000000
4946.297800 0.000000
4946.343450 0.000000
4946.389099 0.000000
4946.434749 0.000000
4946.480398 0.000000
4946.526048 0.000000
4946.571698 0.000000
4946.617347 0.000000
4946.662997 0.000000
4946.708646 0.000000
4946.754296 0.000000
4946.799946 0.000000
4946.845595 0.000000
4946.891245 0.000000
4946.936894 0.000000
4946.982544 0.000000
4947.028194 0.000000
4947.073843 0.000000
4947.119493 0.000000
4947.165142 0.000000
4947.210792 0.000000
4947.256442 0.000000
4947.302091 0.000000
4947.347741 0.000000
4947.393390 0.000000
4947.439040 0.000000
4947.484690 0.000000
4947.530339 0.000000
4947.575989 0.000000
4947.621638 0.000000
4947.667288 0.000000
4947.712938 0.000000
4947.758587 0.000000
4947.804237 0.000000
4947.849886 0.000000
4947.895536 0.000000
4947.941185 0.000000
4947.986835 0.000000
4948.032485 0.000000
4948.078134 0.000000
4948.123784 0.000000
4948.169433 0.000000
4948.215083 0.000000
4948.260733 0.000000
4948.306382 0.000000
4948.352032 0.000000
4948.397681 0.000000
4948.443331 0.000000
4948.488981 0.000000
4948.534630 0.000000
4948.580280 0.000000
4948.625929 0.000000
4948.671579 0.000000
4948.717229 0.000000
4948.762878 0.000000
4948.808528 0.000000
4948.854177 0.000000
4948.899827 0.000000
4948.945477 0.000000
4948.991126 0.000000
4949.036776 0.000000
4949.082425 0.000000
4949.128075 0.000000
4949.173725 0.000000
4949.219374 0.000000
4949.265024 0.000000
4949.310673 0.000000
4949.356323 0.000000
4949.401972 0.000000
4949.447622 0.000000
4949.493272 0.000000
4949.538921 0.000000
4949.584571 0.000000
4949.630220 0.000000
4949.675870 0.000000
4949.721520 0.000000
4949.767169 0.000000
4949.812819 0.000000
4949.858468 0.000000
4949.904118 0.000000
4949.949768 0.000000
4949.995417 0.000000
4950.041067 0.000000
4950.086716 0.000000
4950.132366 0.000000
4950.178016 0.000000
4950.223665 0.000000
4950.269315 0.000000
4950.314964 0.000000
4950.360614 0.000000
4950.406264 0.000000
4950.451913 0.000000
4950.497563 0.000000
4950.543212 0.000000
4950.588862 0.000000
4950.634512 0.000000
4950.680161 0.000000
4950.725811 0.000000
4950.771460 0.000000
4950.817110 0.000001
4950.862759 0.000001
4950.908409 0.000001
4950.954059 0.000001
4950.999708 0.000001
4951.045358 0.000001
4951.091007 0.000001
4951.136657 0.000001
4951.182307 0.000001
4951.227956 0.000001
4951.273606 0.000001
4951.319255 0.000001
4951.364905 0.000001
4951.410555 0.000001
4951.456204 0.000001
4951.501854 0.000001
4951.547503 0.000001
4951.593153 0.000001
4951.638803 0.000001
4951.684452 0.000001
4951.730102 0.000001
4951.775751 0.000001
4951.821401 0.000001
4951.867051 0.000001
4951.912700 0.000001
4951.958350 0.000001
4952.003999 0.000001
4952.049649 0.000001
4952.095299 0.000001
4952.140948 0.000001
4952.186598 0.000001
4952.232247 0.000001
4952.277897 0.000001
4952.323546 0.000001
4952.369196 0.000001
4952.414846 0.000001
4952.460495 0.000001
4952.506145 0.000001
4952.551794 0.000001
4952.597444 0.000001
4952.643094 0.000001
4952.688743 0.000001
4952.734393 0.000001
4952.780042 0.000001
4952.825692 0.000001
4952.871342 0.000001
4952.916991 0.000001
4952.962641 0.000001
4953.008290 0.000001
4953.053940 0.000001
4953.099590 0.000002
4953.145239 0.000002
4953.190889 0.000002
4953.236538 0.000002
4953.282188 0.000002
4953.327838 0.000002
4953.373487 0.000002
4953.419137 0.000002
4953.464786 0.000002
4953.510436 0.000002
4953.556086 0.000002
4953.601735 0.000002
4953.647385 0.000002
4953.693034 0.000002
4953.738684 0.000002
4953.784333 0.000002
4953.829983 0.000002
4953.875633 0.000002
4953.921282 0.000002
4953.966932 0.000002
4954.012581 0.000002
4954.058231 0.000002
4954.103881 0.000002
4954.149530 0.000003
4954.195180 0.000003
4954.240829 0.000003
4954.286479 0.000003
4954.332129 0.000003
4954.377778 0.000003
4954.423428 0.000003
4954.469077 0.000003
4954.514727 0.000003
4954.560377 0.000003
4954.606026 0.000003
4954.651676 0.000003
4954.697325 0.000003
4954.742975 0.000003
4954.788625 0.000003
4954.834274 0.000003
4954.879924 0.000004
4954.925573 0.000004
4954.971223 0.000004
4955.016873 0.000004
4955.062522 0.000004
4955.108172 0.000004
4955.153821 0.000004
4955.199471 0.000004
4955.245120 0.000004
4955.290770 0.000004
4955.336420 0.000004
4955.382069 0.000004
4955.427719 0.000005
4955.473368 0.000005
4955.519018 0.000005
4955.564668 0.000005
4955.610317 0.000005
4955.655967 0.000005
4955.701616 0.000005
4955.747266 0.000005
4955.792916 0.000005
4955.838565 0.000005
4955.884215 0.000006
4955.929864 0.000006
4955.975514 0.000006
4956.021164 0.000006
4956.066813 0.000006
4956.112463 0.000006
4956.158112 0.000006
4956.203762 0.000006
4956.249412 0.000007
4956.295061 0.000007
4956.340711 0.000007
4956.386360 0.000007
4956.432010 0.000007
4956.477660 0.000007
4956.523309 0.000007
4956.568959 0.000008
4956.614608 0.000008
4956.660258 0.000008
4956.705907 0.000008
4956.751557 0.000008
4956.797207 0.000008
4956.842856 0.000009
4956.888506 0.000009
4956.934155 0.000009
4956.979805 0.000009
4957.025455 0.000009
4957.071104 0.000009
4957.116754 0.000010
4957.162403 0.000010
4957.208053 0.000010
4957.253703 0.000010
4957.299352 0.000010
4957.345002 0.000011
4957.390651 0.000011
4957.436301 0.000011
4957.481951 0.000011
4957.527600 0.000012
4957.573250 0.000012
4957.618899 0.000012
4957.664549 0.000012
4957.710199 0.000012
4957.755848 0.000013
4957.801498 0.000013
4957.847147 0.000013
4957.892797 0.000013
4957.938447 0.000014
4957.984096 0.000014
4958.029746 0.000014
4958.075395 0.000015
4958.121045 0.000015
4958.166694 0.000015
4958.212344 0.000015
4958.257994 0.000016
4958.303643 0.000016
4958.349293 0.000016
4958.394942 0.000017
4958.440592 0.000017
4958.486242 0.000017
4958.531891 0.000018
4958.577541 0.000018
4958.623190 0.000018
4958.668840 0.000019
4958.714490 0.000019
4958.760139 0.000020
4958.805789 0.000020
4958.851438 0.000020
4958.897088 0.000021
4958.942738 0.000021
4958.988387 0.000022
4959.034037 0.000022
4959.079686 0.000022
4959.125336 0.000023
4959.170986 0.000023
4959.216635 0.000024
4959.262285 0.000024
4959.307934 0.000025
4959.353584 0.000025
4959.399234 0.000026
4959.444883 0.000026
4959.490533 0.000027
4959.536182 0.000027
4959.581832 0.000028
4959.627481 0.000028
4959.673131 0.000029
4959.718781 0.000029
4959.764430 0.000030
4959.810080 0.000030
4959.855729 0.000031
4959.901379 0.000032
4959.947029 0.000032
4959.992678 0.000033
4960.038328 0.000033
4960.083977 0.000034
4960.129627 0.000035
4960.175277 0.000035
4960.220926 0.000036
4960.266576 0.000037
4960.312225 0.000037
4960.357875 0.000038
4960.403525 0.000039
4960.449174 0.000040
4960.494824 0.000040
4960.540473 0.000041
4960.586123 0.000042
4960.631773 0.000043
4960.677422 0.000043
4960.723072 0.000044
4960.768721 0.000045
4960.814371 0.000046
4960.860021 0.000047
4960.905670 0.000048
4960.951320 0.000049
4960.996969 0.000049
4961.042619 0.000050
4961.088268 0.000051
4961.133918 0.000052
4961.179568 0.000053
4961.225217 0.000054
4961.270867 0.000055
4961.316516 0.000056
4961.362166 0.000057
4961.407816 0.000058
4961.453465 0.000059
4961.499115 0.000061
4961.544764 0.000062
4961.590414 0.000063
4961.636064 0.000064
4961.681713 0.000065
4961.727363 0.000066
4961.773012 0.000068
4961.818662 0.000069
4961.864312 0.000070
4961.909961 0.000071
4961.955611 0.000073
4962.001260 0.000074
4962.046910 0.000075
4962.092560 0.000077
4962.138209 0.000078
4962.183859 0.000079
4962.229508 0.000081
4962.275158 0.000082
4962.320808 0.000084
4962.366457 0.000085
4962.412107 0.000087
4962.457756 0.000088
4962.503406 0.000090
4962.549055 0.000092
4962.594705 0.000093
4962.640355 0.000095
4962.686004 0.000097
4962.731654 0.000098
4962.777303 0.000100
4962.822953 0.000102
4962.868603 0.000104
4962.914252 0.000106
4962.959902 0.000108
4963.005551 0.000109
4963.051201 0.000111
4963.096851 0.000113
4963.142500 0.000115
4963.188150 0.000117
4963.233799 0.000119
4963.279449 0.000122
4963.325099 0.000124
4963.370748 0.000126
4963.416398 0.000128
4963.462047 0.000130
4963.507697 0.000133
4963.553347 0.000135
4963.598996 0.000137
4963.644646 0.000140
4963.690295 0.000142
4963.735945 0.000145
4963.781595 0.000147
4963.827244 0.000150
4963.872894 0.000152
4963.918543 0.000155
4963.964193 0.000158
4964.009842 0.000161
4964.055492 0.000163
4964.101142 0.000166
4964.146791 0.000169
4964.192441 0.000172
4964.238090 0.000175
4964.283740 0.000178
4964.329390 0.000181
4964.375039 0.000184
4964.420689 0.000187
4964.466338 0.000190
4964.511988 0.000194
4964.557638 0.000197
4964.603287 0.000200
4964.648937 0.000204
4964.694586 0.000207
4964.740236 0.000211
4964.785886 0.000214
4964.831535 0.000218
4964.877185 0.000222
4964.922834 0.000226
4964.968484 0.000229
4965.014134 0.000233
4965.059783 0.000237
4965.105433 0.000241
4965.151082 0.000245
4965.196732 0.000249
4965.242382 0.000254
4965.288031 0.000258
4965.333681 0.000262
4965.379330 0.000267
4965.424980 0.000271
4965.470629 0.000276
4965.516279 0.000280
4965.561929 0.000285
4965.607578 0.000290
4965.653228 0.000294
4965.698877 0.000299
4965.744527 0.000304
4965.790177 0.000309
4965.835826 0.000314
4965.881476 0.000320
4965.927125 0.000325
4965.972775 0.000330
4966.018425 0.000336
4966.064074 0.000341
4966.109724 0.000347
4966.155373 0.000353
4966.201023 0.000358
4966.246673 0.000364
4966.292322 0.000370
4966.337972 0.000376
4966.383621 0.000383
4966.429271 0.000389
4966.474921 0.000395
4966.520570 0.000402
4966.566220 0.000408
4966.611869 0.000415
4966.657519 0.000421
4966.703169 0.000428
4966.748818 0.000435
4966.794468 0.000442
4966.840117 0.000449
4966.885767 0.000457
4966.931416 0.000464
4966.977066 0.000471
4967.022716 0.000479
4967.068365 0.000487
4967.114015 0.000495
4967.159664 0.000502
4967.205314 0.000510
4967.250964 0.000519
4967.296613 0.000527
4967.342263 0.000535
4967.387912 0.000544
4967.433562 0.000552
4967.479212 0.000561
4967.524861 0.000570
4967.570511 0.000579
4967.616160 0.000588
4967.661810 0.000598
4967.707460 0.000607
4967.753109 0.000617
4967.798759 0.000626
4967.844408 0.000636
4967.890058 0.000646
4967.935708 0.000656
4967.981357 0.000667
4968.027007 0.000677
4968.072656 0.000688
4968.118306 0.000698
4968.163956 0.000709
4968.209605 0.000720
4968.255255 0.000731
4968.300904 0.000743
4968.346554 0.000754
4968.392203 0.000766
4968.437853 0.000778
4968.483503 0.000790
4968.529152 0.000802
4968.574802 0.000814
4968.620451 0.000827
4968.666101 0.000840
4968.711751 0.000853
4968.757400 0.000866
4968.803050 0.000879
4968.848699 0.000892
4968.894349 0.000906
4968.939999 0.000920
4968.985648 0.000934
4969.031298 0.000948
4969.076947 0.000962
4969.122597 0.000977
4969.168247 0.000992
4969.213896 0.001007
4969.259546 0.001022
4969.305195 0.001037
4969.350845 0.001053
4969.396495 0.001069
4969.442144 0.001085
4969.487794 0.001101
4969.533443 0.001118
4969.579093 0.001135
4969.624743 0.001152
4969.670392 0.001169
4969.716042 0.001186
4969.761691 0.001204
4969.807341 0.001222
4969.852990 0.001240
4969.898640 0.001258
4969.944290 0.001277
4969.989939 0.001296
4970.035589 0.001315
4970.081238 0.001335
4970.126888 0.001354
4970.172538 0.001374
4970.218187 0.001394
4970.263837 0.001415
4970.309486 0.001436
4970.355136 0.001457
4970.400786 0.001478
4970.446435 0.001500
4970.492085 0.001521
4970.537734 0.001544
4970.583384 0.001566
4970.629034 0.001589
4970.674683 0.001612
4970.720333 0.001635
4970.765982 0.001659
4970.811632 0.001683
4970.857282 0.001707
4970.902931 0.001732
4970.948581 0.001757
4970.994230 0.001782
4971.039880 0.001808
4971.085530 0.001834
4971.131179 0.001860
4971.176829 0.001886
4971.222478 0.001913
4971.268128 0.001941
4971.313777 0.001968
4971.359427 0.001996
4971.405077 0.002025
4971.450726 0.002053
4971.496376 0.002083
4971.542025 0.002112
4971.587675 0.002142
4971.633325 0.002172
4971.678974 0.002203
4971.724624 0.002234
4971.770273 0.002265
4971.815923 0.002297
4971.861573 0.002329
4971.907222 0.002362
4971.952872 0.002395
4971.998521 0.002428
4972.044171 0.002462
4972.089821 0.002496
4972.135470 0.002531
4972.181120 0.002566
4972.226769 0.002601
4972.272419 0.002637
4972.318069 0.002674
4972.363718 0.002711
4972.409368 0.002748
4972.455017 0.002786
4972.500667 0.002824
4972.546317 0.002863
4972.591966 0.002902
4972.637616 0.002942
4972.683265 0.002982
4972.728915 0.003023
4972.774564 0.003064
4972.820214 0.003106
4972.865864 0.003148
4972.911513 0.003190
4972.957163 0.003234
4973.002812 0.003277
4973.048462 0.003322
4973.094112 0.003366
4973.139761 0.003412
4973.185411 0.003458
4973.231060 0.003504
4973.276710 0.003551
4973.322360 0.003599
4973.368009 0.003647
4973.413659 0.003695
4973.459308 0.003745
4973.504958 0.003795
4973.550608 0.003845
4973.596257 0.003896
4973.641907 0.003948
4973.687556 0.004000
4973.733206 0.004053
4973.778856 0.004106
4973.824505 0.004160
4973.870155 0.004215
4973.915804 0.004271
4973.961454 0.004327
4974.007104 0.004383
4974.052753 0.004441
4974.098403 0.004499
4974.144052 0.004557
4974.189702 0.004617
4974.235351 0.004677
4974.281001 0.004737
4974.326651 0.004799
4974.372300 0.004861
4974.417950 0.004924
4974.463599 0.004987
4974.509249 0.005051
4974.554899 0.005116
4974.600548 0.005182
4974.646198 0.005249
4974.691847 0.005316
4974.737497 0.005384
4974.783147 0.005453
4974.828796 0.005522
4974.874446 0.005592
4974.920095 0.005664
4974.965745 0.005735
4975.011395 0.005808
4975.057044 0.005882
4975.102694 0.005956
4975.148343 0.006031
4975.193993 0.006107
4975.239643 0.006184
4975.285292 0.006261
4975.330942 0.006340
4975.376591 0.006419
4975.422241 0.006499
4975.467891 0.006581
4975.513540 0.006663
4975.559190 0.006745
4975.604839 0.006829
4975.650489 0.006914
4975.696138 0.007000
4975.741788 0.007086
4975.787438 0.007174
4975.833087 0.007262
4975.878737 0.007351
4975.924386 0.007442
4975.970036 0.007533
4976.015686 0.007625
4976.061335 0.007718
4976.106985 0.007813
4976.152634 0.007908
4976.198284 0.008004
4976.243934 0.008101
4976.289583 0.008199
4976.335233 0.008299
4976.380882 0.008399
4976.426532 0.008501
4976.472182 0.008603
4976.517831 0.008706
4976.563481 0.008811
4976.609130 0.008917
4976.654780 0.009024
4976.700430 0.009131
4976.746079 0.009240
4976.791729 0.009351
4976.837378 0.009462
4976.883028 0.009574
4976.928678 0.009688
4976.974327 0.009802
4977.019977 0.009918
4977.065626 0.010035
4977.111276 0.010153
4977.156925 0.010273
4977.202575 0.010394
4977.248225 0.010515
4977.293874 0.010638
4977.339524 0.010763
4977.385173 0.010888
4977.430823 0.011015
4977.476473 0.011143
4977.522122 0.011272
4977.567772 0.011403
4977.613421 0.011535
4977.659071 0.011668
4977.704721 0.011803
4977.750370 0.011939
4977.796020 0.012076
4977.841669 0.012214
4977.887319 0.012354
4977.932969 0.012495
4977.978618 0.012638
4978.024268 0.012782
4978.069917 0.012927
4978.115567 0.013074
4978.161217 0.013222
4978.206866 0.013372
4978.252516 0.013523
4978.298165 0.013675
4978.343815 0.013829
4978.389465 0.013985
4978.435114 0.014142
4978.480764 0.014300
4978.526413 0.014460
4978.572063 0.014621
4978.617712 0.014784
4978.663362 0.014949
4978.709012 0.015115
4978.754661 0.015282
4978.800311 0.015451
4978.845960 0.015622
4978.891610 0.015794
4978.937260 0.015968
4978.982909 0.016144
4979.028559 0.016321
4979.074208 0.016499
4979.119858 0.016680
4979.165508 0.016862
4979.211157 0.017045
4979.256807 0.017230
4979.302456 0.017417
4979.348106 0.017606
4979.393756 0.017796
4979.439405 0.017989
4979.485055 0.018182
4979.530704 0.018378
4979.576354 0.018575
4979.622004 0.018774
4979.667653 0.018975
4979.713303 0.019178
4979.758952 0.019382
4979.804602 0.019588
4979.850252 0.019796
4979.895901 0.020006
4979.941551 0.020218
4979.987200 0.020431
4980.032850 0.020647
4980.078499 0.020864
4980.124149 0.021083
4980.169799 0.021304
4980.215448 0.021527
4980.261098 0.021752
4980.306747 0.021979
4980.352397 0.022207
4980.398047 0.022438
4980.443696 0.022671
4980.489346 0.022905
4980.534995 0.023142
4980.580645 0.023380
4980.626295 0.023621
4980.671944 0.023863
4980.717594 0.024108
4980.763243 0.024355
4980.808893 0.024604
4980.854543 0.024854
4980.900192 0.025107
4980.945842 0.025362
4980.991491 0.025619
4981.037141 0.025878
4981.082791 0.026140
4981.128440 0.026403
4981.174090 0.026669
4981.219739 0.026936
4981.265389 0.027206
4981.311038 0.027478
4981.356688 0.027753
4981.402338 0.028029
4981.447987 0.028308
4981.493637 0.028589
4981.539286 0.028872
4981.584936 0.029157
4981.630586 0.029445
4981.676235 0.029735
4981.721885 0.030027
4981.767534 0.030321
4981.813184 0.030618
4981.858834 0.030917
4981.904483 0.031218
4981.950133 0.031522
4981.995782 0.031828
4982.041432 0.032137
4982.087082 0.032447
4982.132731 0.032761
4982.178381 0.033076
4982.224030 0.033394
4982.269680 0.033714
4982.315330 0.034037
4982.360979 0.034363
4982.406629 0.034690
4982.452278 0.035020
4982.497928 0.035353
4982.543578 0.035688
4982.589227 0.036026
4982.634877 0.036366
4982.680526 0.036708
4982.726176 0.037053
4982.771825 0.037401
4982.817475 0.037751
4982.863125 0.038104
4982.908774 0.038459
4982.954424 0.038817
4983.000073 0.039177
4983.045723 0.039540
4983.091373 0.039906
4983.137022 0.040274
4983.182672 0.040645
4983.228321 0.041018
4983.273971 0.041394
4983.319621 0.041773
4983.365270 0.042154
4983.410920 0.042538
4983.456569 0.042925
4983.502219 0.043315
4983.547869 0.043707
4983.593518 0.044101
4983.639168 0.044499
4983.684817 0.044899
4983.730467 0.045302
4983.776117 0.045708
4983.821766 0.046116
4983.867416 0.046528
4983.913065 0.046942
4983.958715 0.047358
4984.004365 0.047778
4984.050014 0.048200
4984.095664 0.048626
4984.141313 0.049054
4984.186963 0.049484
4984.232612 0.049918
4984.278262 0.050354
4984.323912 0.050794
4984.369561 0.051236
4984.415211 0.051681
4984.460860 0.052129
4984.506510 0.052580
4984.552160 0.053033
4984.597809 0.053490
4984.643459 0.053949
4984.689108 0.054412
4984.734758 0.054877
4984.780408 0.055345
4984.826057 0.055816
4984.871707 0.056290
4984.917356 0.056767
4984.963006 0.057247
4985.008656 0.057730
4985.054305 0.058216
4985.099955 0.058704
4985.145604 0.059196
4985.191254 0.059691
4985.236904 0.060189
4985.282553 0.060689
4985.328203 0.061193
4985.373852 0.061700
4985.419502 0.062209
4985.465152 0.062722
4985.510801 0.063238
4985.556451 0.063756
4985.602100 0.064278
4985.647750 0.064803
4985.693399 0.065331
4985.739049 0.065862
4985.784699 0.066396
4985.830348 0.066933
4985.875998 0.067473
4985.921647 0.068016
4985.967297 0.068562
4986.012947 0.069111
4986.058596 0.069663
4986.104246 0.070218
4986.149895 0.070777
4986.195545 0.071338
4986.241195 0.071903
4986.286844 0.072470
4986.332494 0.073041
4986.378143 0.073615
4986.423793 0.074192
4986.469443 0.074772
4986.515092 0.075355
4986.560742 0.075941
4986.606391 0.076530
4986.652041 0.077123
4986.697691 0.077718
4986.743340 0.078317
4986.788990 0.078918
4986.834639 0.079523
4986.880289 0.080131
4986.925939 0.080742
4986.971588 0.081356
4987.017238 0.081973
4987.062887 0.082593
4987.108537 0.083217
4987.154186 0.083843
4987.199836 0.084473
4987.245486 0.085105
4987.291135 0.085741
4987.336785 0.086380
4987.382434 0.087022
4987.428084 0.087667
4987.473734 0.088315
4987.519383 0.088966
4987.565033 0.089620
4987.610682 0.090278
4987.656332 0.090938
4987.701982 0.091602
4987.747631 0.092269
4987.793281 0.092938
4987.838930 0.093611
4987.884580 0.094287
4987.930230 0.094966
4987.975879 0.095648
4988.021529 0.096333
4988.067178 0.097021
4988.112828 0.097712
4988.158478 0.098407
4988.204127 0.099104
4988.249777 0.099804
4988.295426 0.100507
4988.341076 0.101214
4988.386726 0.101923
4988.432375 0.102636
4988.478025 0.103351
4988.523674 0.104069
4988.569324 0.104791
4988.614973 0.105515
4988.660623 0.106243
4988.706273 0.106973
4988.751922 0.107706
4988.797572 0.108443
4988.843221 0.109182
4988.888871 0.109924
4988.934521 0.110669
4988.980170 0.111417
4989.025820 0.112168
4989.071469 0.112922
4989.117119 0.113679
4989.162769 0.114439
4989.208418 0.115201
4989.254068 0.115967
4989.299717 0.116735
4989.345367 0.117507
4989.391017 0.118281
4989.436666 0.119058
4989.482316 0.119838
4989.527965 0.120620
4989.573615 0.121406
4989.619265 0.122194
4989.664914 0.122985
4989.710564 0.123779
4989.756213 0.124576
4989.801863 0.125375
4989.847513 0.126177
4989.893162 0.126982
4989.938812 0.127790
4989.984461 0.128600
4990.030111 0.129413
4990.075760 0.130229
4990.121410 0.131047
4990.167060 0.131869
4990.212709 0.132692
4990.258359 0.133519
4990.304008 0.134348
4990.349658 0.135180
4990.395308 0.136014
4990.440957 0.136851
4990.486607 0.137691
4990.532256 0.138533
4990.577906 0.139378
4990.623556 0.140225
4990.669205 0.141075
4990.714855 0.141928
4990.760504 0.142783
4990.806154 0.143640
4990.851804 0.144500
4990.897453 0.145362
4990.943103 0.146227
4990.988752 0.147095
4991.034402 0.147965
4991.080052 0.148837
4991.125701 0.149712
4991.171351 0.150589
4991.217000 0.151469
4991.262650 0.152351
4991.308300 0.153235
4991.353949 0.154122
4991.399599 0.155011
4991.445248 0.155902
4991.490898 0.156796
4991.536547 0.157692
4991.582197 0.158591
4991.627847 0.159492
4991.673496 0.160395
4991.719146 0.161301
4991.764795 0.162208
4991.810445 0.163118
4991.856095 0.164031
4991.901744 0.164945
4991.947394 0.165862
4991.993043 0.166782
4992.038693 0.167703
4992.084343 0.168627
4992.129992 0.169553
4992.175642 0.170481
4992.221291 0.171412
4992.266941 0.172344
4992.312591 0.173279
4992.358240 0.174217
4992.403890 0.175156
4992.449539 0.176098
4992.495189 0.177042
4992.540839 0.177988
4992.586488 0.178937
4992.632138 0.179888
4992.677787 0.180841
4992.723437 0.181796
4992.769087 0.182754
4992.814736 0.183714
4992.860386 0.184676
4992.906035 0.185641
4992.951685 0.186608
4992.997334 0.187577
4993.042984 0.188549
4993.088634 0.189523
4993.134283 0.190500
4993.179933 0.191479
4993.225582 0.192461
4993.271232 0.193445
4993.316882 0.194431
4993.362531 0.195421
4993.408181 0.196412
4993.453830 0.197407
4993.499480 0.198404
4993.545130 0.199404
4993.590779 0.200406
4993.636429 0.201412
4993.682078 0.202420
4993.727728 0.203431
4993.773378 0.204445
4993.819027 0.205462
4993.864677 0.206483
4993.910326 0.207506
4993.955976 0.208533
4994.001626 0.209562
4994.047275 0.210596
4994.092925 0.211632
4994.138574 0.212672
4994.184224 0.213716
4994.229874 0.214764
4994.275523 0.215815
4994.321173 0.216870
4994.366822 0.217929
4994.412472 0.218992
4994.458121 0.220060
4994.503771 0.221131
4994.549421 0.222208
4994.595070 0.223288
4994.640720 0.224374
4994.686369 0.225464
4994.732019 0.226560
4994.777669 0.227660
4994.823318 0.228766
4994.868968 0.229877
4994.914617 0.230994
4994.960267 0.232117
4995.005917 0.233245
4995.051566 0.234380
4995.097216 0.235522
4995.142865 0.236670
4995.188515 0.237824
4995.234165 0.238986
4995.279814 0.240155
4995.325464 0.241331
4995.371113 0.242515
4995.416763 0.243708
4995.462413 0.244908
4995.508062 0.246117
4995.553712 0.247335
4995.599361 0.248562
4995.645011 0.249798
4995.690661 0.251044
4995.736310 0.252300
4995.781960 0.253566
4995.827609 0.254843
4995.873259 0.256131
4995.918908 0.257431
4995.964558 0.258742
4996.010208 0.260066
4996.055857 0.261402
4996.101507 0.262751
4996.147156 0.264114
4996.192806 0.265490
4996.238456 0.266881
4996.284105 0.268286
4996.329755 0.269707
4996.375404 0.271143
4996.421054 0.272596
4996.466704 0.274066
4996.512353 0.275552
4996.558003 0.277057
4996.603652 0.278580
4996.649302 0.280122
4996.694952 0.281684
4996.740601 0.283266
4996.786251 0.284868
4996.831900 0.286492
4996.877550 0.288139
4996.923200 0.289808
4996.968849 0.291500
4997.014499 0.293217
4997.060148 0.294958
4997.105798 0.296726
4997.151448 0.298519
4997.197097 0.300340
4997.242747 0.302189
4997.288396 0.304066
4997.334046 0.305973
4997.379695 0.307911
4997.425345 0.309880
4997.470995 0.311881
4997.516644 0.313915
4997.562294 0.315983
4997.607943 0.318086
4997.653593 0.320226
4997.699243 0.322402
4997.744892 0.324615
4997.790542 0.326868
4997.836191 0.329161
4997.881841 0.331495
4997.927491 0.333871
4997.973140 0.336289
4998.018790 0.338753
4998.064439 0.341261
4998.110089 0.343816
4998.155739 0.346419
4998.201388 0.349070
4998.247038 0.351772
4998.292687 0.354525
4998.338337 0.357330
4998.383987 0.360189
4998.429636 0.363103
4998.475286 0.366074
4998.520935 0.369101
4998.566585 0.372188
4998.612235 0.375335
4998.657884 0.378544
4998.703534 0.381815
4998.749183 0.385151
4998.794833 0.388553
4998.840482 0.392021
4998.886132 0.395558
4998.931782 0.399165
4998.977431 0.402843
4999.023081 0.406594
4999.068730 0.410419
4999.114380 0.414320
4999.160030 0.418299
4999.205679 0.422355
4999.251329 0.426492
4999.296978 0.430711
4999.342628 0.435012
4999.388278 0.439399
4999.433927 0.443871
4999.479577 0.448431
4999.525226 0.453081
4999.570876 0.457821
4999.616526 0.462653
4999.662175 0.467579
4999.707825 0.472600
4999.753474 0.477717
4999.799124 0.482933
4999.844774 0.488249
4999.890423 0.493666
4999.936073 0.499185
4999.981722 0.504809
5000.027372 0.510538
5000.073022 0.516374
5000.118671 0.522318
5000.164321 0.528373
5000.209970 0.534538
5000.255620 0.540816
5000.301269 0.547208
5000.346919 0.553716
5000.392569 0.560340
5000.438218 0.567082
5000.483868 0.573942
5000.529517 0.580924
5000.575167 0.588027
5000.620817 0.595252
5000.666466 0.602602
5000.712116 0.610076
5000.757765 0.617676
5000.803415 0.625404
5000.849065 0.633259
5000.894714 0.641244
5000.940364 0.649358
5000.986013 0.657603
5001.031663 0.665979
5001.077313 0.674488
5001.122962 0.683130
5001.168612 0.691905
5001.214261 0.700815
5001.259911 0.709859
5001.305561 0.719038
5001.351210 0.728354
5001.396860 0.737805
5001.442509 0.747393
5001.488159 0.757117
5001.533809 0.766978
5001.579458 0.776976
5001.625108 0.787110
5001.670757 0.797382
5001.716407 0.807790
5001.762056 0.818335
5001.807706 0.829016
5001.853356 0.839833
5001.899005 0.850786
5001.944655 0.861874
5001.990304 0.873096
5002.035954 0.884452
5002.081604 0.895941
5002.127253 0.907563
5002.172903 0.919315
5002.218552 0.931198
5002.264202 0.943211
5002.309852 0.955351
5002.355501 0.967618
5002.401151 0.980010
5002.446800 0.992527
5002.492450 1.005166
5002.538100 1.017926
5002.583749 1.030804
5002.629399 1.043800
5002.675048 1.056912
5002.720698 1.070136
5002.766348 1.083472
5002.811997 1.096916
5002.857647 1.110467
5002.903296 1.124123
5002.948946 1.137880
5002.994596 1.151736
5003.040245 1.165689
5003.085895 1.179735
5003.131544 1.193872
5003.177194 1.208097
5003.222843 1.222407
5003.268493 1.236798
5003.314143 1.251267
5003.359792 1.265811
5003.405442 1.280427
5003.451091 1.295111
5003.496741 1.309859
5003.542391 1.324667
5003.588040 1.339533
5003.633690 1.354451
5003.679339 1.369418
5003.724989 1.384430
5003.770639 1.399483
5003.816288 1.414573
5003.861938 1.429695
5003.907587 1.444845
5003.953237 1.460018
5003.998887 1.475210
5004.044536 1.490417
5004.090186 1.505634
5004.135835 1.520856
5004.181485 1.536078
5004.227135 1.551296
5004.272784 1.566504
5004.318434 1.581698
5004.364083 1.596873
5004.409733 1.612024
5004.455383 1.627146
5004.501032 1.642233
5004.546682 1.657281
5004.592331 1.672284
5004.637981 1.687237
5004.683630 1.702135
5004.729280 1.716973
5004.774930 1.731745
5004.820579 1.746447
5004.866229 1.761072
5004.911878 1.775615
5004.957528 1.790072
5005.003178 1.804436
5005.048827 1.818703
5005.094477 1.832867
5005.140126 1.846923
5005.185776 1.860865
5005.231426 1.874689
5005.277075 1.888389
5005.322725 1.901959
5005.368374 1.915395
5005.414024 1.928691
5005.459674 1.941842
5005.505323 1.954844
5005.550973 1.967690
5005.596622 1.980376
5005.642272 1.992897
5005.687922 2.005248
5005.733571 2.017425
5005.779221 2.029421
5005.824870 2.041233
5005.870520 2.052856
5005.916170 2.064286
5005.961819 2.075516
5006.007469 2.086545
5006.053118 2.097366
5006.098768 2.107975
5006.144417 2.118369
5006.190067 2.128543
5006.235717 2.138494
5006.281366 2.148216
5006.327016 2.157707
5006.372665 2.166963
5006.418315 2.175979
5006.463965 2.184753
5006.509614 2.193281
5006.555264 2.201560
5006.600913 2.209587
5006.646563 2.217358
5006.692213 2.224870
5006.737862 2.232122
5006.783512 2.239109
5006.829161 2.245829
5006.874811 2.252281
5006.920461 2.258461
5006.966110 2.264368
5007.011760 2.269998
5007.057409 2.275352
5007.103059 2.280425
5007.148709 2.285218
5007.194358 2.289728
5007.240008 2.293954
5007.285657 2.297894
5007.331307 2.301548
5007.376957 2.304915
5007.422606 2.307993
5007.468256 2.310782
5007.513905 2.313281
5007.559555 2.315491
5007.605204 2.317410
5007.650854 2.319038
5007.696504 2.320375
5007.742153 2.321422
5007.787803 2.322179
5007.833452 2.322646
5007.879102 2.322823
5007.924752 2.322711
5007.970401 2.322312
5008.016051 2.321625
5008.061700 2.320652
5008.107350 2.319394
5008.153000 2.317852
5008.198649 2.316028
5008.244299 2.313924
5008.289948 2.311540
5008.335598 2.308878
5008.381248 2.305941
5008.426897 2.302731
5008.472547 2.299249
5008.518196 2.295498
5008.563846 2.291481
5008.609496 2.287198
5008.655145 2.282654
5008.700795 2.277851
5008.746444 2.272791
5008.792094 2.267477
5008.837744 2.261913
5008.883393 2.256101
5008.929043 2.250044
5008.974692 2.243745
5009.020342 2.237209
5009.065991 2.230437
5009.111641 2.223435
5009.157291 2.216204
5009.202940 2.208748
5009.248590 2.201072
5009.294239 2.193179
5009.339889 2.185073
5009.385539 2.176756
5009.431188 2.168235
5009.476838 2.159511
5009.522487 2.150590
5009.568137 2.141475
5009.613787 2.132170
5009.659436 2.122679
5009.705086 2.113007
5009.750735 2.103158
5009.796385 2.093135
5009.842035 2.082943
5009.887684 2.072586
5009.933334 2.062069
5009.978983 2.051396
5010.024633 2.040570
5010.070283 2.029597
5010.115932 2.018481
5010.161582 2.007225
5010.207231 1.995835
5010.252881 1.984314
5010.298531 1.972667
5010.344180 1.960898
5010.389830 1.949012
5010.435479 1.937012
5010.481129 1.924903
5010.526778 1.912690
5010.572428 1.900376
5010.618078 1.887966
5010.663727 1.875463
5010.709377 1.862873
5010.755026 1.850199
5010.800676 1.837445
5010.846326 1.824616
5010.891975 1.811715
5010.937625 1.798746
5010.983274 1.785714
5011.028924 1.772623
5011.074574 1.759476
5011.120223 1.746277
5011.165873 1.733030
5011.211522 1.719739
5011.257172 1.706408
5011.302822 1.693040
5011.348471 1.679638
5011.394121 1.666208
5011.439770 1.652751
5011.485420 1.639272
5011.531070 1.625773
5011.576719 1.612259
5011.622369 1.598733
5011.668018 1.585198
5011.713668 1.571657
5011.759318 1.558113
5011.804967 1.544570
5011.850617 1.531030
5011.896266 1.517497
5011.941916 1.503973
5011.987565 1.490462
5012.033215 1.476965
5012.078865 1.463487
5012.124514 1.450029
5012.170164 1.436595
5012.215813 1.423186
5012.261463 1.409806
5012.307113 1.396456
5012.352762 1.383140
5012.398412 1.369860
5012.444061 1.356617
5012.489711 1.343415
5012.535361 1.330254
5012.581010 1.317139
5012.626660 1.304069
5012.672309 1.291048
5012.717959 1.278078
5012.763609 1.265160
5012.809258 1.252296
5012.854908 1.239488
5012.900557 1.226737
5012.946207 1.214046
5012.991857 1.201416
5013.037506 1.188848
5013.083156 1.176344
5013.128805 1.163905
5013.174455 1.151533
5013.220105 1.139230
5013.265754 1.126995
5013.311404 1.114832
5013.357053 1.102740
5013.402703 1.090722
5013.448352 1.078777
5013.494002 1.066908
5013.539652 1.055115
5013.585301 1.043399
5013.630951 1.031761
5013.676600 1.020202
5013.722250 1.008723
5013.767900 0.997324
5013.813549 0.986007
5013.859199 0.974772
5013.904848 0.963620
5013.950498 0.952550
5013.996148 0.941565
5014.041797 0.930664
5014.087447 0.919849
5014.133096 0.909118
5014.178746 0.898474
5014.224396 0.887916
5014.270045 0.877445
5014.315695 0.867061
5014.361344 0.856764
5014.406994 0.846555
5014.452644 0.836433
5014.498293 0.826400
5014.543943 0.816456
5014.589592 0.806599
5014.635242 0.796832
5014.680892 0.787153
5014.726541 0.777563
5014.772191 0.768062
5014.817840 0.758649
5014.863490 0.749326
5014.909139 0.740092
5014.954789 0.730946
5015.000439 0.721889
5015.046088 0.712921
5015.091738 0.704042
5015.137387 0.695251
5015.183037 0.686549
5015.228687 0.677935
5015.274336 0.669409
5015.319986 0.660970
5015.365635 0.652619
5015.411285 0.644356
5015.456935 0.636180
5015.502584 0.628091
5015.548234 0.620088
5015.593883 0.612171
5015.639533 0.604341
5015.685183 0.596596
5015.730832 0.588936
5015.776482 0.581362
5015.822131 0.573872
5015.867781 0.566466
5015.913431 0.559144
5015.959080 0.551905
5016.004730 0.544749
5016.050379 0.537676
5016.096029 0.530685
5016.141679 0.523776
5016.187328 0.516948
5016.232978 0.510201
5016.278627 0.503534
5016.324277 0.496946
5016.369926 0.490438
5016.415576 0.484009
5016.461226 0.477658
5016.506875 0.471385
5016.552525 0.465189
5016.598174 0.459070
5016.643824 0.453027
5016.689474 0.447059
5016.735123 0.441167
5016.780773 0.435349
5016.826422 0.429605
5016.872072 0.423935
5016.917722 0.418337
5016.963371 0.412812
5017.009021 0.407358
5017.054670 0.401975
5017.100320 0.396663
5017.145970 0.391420
5017.191619 0.386247
5017.237269 0.381142
5017.282918 0.376106
5017.328568 0.371137
5017.374218 0.366235
5017.419867 0.361399
5017.465517 0.356628
5017.511166 0.351923
5017.556816 0.347282
5017.602466 0.342704
5017.648115 0.338190
5017.693765 0.333738
5017.739414 0.329349
5017.785064 0.325020
5017.830713 0.320752
5017.876363 0.316544
5017.922013 0.312395
5017.967662 0.308305
5018.013312 0.304273
5018.058961 0.300298
5018.104611 0.296380
5018.150261 0.292519
5018.195910 0.288713
5018.241560 0.284961
5018.287209 0.281264
5018.332859 0.277621
5018.378509 0.274031
5018.424158 0.270493
5018.469808 0.267007
5018.515457 0.263572
5018.561107 0.260187
5018.606757 0.256853
5018.652406 0.253567
5018.698056 0.250331
5018.743705 0.247142
5018.789355 0.244001
5018.835005 0.240906
5018.880654 0.237858
5018.926304 0.234855
5018.971953 0.231898
5019.017603 0.228984
5019.063253 0.226115
5019.108902 0.223289
5019.154552 0.220505
5019.200201 0.217764
5019.245851 0.215064
5019.291500 0.212404
5019.337150 0.209785
5019.382800 0.207206
5019.428449 0.204666
5019.474099 0.202164
5019.519748 0.199701
5019.565398 0.197275
5019.611048 0.194886
5019.656697 0.192533
5019.702347 0.190216
5019.747996 0.187934
5019.793646 0.185688
5019.839296 0.183475
5019.884945 0.181296
5019.930595 0.179150
5019.976244 0.177037
5020.021894 0.174956
5020.067544 0.172906
5020.113193 0.170888
5020.158843 0.168901
5020.204492 0.166943
5020.250142 0.165015
5020.295792 0.163117
5020.341441 0.161247
5020.387091 0.159405
5020.432740 0.157591
5020.478390 0.155804
5020.524040 0.154045
5020.569689 0.152311
5020.615339 0.150604
5020.660988 0.148922
5020.706638 0.147265
5020.752287 0.145633
5020.797937 0.144025
5020.843587 0.142441
5020.889236 0.140880
5020.934886 0.139342
5020.980535 0.137827
5021.026185 0.136334
5021.071835 0.134863
5021.117484 0.133413
5021.163134 0.131984
5021.208783 0.130576
5021.254433 0.129188
5021.300083 0.127821
5021.345732 0.126472
5021.391382 0.125143
5021.437031 0.123833
5021.482681 0.122541
5021.528331 0.121268
5021.573980 0.120012
5021.619630 0.118774
5021.665279 0.117553
5021.710929 0.116349
5021.756579 0.115162
5021.802228 0.113991
5021.847878 0.112835
5021.893527 0.111696
5021.939177 0.110572
5021.984827 0.109463
5022.030476 0.108369
5022.076126 0.107289
5022.121775 0.106224
5022.167425 0.105172
5022.213074 0.104135
5022.258724 0.103110
5022.304374 0.102100
5022.350023 0.101102
5022.395673 0.100117
5022.441322 0.099144
5022.486972 0.098184
5022.532622 0.097235
5022.578271 0.096299
5022.623921 0.095374
5022.669570 0.094460
5022.715220 0.093558
5022.760870 0.092667
5022.806519 0.091786
5022.852169 0.090916
5022.897818 0.090056
5022.943468 0.089207
5022.989118 0.088367
5023.034767 0.087538
5023.080417 0.086718
5023.126066 0.085907
5023.171716 0.085106
5023.217366 0.084313
5023.263015 0.083530
5023.308665 0.082755
5023.354314 0.081990
5023.399964 0.081232
5023.445614 0.080483
5023.491263 0.079742
5023.536913 0.079009
5023.582562 0.078284
5023.628212 0.077567
5023.673861 0.076857
5023.719511 0.076155
5023.765161 0.075460
5023.810810 0.074772
5023.856460 0.074092
5023.902109 0.073418
5023.947759 0.072752
5023.993409 0.072092
5024.039058 0.071438
5024.084708 0.070791
5024.130357 0.070151
5024.176007 0.069517
5024.221657 0.068889
5024.267306 0.068267
5024.312956 0.067651
5024.358605 0.067042
5024.404255 0.066438
5024.449905 0.065839
5024.495554 0.065247
5024.541204 0.064660
5024.586853 0.064078
5024.632503 0.063502
5024.678153 0.062931
5024.723802 0.062365
5024.769452 0.061805
5024.815101 0.061249
5024.860751 0.060699
5024.906401 0.060153
5024.952050 0.059612
5024.997700 0.059077
5025.043349 0.058546
5025.088999 0.058019
5025.134648 0.057497
5025.180298 0.056980
5025.225948 0.056467
5025.271597 0.055959
5025.317247 0.055455
5025.362896 0.054955
5025.408546 0.054460
5025.454196 0.053968
5025.499845 0.053481
5025.545495 0.052998
5025.591144 0.052519
5025.636794 0.052044
5025.682444 0.051573
5025.728093 0.051106
5025.773743 0.050643
5025.819392 0.050184
5025.865042 0.049728
5025.910692 0.049276
5025.956341 0.048828
5026.001991 0.048384
5026.047640 0.047943
5026.093290 0.047506
5026.138940 0.047072
5026.184589 0.046642
5026.230239 0.046215
5026.275888 0.045792
5026.321538 0.045372
5026.367188 0.044955
5026.412837 0.044542
5026.458487 0.044132
5026.504136 0.043726
5026.549786 0.043322
5026.595435 0.042922
5026.641085 0.042525
5026.686735 0.042132
5026.732384 0.041741
5026.778034 0.041353
5026.823683 0.040969
5026.869333 0.040588
5026.914983 0.040209
5026.960632 0.039834
5027.006282 0.039462
5027.051931 0.039092
5027.097581 0.038726
5027.143231 0.038362
5027.188880 0.038001
5027.234530 0.037643
5027.280179 0.037288
5027.325829 0.036936
5027.371479 0.036587
5027.417128 0.036240
5027.462778 0.035896
5027.508427 0.035555
5027.554077 0.035216
5027.599727 0.034881
5027.645376 0.034548
5027.691026 0.034217
5027.736675 0.033889
5027.782325 0.033564
5027.827974 0.033242
5027.873624 0.032922
5027.919274 0.032604
5027.964923 0.032289
5028.010573 0.031977
5028.056222 0.031667
5028.101872 0.031359
5028.147522 0.031054
5028.193171 0.030752
5028.238821 0.030452
5028.284470 0.030154
5028.330120 0.029859
5028.375770 0.029566
5028.421419 0.029276
5028.467069 0.028988
5028.512718 0.028702
5028.558368 0.028419
5028.604018 0.028138
5028.649667 0.027859
5028.695317 0.027582
5028.740966 0.027308
5028.786616 0.027036
5028.832266 0.026766
5028.877915 0.026499
5028.923565 0.026233
5028.969214 0.025970
5029.014864 0.025709
5029.060514 0.025451
5029.106163 0.025194
5029.151813 0.024940
5029.197462 0.024687
5029.243112 0.024437
5029.288761 0.024189
5029.334411 0.023943
5029.380061 0.023699
5029.425710 0.023457
5029.471360 0.023217
5029.517009 0.022979
5029.562659 0.022744
5029.608309 0.022510
5029.653958 0.022278
5029.699608 0.022048
5029.745257 0.021820
5029.790907 0.021595
5029.836557 0.021371
5029.882206 0.021149
5029.927856 0.020929
5029.973505 0.020710
5030.019155 0.020494
5030.064805 0.020280
5030.110454 0.020067
5030.156104 0.019856
5030.201753 0.019648
5030.247403 0.019441
5030.293053 0.019236
5030.338702 0.019032
5030.384352 0.018831
5030.430001 0.018631
5030.475651 0.018433
5030.521301 0.018237
5030.566950 0.018042
5030.612600 0.017849
5030.658249 0.017658
5030.703899 0.017469
5030.749548 0.017282
5030.795198 0.017096
5030.840848 0.016911
5030.886497 0.016729
5030.932147 0.016548
5030.977796 0.016369
5031.023446 0.016191
5031.069096 0.016015
5031.114745 0.015841
5031.160395 0.015668
5031.206044 0.015497
5031.251694 0.015327
5031.297344 0.015159
5031.342993 0.014993
5031.388643 0.014828
5031.434292 0.014665
5031.479942 0.014503
5031.525592 0.014342
5031.571241 0.014183
5031.616891 0.014026
5031.662540 0.013870
5031.708190 0.013716
5031.753840 0.013563
5031.799489 0.013411
5031.845139 0.013261
5031.890788 0.013113
5031.936438 0.012966
5031.982088 0.012820
5032.027737 0.012675
5032.073387 0.012532
5032.119036 0.012391
5032.164686 0.012251
5032.210335 0.012112
5032.255985 0.011974
5032.301635 0.011838
5032.347284 0.011703
5032.392934 0.011569
5032.438583 0.011437
5032.484233 0.011306
5032.529883 0.011177
5032.575532 0.011048
5032.621182 0.010921
5032.666831 0.010795
5032.712481 0.010670
5032.758131 0.010547
5032.803780 0.010425
5032.849430 0.010304
5032.895079 0.010184
5032.940729 0.010066
5032.986379 0.009948
5033.032028 0.009832
5033.077678 0.009717
5033.123327 0.009603
5033.168977 0.009491
5033.214627 0.009379
5033.260276 0.009269
5033.305926 0.009159
5033.351575 0.009051
5033.397225 0.008944
5033.442875 0.008838
5033.488524 0.008733
5033.534174 0.008630
5033.579823 0.008527
5033.625473 0.008425
5033.671122 0.008324
5033.716772 0.008225
5033.762422 0.008126
5033.808071 0.008029
5033.853721 0.007932
5033.899370 0.007837
5033.945020 0.007742
5033.990670 0.007649
5034.036319 0.007556
5034.081969 0.007465
5034.127618 0.007374
5034.173268 0.007285
5034.218918 0.007196
5034.264567 0.007108
5034.310217 0.007022
5034.355866 0.006936
5034.401516 0.006851
5034.447166 0.006767
5034.492815 0.006684
5034.538465 0.006602
5034.584114 0.006520
5034.629764 0.006440
5034.675414 0.006360
5034.721063 0.006281
5034.766713 0.006204
5034.812362 0.006127
5034.858012 0.006050
5034.903662 0.005975
5034.949311 0.005901
5034.994961 0.005827
5035.040610 0.005754
5035.086260 0.005682
5035.131909 0.005611
5035.177559 0.005540
5035.223209 0.005470
5035.268858 0.005401
5035.314508 0.005333
5035.360157 0.005266
5035.405807 0.005199
5035.451457 0.005133
5035.497106 0.005068
5035.542756 0.005004
5035.588405 0.004940
5035.634055 0.004877
5035.679705 0.004815
5035.725354 0.004753
5035.771004 0.004692
5035.816653 0.004632
5035.862303 0.004572
5035.907953 0.004514
5035.953602 0.004455
5035.999252 0.004398
5036.044901 0.004341
5036.090551 0.004285
5036.136201 0.004229
5036.181850 0.004174
5036.227500 0.004120
5036.273149 0.004066
5036.318799 0.004013
5036.364449 0.003961
5036.410098 0.003909
5036.455748 0.003858
5036.501397 0.003807
5036.547047 0.003757
5036.592696 0.003708
5036.638346 0.003659
5036.683996 0.003611
5036.729645 0.003563
5036.775295 0.003516
5036.820944 0.003470
5036.866594 0.003424
5036.912244 0.003378
5036.957893 0.003333
5037.003543 0.003289
5037.049192 0.003245
5037.094842 0.003201
5037.140492 0.003159
5037.186141 0.003116
5037.231791 0.003075
5037.277440 0.003033
5037.323090 0.002992
5037.368740 0.002952
5037.414389 0.002912
5037.460039 0.002873
5037.505688 0.002834
5037.551338 0.002796
5037.596988 0.002758
5037.642637 0.002720
5037.688287 0.002683
5037.733936 0.002647
5037.779586 0.002611
5037.825236 0.002575
5037.870885 0.002540
5037.916535 0.002505
5037.962184 0.002471
5038.007834 0.002437
5038.053483 0.002403
5038.099133 0.002370
5038.144783 0.002337
5038.190432 0.002305
5038.236082 0.002273
5038.281731 0.002242
5038.327381 0.002211
5038.373031 0.002180
5038.418680 0.002150
5038.464330 0.002120
5038.509979 0.002090
5038.555629 0.002061
5038.601279 0.002032
5038.646928 0.002004
5038.692578 0.001975
5038.738227 0.001948
5038.783877 0.001920
5038.829527 0.001893
5038.875176 0.001867
5038.920826 0.001840
5038.966475 0.001814
5039.012125 0.001789
5039.057775 0.001763
5039.103424 0.001738
5039.149074 0.001714
5039.194723 0.001689
5039.240373 0.001665
5039.286023 0.001641
5039.331672 0.001618
5039.377322 0.001595
5039.422971 0.001572
5039.468621 0.001549
5039.514270 0.001527
5039.559920 0.001505
5039.605570 0.001483
5039.651219 0.001462
5039.696869 0.001441
5039.742518 0.001420
5039.788168 0.001400
5039.833818 0.001379
5039.879467 0.001359
5039.925117 0.001340
5039.970766 0.001320
5040.016416 0.001301
5040.062066 0.001282
5040.107715 0.001263
5040.153365 0.001245
5040.199014 0.001226
5040.244664 0.001208
5040.290314 0.001191
5040.335963 0.001173
5040.381613 0.001156
5040.427262 0.001139
5040.472912 0.001122
5040.518562 0.001106
5040.564211 0.001089
5040.609861 0.001073
5040.655510 0.001057
5040.701160 0.001041
5040.746810 0.001026
5040.792459 0.001011
5040.838109 0.000996
5040.883758 0.000981
5040.929408 0.000966
5040.975057 0.000952
5041.020707 0.000937
5041.066357 0.000923
5041.112006 0.000909
5041.157656 0.000896
5041.203305 0.000882
5041.248955 0.000869
5041.294605 0.000856
5041.340254 0.000843
5041.385904 0.000830
5041.431553 0.000818
5041.477203 0.000805
5041.522853 0.000793
5041.568502 0.000781
5041.614152 0.000769
5041.659801 0.000757
5041.705451 0.000746
5041.751101 0.000734
5041.796750 0.000723
5041.842400 0.000712
5041.888049 0.000701
5041.933699 0.000690
5041.979349 0.000680
5042.024998 0.000669
5042.070648 0.000659
5042.116297 0.000649
5042.161947 0.000639
5042.207597 0.000629
5042.253246 0.000619
5042.298896 0.000609
5042.344545 0.000600
5042.390195 0.000591
5042.435844 0.000581
5042.481494 0.000572
5042.527144 0.000563
5042.572793 0.000555
5042.618443 0.000546
5042.664092 0.000537
5042.709742 0.000529
5042.755392 0.000521
5042.801041 0.000513
5042.846691 0.000504
5042.892340 0.000497
5042.937990 0.000489
5042.983640 0.000481
5043.029289 0.000473
5043.074939 0.000466
5043.120588 0.000458
5043.166238 0.000451
5043.211888 0.000444
5043.257537 0.000437
5043.303187 0.000430
5043.348836 0.000423
5043.394486 0.000416
5043.440136 0.000410
5043.485785 0.000403
5043.531435 0.000397
5043.577084 0.000390
5043.622734 0.000384
5043.668384 0.000378
5043.714033 0.000372
5043.759683 0.000366
5043.805332 0.000360
5043.850982 0.000354
5043.896631 0.000348
5043.942281 0.000343
5043.987931 0.000337
5044.033580 0.000332
5044.079230 0.000326
5044.124879 0.000321
5044.170529 0.000316
5044.216179 0.000311
5044.261828 0.000306
5044.307478 0.000301
5044.353127 0.000296
5044.398777 0.000291
5044.444427 0.000286
5044.490076 0.000281
5044.535726 0.000277
5044.581375 0.000272
5044.627025 0.000268
5044.672675 0.000263
5044.718324 0.000259
5044.763974 0.000255
5044.809623 0.000250
5044.855273 0.000246
5044.900923 0.000242
5044.946572 0.000238
5044.992222 0.000234
5045.037871 0.000230
5045.083521 0.000227
5045.129171 0.000223
5045.174820 0.000219
5045.220470 0.000215
5045.266119 0.000212
5045.311769 0.000208
5045.357418 0.000205
5045.403068 0.000201
5045.448718 0.000198
5045.494367 0.000195
5045.540017 0.000191
5045.585666 0.000188
5045.631316 0.000185
5045.676966 0.000182
5045.722615 0.000179
5045.768265 0.000176
5045.813914 0.000173
5045.859564 0.000170
5045.905214 0.000167
5045.950863 0.000164
5045.996513 0.000161
5046.042162 0.000158
5046.087812 0.000156
5046.133462 0.000153
5046.179111 0.000150
5046.224761 0.000148
5046.270410 0.000145
5046.316060 0.000143
5046.361710 0.000140
5046.407359 0.000138
5046.453009 0.000136
5046.498658 0.000133
5046.544308 0.000131
5046.589958 0.000129
5046.635607 0.000126
5046.681257 0.000124
5046.726906 0.000122
5046.772556 0.000120
5046.818205 0.000118
5046.863855 0.000116
5046.909505 0.000114
5046.955154 0.000112
5047.000804 0.000110
5047.046453 0.000108
5047.092103 0.000106
5047.137753 0.000104
5047.183402 0.000102
5047.229052 0.000101
5047.274701 0.000099
5047.320351 0.000097
5047.366001 0.000095
5047.411650 0.000094
5047.457300 0.000092
5047.502949 0.000090
5047.548599 0.000089
5047.594249 0.000087
5047.639898 0.000086
5047.685548 0.000084
5047.731197 0.000083
5047.776847 0.000081
5047.822497 0.000080
5047.868146 0.000078
5047.913796 0.000077
5047.959445 0.000076
5048.005095 0.000074
5048.050745 0.000073
5048.096394 0.000072
5048.142044 0.000070
5048.187693 0.000069
5048.233343 0.000068
5048.278992 0.000067
5048.324642 0.000065
5048.370292 0.000064
5048.415941 0.000063
5048.461591 0.000062
5048.507240 0.000061
5048.552890 0.000060
5048.598540 0.000059
5048.644189 0.000058
5048.689839 0.000057
5048.735488 0.000056
5048.781138 0.000055
5048.826788 0.000054
5048.872437 0.000053
5048.918087 0.000052
5048.963736 0.000051
5049.009386 0.000050
5049.055036 0.000049
5049.100685 0.000048
5049.146335 0.000047
5049.191984 0.000046
5049.237634 0.000045
5049.283284 0.000044
5049.328933 0.000044
5049.374583 0.000043
5049.420232 0.000042
5049.465882 0.000041
5049.511532 0.000041
5049.557181 0.000040
5049.602831 0.000039
5049.648480 0.000038
5049.694130 0.000038
5049.739779 0.000037
5049.785429 0.000036
5049.831079 0.000036
5049.876728 0.000035
5049.922378 0.000034
5049.968027 0.000034
5050.013677 0.000033
5050.059327 0.000032
5050.104976 0.000032
5050.150626 0.000031
5050.196275 0.000031
5050.241925 0.000030
5050.287575 0.000029
5050.333224 0.000029
5050.378874 0.000028
5050.424523 0.000028
5050.470173 0.000027
5050.515823 0.000027
5050.561472 0.000026
5050.607122 0.000026
5050.652771 0.000025
5050.698421 0.000025
5050.744071 0.000024
5050.789720 0.000024
5050.835370 0.000023
5050.881019 0.000023
5050.926669 0.000023
5050.972319 0.000022
5051.017968 0.000022
5051.063618 0.000021
5051.109267 0.000021
5051.154917 0.000020
5051.200566 0.000020
5051.246216 0.000020
5051.291866 0.000019
5051.337515 0.000019
5051.383165 0.000019
5051.428814 0.000018
5051.474464 0.000018
5051.520114 0.000018
5051.565763 0.000017
5051.611413 0.000017
5051.657062 0.000017
5051.702712 0.000016
5051.748362 0.000016
5051.794011 0.000016
5051.839661 0.000015
5051.885310 0.000015
5051.930960 0.000015
5051.976610 0.000014
5052.022259 0.000014
5052.067909 0.000014
5052.113558 0.000014
5052.159208 0.000013
5052.204858 0.000013
5052.250507 0.000013
5052.296157 0.000013
5052.341806 0.000012
5052.387456 0.000012
5052.433106 0.000012
5052.478755 0.000012
5052.524405 0.000011
5052.570054 0.000011
5052.615704 0.000011
5052.661353 0.000011
5052.707003 0.000010
5052.752653 0.000010
5052.798302 0.000010
5052.843952 0.000010
5052.889601 0.000010
5052.935251 0.000009
5052.980901 0.000009
5053.026550 0.000009
5053.072200 0.000009
5053.117849 0.000009
5053.163499 0.000009
5053.209149 0.000008
5053.254798 0.000008
5053.300448 0.000008
5053.346097 0.000008
5053.391747 0.000008
5053.437397 0.000008
5053.483046 0.000007
5053.528696 0.000007
5053.574345 0.000007
5053.619995 0.000007
5053.665645 0.000007
5053.711294 0.000007
5053.756944 0.000007
5053.802593 0.000006
5053.848243 0.000006
5053.893893 0.000006
5053.939542 0.000006
5053.985192 0.000006
5054.030841 0.000006
5054.076491 0.000006
5054.122140 0.000006
5054.167790 0.000005
5054.213440 0.000005
5054.259089 0.000005
5054.304739 0.000005
5054.350388 0.000005
5054.396038 0.000005
5054.441688 0.000005
5054.487337 0.000005
5054.532987 0.000005
5054.578636 0.000005
5054.624286 0.000004
5054.669936 0.000004
5054.715585 0.000004
5054.761235 0.000004
5054.806884 0.000004
5054.852534 0.000004
5054.898184 0.000004
5054.943833 0.000004
5054.989483 0.000004
5055.035132 0.000004
5055.080782 0.000004
5055.126432 0.000004
5055.172081 0.000003
5055.217731 0.000003
5055.263380 0.000003
5055.309030 0.000003
5055.354680 0.000003
5055.400329 0.000003
5055.445979 0.000003
5055.491628 0.000003
5055.537278 0.000003
5055.582927 0.000003
5055.628577 0.000003
5055.674227 0.000003
5055.719876 0.000003
5055.765526 0.000003
5055.811175 0.000003
5055.856825 0.000003
5055.902475 0.000002
5055.948124 0.000002
5055.993774 0.000002
5056.039423 0.000002
5056.085073 0.000002
5056.130723 0.000002
5056.176372 0.000002
5056.222022 0.000002
5056.267671 0.000002
5056.313321 0.000002
5056.358971 0.000002
5056.404620 0.000002
5056.450270 0.000002
5056.495919 0.000002
5056.541569 0.000002
5056.587219 0.000002
5056.632868 0.000002
5056.678518 0.000002
5056.724167 0.000002
5056.769817 0.000002
5056.815467 0.000002
5056.861116 0.000002
5056.906766 0.000002
5056.952415 0.000001
5056.998065 0.000001
5057.043714 0.000001
5057.089364 0.000001
5057.135014 0.000001
5057.180663 0.000001
5057.226313 0.000001
5057.271962 0.000001
5057.317612 0.000001
5057.363262 0.000001
5057.408911 0.000001
5057.454561 0.000001
5057.500210 0.000001
5057.545860 0.000001
5057.591510 0.000001
5057.637159 0.000001
5057.682809 0.000001
5057.728458 0.000001
5057.774108 0.000001
5057.819758 0.000001
5057.865407 0.000001
5057.911057 0.000001
5057.956706 0.000001
5058.002356 0.000001
5058.048006 0.000001
5058.093655 0.000001
5058.139305 0.000001
5058.184954 0.000001
5058.230604 0.000001
5058.276254 0.000001
5058.321903 0.000001
5058.367553 0.000001
5058.413202 0.000001
5058.458852 0.000001
5058.504501 0.000001
5058.550151 0.000001
5058.595801 0.000001
5058.641450 0.000001
5058.687100 0.000001
5058.732749 0.000001
5058.778399 0.000001
5058.824049 0.000001
5058.869698 0.000001
5058.915348 0.000001
5058.960997 0.000001
5059.006647 0.000001
5059.052297 0.000001
5059.097946 0.000001
5059.143596 0.000001
5059.189245 0.000001
5059.234895 0.000000
5059.280545 0.000000
5059.326194 0.000000
5059.371844 0.000000
5059.417493 0.000000
5059.463143 0.000000
5059.508793 0.000000
5059.554442 0.000000
5059.600092 0.000000
5059.645741 0.000000
5059.691391 0.000000
5059.737041 0.000000
5059.782690 0.000000
5059.828340 0.000000
5059.873989 0.000000
5059.919639 0.000000
5059.965288 0.000000
5060.010938 0.000000
5060.056588 0.000000
5060.102237 0.000000
5060.147887 0.000000
5060.193536 0.000000
5060.239186 0.000000
5060.284836 0.000000
5060.330485 0.000000
5060.376135 0.000000
5060.421784 0.000000
5060.467434 0.000000
5060.513084 0.000000
5060.558733 0.000000
5060.604383 0.000000
5060.650032 0.000000
5060.695682 0.000000
5060.741332 0.000000
5060.786981 0.000000
5060.832631 0.000000
5060.878280 0.000000
5060.923930 0.000000
5060.969580 0.000000
5061.015229 0.000000
5061.060879 0.000000
5061.106528 0.000000
5061.152178 0.000000
5061.197828 0.000000
5061.243477 0.000000
5061.289127 0.000000
5061.334776 0.000000
5061.380426 0.000000
5061.426075 0.000000
5061.471725 0.000000
5061.517375 0.000000
5061.563024 0.000000
5061.608674 0.000000
5061.654323 0.000000
5061.699973 0.000000
5061.745623 0.000000
5061.791272 0.000000
5061.836922 0.000000
5061.882571 0.000000
5061.928221 0.000000
5061.973871 0.000000
5062.019520 0.000000
5062.065170 0.000000
5062.110819 0.000000
5062.156469 0.000000
5062.202119 0.000000
5062.247768 0.000000
5062.293418 0.000000
5062.339067 0.000000
5062.384717 0.000000
5062.430367 0.000000
5062.476016 0.000000
5062.521666 0.000000
5062.567315 0.000000
5062.612965 0.000000
5062.658615 0.000000
5062.704264 0.000000
5062.749914 0.000000
5062.795563 0.000000
5062.841213 0.000000
5062.886862 0.000000
5062.932512 0.000000
5062.978162 0.000000
5063.023811 0.000000
5063.069461 0.000000
5063.115110 0.000000
5063.160760 0.000000
5063.206410 0.000000
5063.252059 0.000000
5063.297709 0.000000
5063.343358 0.000000
5063.389008 0.000000
5063.434658 0.000000
5063.480307 0.000000
5063.525957 0.000000
5063.571606 0.000000
5063.617256 0.000000
5063.662906 0.000000
5063.708555 0.000000
5063.754205 0.000000
5063.799854 0.000000
5063.845504 0.000000
5063.891154 0.000000
5063.936803 0.000000
5063.982453 0.000000
5064.028102 0.000000
5064.073752 0.000000
5064.119402 0.000000
5064.165051 0.000000
5064.210701 0.000000
5064.256350 0.000000
5064.302000 0.000000
5064.347649 0.000000
5064.393299 0.000000
5064.438949 0.000000
5064.484598 0.000000
5064.530248 0.000000
5064.575897 0.000000
5064.621547 0.000000
5064.667197 0.000000
5064.712846 0.000000
5064.758496 0.000000
5064.804145 0.000000
5064.849795 0.000000
5064.895445 0.000000
5064.941094 0.000000
5064.986744 0.000000
5065.032393 0.000000
5065.078043 0.000000
5065.123693 0.000000
5065.169342 0.000000
5065.214992 0.000000
5065.260641 0.000000
5065.306291 0.000000
5065.351941 0.000000
5065.397590 0.000000
5065.443240 0.000000
5065.488889 0.000000
5065.534539 0.000000
5065.580189 0.000000
5065.625838 0.000000
5065.671488 0.000000
5065.717137 0.000000
5065.762787 0.000000
5065.808436 0.000000
5065.854086 0.000000
5065.899736 0.000000
5065.945385 0.000000
5065.991035 0.000000
5066.036684 0.000000
5066.082334 0.000000
5066.127984 0.000000
5066.173633 0.000000
5066.219283 0.000000
5066.264932 0.000000
5066.310582 0.000000
5066.356232 0.000000
5066.401881 0.000000
5066.447531 0.000000
5066.493180 0.000000
5066.538830 0.000000
5066.584480 0.000000
5066.630129 0.000000
5066.675779 0.000000
5066.721428 0.000000
5066.767078 0.000000
5066.812728 0.000000
5066.858377 0.000000
5066.904027 0.000000
5066.949676 0.000000
5066.995326 0.000000
5067.040976 0.000000
5067.086625 0.000000
5067.132275 0.000000
5067.177924 0.000000
5067.223574 0.000000
5067.269223 0.000000
5067.314873 0.000000
5067.360523 0.000000
5067.406172 0.000000
5067.451822 0.000000
5067.497471 0.000000
5067.543121 0.000000
5067.588771 0.000000
5067.634420 0.000000
5067.680070 0.000000
5067.725719 0.000000
5067.771369 0.000000
5067.817019 0.000000
5067.862668 0.000000
5067.908318 0.000000
5067.953967 0.000000
5067.999617 0.000000
5068.045267 0.000000
5068.090916 0.000000
5068.136566 0.000000
5068.182215 0.000000
5068.227865 0.000000
5068.273515 0.000000
5068.319164 0.000000
5068.364814 0.000000
5068.410463 0.000000
5068.456113 0.000000
5068.501763 0.000000
5068.547412 0.000000
5068.593062 0.000000
5068.638711 0.000000
5068.684361 0.000000
5068.730010 0.000000
5068.775660 0.000000
5068.821310 0.000000
5068.866959 0.000000
5068.912609 0.000000
5068.958258 0.000000
5069.003908 0.000000
5069.049558 0.000000
5069.095207 0.000000
5069.140857 0.000000
5069.186506 0.000000
5069.232156 0.000000
5069.277806 0.000000
5069.323455 0.000000
5069.369105 0.000000
5069.414754 0.000000
5069.460404 0.000000
5069.506054 0.000000
5069.551703 0.000000
5069.597353 0.000000
5069.643002 0.000000
5069.688652 0.000000
5069.734302 0.000000
5069.779951 0.000000
5069.825601 0.000000
5069.871250 0.000000
5069.916900 0.000000
5069.962550 0.000000
