4900.017286 0.000000
4900.060478 0.000000
4900.103671 0.000000
4900.146864 0.000000
4900.190057 0.000000
4900.233250 0.000000
4900.276442 0.000000
4900.319635 0.000000
4900.362828 0.000000
4900.406021 0.000000
4900.449214 0.000000
4900.492407 0.000000
4900.535599 0.000000
4900.578792 0.000000
4900.621985 0.000000
4900.665178 0.000000
4900.708371 0.000000
4900.751563 0.000000
4900.794756 0.000000
4900.837949 0.000000
4900.881142 0.000000
4900.924335 0.000000
4900.967527 0.000000
4901.010720 0.000000
4901.053913 0.000000
4901.097106 0.000000
4901.140299 0.000000
4901.183492 0.000000
4901.226684 0.000000
4901.269877 0.000000
4901.313070 0.000000
4901.356263 0.000000
4901.399456 0.000000
4901.442648 0.000000
4901.485841 0.000000
4901.529034 0.000000
4901.572227 0.000000
4901.615420 0.000000
4901.658612 0.000000
4901.701805 0.000000
4901.744998 0.000000
4901.788191 0.000000
4901.831384 0.000000
4901.874577 0.000000
4901.917769 0.000000
4901.960962 0.000000
4902.004155 0.000000
4902.047348 0.000000
4902.090541 0.000000
4902.133733 0.000000
4902.176926 0.000000
4902.220119 0.000000
4902.263312 0.000000
4902.306505 0.000000
4902.349697 0.000000
4902.392890 0.000000
4902.436083 0.000000
4902.479276 0.000000
4902.522469 0.000000
4902.565662 0.000000
4902.608854 0.000000
4902.652047 0.000000
4902.695240 0.000000
4902.738433 0.000000
4902.781626 0.000000
4902.824818 0.000000
4902.868011 0.000000
4902.911204 0.000000
4902.954397 0.000000
4902.997590 0.000000
4903.040782 0.000000
4903.083975 0.000000
4903.127168 0.000000
4903.170361 0.000000
4903.213554 0.000000
4903.256747 0.000000
4903.299939 0.000000
4903.343132 0.000000
4903.386325 0.000000
4903.429518 0.000000
4903.472711 0.000000
4903.515903 0.000000
4903.559096 0.000000
4903.602289 0.000000
4903.645482 0.000000
4903.688675 0.000000
4903.731867 0.000000
4903.775060 0.000000
4903.818253 0.000000
4903.861446 0.000000
4903.904639 0.000000
4903.947832 0.000000
4903.991024 0.000000
4904.034217 0.000000
4904.077410 0.000000
4904.120603 0.000000
4904.163796 0.000000
4904.206988 0.000000
4904.250181 0.000000
4904.293374 0.000000
4904.336567 0.000000
4904.379760 0.000000
4904.422952 0.000000
4904.466145 0.000000
4904.509338 0.000000
4904.552531 0.000000
4904.595724 0.000000
4904.638917 0.000000
4904.682109 0.000000
4904.725302 0.000000
4904.768495 0.000000
4904.811688 0.000000
4904.854881 0.000000
4904.898073 0.000000
4904.941266 0.000000
4904.984459 0.000000
4905.027652 0.000000
4905.070845 0.000000
4905.114037 0.000000
4905.157230 0.000000
4905.200423 0.000000
4905.243616 0.000000
4905.286809 0.000000
4905.330002 0.000000
4905.373194 0.000000
4905.416387 0.000000
4905.459580 0.000000
4905.502773 0.000000
4905.545966 0.000000
4905.589158 0.000000
4905.632351 0.000000
4905.675544 0.000000
4905.718737 0.000000
4905.761930 0.000000
4905.805122 0.000000
4905.848315 0.000000
4905.891508 0.000000
4905.934701 0.000000
4905.977894 0.000000
4906.021087 0.000000
4906.064279 0.000000
4906.107472 0.000000
4906.150665 0.000000
4906.193858 0.000000
4906.237051 0.000000
4906.280243 0.000000
4906.323436 0.000000
4906.366629 0.000000
4906.409822 0.000000
4906.453015 0.000000
4906.496207 0.000000
4906.539400 0.000000
4906.582593 0.000000
4906.625786 0.000000
4906.668979 0.000000
4906.712172 0.000000
4906.755364 0.000000
4906.798557 0.000000
4906.841750 0.000000
4906.884943 0.000000
4906.928136 0.000000
4906.971328 0.000000
4907.014521 0.000000
4907.057714 0.000000
4907.100907 0.000000
4907.144100 0.000000
4907.187292 0.000000
4907.230485 0.000000
4907.273678 0.000000
4907.316871 0.000000
4907.360064 0.000000
4907.403257 0.000000
4907.446449 0.000000
4907.489642 0.000000
4907.532835 0.000000
4907.576028 0.000000
4907.619221 0.000000
4907.662413 0.000000
4907.705606 0.000000
4907.748799 0.000000
4907.791992 0.000000
4907.835185 0.000000
4907.878377 0.000000
4907.921570 0.000000
4907.964763 0.000000
4908.007956 0.000000
4908.051149 0.000000
4908.094342 0.000000
4908.137534 0.000000
4908.180727 0.000000
4908.223920 0.000000
4908.267113 0.000000
4908.310306 0.000000
4908.353498 0.000000
4908.396691 0.000000
4908.439884 0.000000
4908.483077 0.000000
4908.526270 0.000000
4908.569462 0.000000
4908.612655 0.000000
4908.655848 0.000000
4908.699041 0.000000
4908.742234 0.000000
4908.785427 0.000000
4908.828619 0.000000
4908.871812 0.000000
4908.915005 0.000000
4908.958198 0.000000
4909.001391 0.000000
4909.044583 0.000000
4909.087776 0.000000
4909.130969 0.000000
4909.174162 0.000000
4909.217355 0.000000
4909.260547 0.000000
4909.303740 0.000000
4909.346933 0.000000
4909.390126 0.000000
4909.433319 0.000000
4909.476512 0.000000
4909.519704 0.000000
4909.562897 0.000000
4909.606090 0.000000
4909.649283 0.000000
4909.692476 0.000000
4909.735668 0.000000
4909.778861 0.000000
4909.822054 0.000000
4909.865247 0.000000
4909.908440 0.000000
4909.951632 0.000000
4909.994825 0.000000
4910.038018 0.000000
4910.081211 0.000000
4910.124404 0.000000
4910.167597 0.000000
4910.210789 0.000000
4910.253982 0.000000
4910.297175 0.000000
4910.340368 0.000000
4910.383561 0.000000
4910.426753 0.000000
4910.469946 0.000000
4910.513139 0.000000
4910.556332 0.000000
4910.599525 0.000000
4910.642717 0.000000
4910.685910 0.000000
4910.729103 0.000000
4910.772296 0.000000
4910.815489 0.000000
4910.858682 0.000000
4910.901874 0.000000
4910.945067 0.000000
4910.988260 0.000000
4911.031453 0.000000
4911.074646 0.000000
4911.117838 0.000000
4911.161031 0.000000
4911.204224 0.000000
4911.247417 0.000000
4911.290610 0.000000
4911.333802 0.000000
4911.376995 0.000000
4911.420188 0.000000
4911.463381 0.000000
4911.506574 0.000000
4911.549767 0.000000
4911.592959 0.000000
4911.636152 0.000000
4911.679345 0.000000
4911.722538 0.000000
4911.765731 0.000000
4911.808923 0.000000
4911.852116 0.000000
4911.895309 0.000000
4911.938502 0.000000
4911.981695 0.000000
4912.024887 0.000000
4912.068080 0.000000
4912.111273 0.000000
4912.154466 0.000000
4912.197659 0.000000
4912.240852 0.000000
4912.284044 0.000000
4912.327237 0.000000
4912.370430 0.000000
4912.413623 0.000000
4912.456816 0.000000
4912.500008 0.000000
4912.543201 0.000000
4912.586394 0.000000
4912.629587 0.000000
4912.672780 0.000000
4912.715972 0.000000
4912.759165 0.000000
4912.802358 0.000000
4912.845551 0.000000
4912.888744 0.000000
4912.931937 0.000000
4912.975129 0.000000
4913.018322 0.000000
4913.061515 0.000000
4913.104708 0.000000
4913.147901 0.000000
4913.191093 0.000000
4913.234286 0.000000
4913.277479 0.000000
4913.320672 0.000000
4913.363865 0.000000
4913.407058 0.000000
4913.450250 0.000000
4913.493443 0.000000
4913.536636 0.000000
4913.579829 0.000000
4913.623022 0.000000
4913.666214 0.000000
4913.709407 0.000000
4913.752600 0.000000
4913.795793 0.000000
4913.838986 0.000000
4913.882178 0.000000
4913.925371 0.000000
4913.968564 0.000000
4914.011757 0.000000
4914.054950 0.000000
4914.098143 0.000000
4914.141335 0.000000
4914.184528 0.000000
4914.227721 0.000000
4914.270914 0.000000
4914.314107 0.000000
4914.357299 0.000000
4914.400492 0.000000
4914.443685 0.000000
4914.486878 0.000000
4914.530071 0.000000
4914.573263 0.000000
4914.616456 0.000000
4914.659649 0.000000
4914.702842 0.000000
4914.746035 0.000000
4914.789228 0.000000
4914.832420 0.000000
4914.875613 0.000000
4914.918806 0.000000
4914.961999 0.000000
4915.005192 0.000000
4915.048384 0.000000
4915.091577 0.000000
4915.134770 0.000000
4915.177963 0.000000
4915.221156 0.000000
4915.264348 0.000000
4915.307541 0.000000
4915.350734 0.000000
4915.393927 0.000000
4915.437120 0.000000
4915.480313 0.000000
4915.523505 0.000000
4915.566698 0.000000
4915.609891 0.000000
4915.653084 0.000000
4915.696277 0.000000
4915.739469 0.000000
4915.782662 0.000000
4915.825855 0.000000
4915.869048 0.000000
4915.912241 0.000000
4915.955433 0.000000
4915.998626 0.000000
4916.041819 0.000000
4916.085012 0.000000
4916.128205 0.000000
4916.171398 0.000000
4916.214590 0.000000
4916.257783 0.000000
4916.300976 0.000000
4916.344169 0.000000
4916.387362 0.000000
4916.430554 0.000000
4916.473747 0.000000
4916.516940 0.000000
4916.560133 0.000000
4916.603326 0.000000
4916.646518 0.000000
4916.689711 0.000000
4916.732904 0.000000
4916.776097 0.000000
4916.819290 0.000000
4916.862483 0.000000
4916.905675 0.000000
4916.948868 0.000000
4916.992061 0.000000
4917.035254 0.000000
4917.078447 0.000000
4917.121639 0.000000
4917.164832 0.000000
4917.208025 0.000000
4917.251218 0.000000
4917.294411 0.000000
4917.337603 0.000000
4917.380796 0.000000
4917.423989 0.000000
4917.467182 0.000000
4917.510375 0.000000
4917.553568 0.000000
4917.596760 0.000000
4917.639953 0.000000
4917.683146 0.000000
4917.726339 0.000000
4917.769532 0.000000
4917.812724 0.000000
4917.855917 0.000000
4917.899110 0.000000
4917.942303 0.000000
4917.985496 0.000000
4918.028688 0.000000
4918.071881 0.000000
4918.115074 0.000000
4918.158267 0.000000
4918.201460 0.000000
4918.244653 0.000000
4918.287845 0.000000
4918.331038 0.000000
4918.374231 0.000000
4918.417424 0.000000
4918.460617 0.000000
4918.503809 0.000000
4918.547002 0.000000
4918.590195 0.000000
4918.633388 0.000000
4918.676581 0.000000
4918.719773 0.000000
4918.762966 0.000000
4918.806159 0.000000
4918.849352 0.000000
4918.892545 0.000000
4918.935738 0.000000
4918.978930 0.000000
4919.022123 0.000000
4919.065316 0.000000
4919.108509 0.000000
4919.151702 0.000000
4919.194894 0.000000
4919.238087 0.000000
4919.281280 0.000000
4919.324473 0.000000
4919.367666 0.000000
4919.410858 0.000000
4919.454051 0.000000
4919.497244 0.000000
4919.540437 0.000000
4919.583630 0.000000
4919.626823 0.000000
4919.670015 0.000000
4919.713208 0.000000
4919.756401 0.000000
4919.799594 0.000000
4919.842787 0.000000
4919.885979 0.000000
4919.929172 0.000000
4919.972365 0.000000
4920.015558 0.000000
4920.058751 0.000000
4920.101943 0.000000
4920.145136 0.000000
4920.188329 0.000000
4920.231522 0.000000
4920.274715 0.000000
4920.317908 0.000000
4920.361100 0.000000
4920.404293 0.000000
4920.447486 0.000000
4920.490679 0.000000
4920.533872 0.000000
4920.577064 0.000000
4920.620257 0.000000
4920.663450 0.000000
4920.706643 0.000000
4920.749836 0.000000
4920.793028 0.000000
4920.836221 0.000000
4920.879414 0.000000
4920.922607 0.000000
4920.965800 0.000000
4921.008993 0.000000
4921.052185 0.000000
4921.095378 0.000000
4921.138571 0.000000
4921.181764 0.000000
4921.224957 0.000000
4921.268149 0.000000
4921.311342 0.000000
4921.354535 0.000000
4921.397728 0.000000
4921.440921 0.000000
4921.484113 0.000000
4921.527306 0.000000
4921.570499 0.000000
4921.613692 0.000000
4921.656885 0.000000
4921.700078 0.000000
4921.743270 0.000000
4921.786463 0.000000
4921.829656 0.000000
4921.872849 0.000000
4921.916042 0.000000
4921.959234 0.000000
4922.002427 0.000000
4922.045620 0.000000
4922.088813 0.000000
4922.132006 0.000000
4922.175198 0.000000
4922.218391 0.000000
4922.261584 0.000000
4922.304777 0.000000
4922.347970 0.000000
4922.391163 0.000000
4922.434355 0.000000
4922.477548 0.000000
4922.520741 0.000000
4922.563934 0.000000
4922.607127 0.000000
4922.650319 0.000000
4922.693512 0.000000
4922.736705 0.000000
4922.779898 0.000000
4922.823091 0.000000
4922.866283 0.000000
4922.909476 0.000000
4922.952669 0.000000
4922.995862 0.000000
4923.039055 0.000000
4923.082248 0.000000
4923.125440 0.000000
4923.168633 0.000000
4923.211826 0.000000
4923.255019 0.000000
4923.298212 0.000000
4923.341404 0.000000
4923.384597 0.000000
4923.427790 0.000000
4923.470983 0.000000
4923.514176 0.000000
4923.557368 0.000000
4923.600561 0.000000
4923.643754 0.000000
4923.686947 0.000000
4923.730140 0.000000
4923.773333 0.000000
4923.816525 0.000000
4923.859718 0.000000
4923.902911 0.000000
4923.946104 0.000000
4923.989297 0.000000
4924.032489 0.000000
4924.075682 0.000000
4924.118875 0.000000
4924.162068 0.000000
4924.205261 0.000000
4924.248453 0.000000
4924.291646 0.000000
4924.334839 0.000000
4924.378032 0.000000
4924.421225 0.000000
4924.464418 0.000000
4924.507610 0.000000
4924.550803 0.000000
4924.593996 0.000000
4924.637189 0.000000
4924.680382 0.000000
4924.723574 0.000000
4924.766767 0.000000
4924.809960 0.000000
4924.853153 0.000000
4924.896346 0.000000
4924.939538 0.000000
4924.982731 0.000000
4925.025924 0.000000
4925.069117 0.000000
4925.112310 0.000000
4925.155503 0.000000
4925.198695 0.000000
4925.241888 0.000000
4925.285081 0.000000
4925.328274 0.000000
4925.371467 0.000000
4925.414659 0.000000
4925.457852 0.000000
4925.501045 0.000000
4925.544238 0.000000
4925.587431 0.000000
4925.630624 0.000000
4925.673816 0.000000
4925.717009 0.000000
4925.760202 0.000000
4925.803395 0.000000
4925.846588 0.000000
4925.889780 0.000000
4925.932973 0.000000
4925.976166 0.000000
4926.019359 0.000000
4926.062552 0.000000
4926.105744 0.000000
4926.148937 0.000000
4926.192130 0.000000
4926.235323 0.000000
4926.278516 0.000000
4926.321709 0.000000
4926.364901 0.000000
4926.408094 0.000000
4926.451287 0.000000
4926.494480 0.000000
4926.537673 0.000000
4926.580865 0.000000
4926.624058 0.000000
4926.667251 0.000000
4926.710444 0.000000
4926.753637 0.000000
4926.796829 0.000000
4926.840022 0.000000
4926.883215 0.000000
4926.926408 0.000000
4926.969601 0.000000
4927.012794 0.000000
4927.055986 0.000000
4927.099179 0.000000
4927.142372 0.000000
4927.185565 0.000000
4927.228758 0.000000
4927.271950 0.000000
4927.315143 0.000000
4927.358336 0.000000
4927.401529 0.000000
4927.444722 0.000000
4927.487914 0.000000
4927.531107 0.000000
4927.574300 0.000000
4927.617493 0.000000
4927.660686 0.000000
4927.703879 0.000000
4927.747071 0.000000
4927.790264 0.000000
4927.833457 0.000000
4927.876650 0.000000
4927.919843 0.000000
4927.963035 0.000000
4928.006228 0.000000
4928.049421 0.000000
4928.092614 0.000000
4928.135807 0.000000
4928.178999 0.000000
4928.222192 0.000000
4928.265385 0.000000
4928.308578 0.000000
4928.351771 0.000000
4928.394964 0.000000
4928.438156 0.000000
4928.481349 0.000000
4928.524542 0.000000
4928.567735 0.000000
4928.610928 0.000000
4928.654120 0.000000
4928.697313 0.000000
4928.740506 0.000000
4928.783699 0.000000
4928.826892 0.000000
4928.870084 0.000000
4928.913277 0.000000
4928.956470 0.000000
4928.999663 0.000000
4929.042856 0.000000
4929.086049 0.000000
4929.129241 0.000000
4929.172434 0.000000
4929.215627 0.000000
4929.258820 0.000000
4929.302013 0.000000
4929.345205 0.000000
4929.388398 0.000000
4929.431591 0.000000
4929.474784 0.000000
4929.517977 0.000000
4929.561169 0.000000
4929.604362 0.000000
4929.647555 0.000000
4929.690748 0.000000
4929.733941 0.000000
4929.777134 0.000000
4929.820326 0.000000
4929.863519 0.000000
4929.906712 0.000000
4929.949905 0.000000
4929.993098 0.000000
4930.036290 0.000000
4930.079483 0.000000
4930.122676 0.000000
4930.165869 0.000000
4930.209062 0.000000
4930.252254 0.000000
4930.295447 0.000000
4930.338640 0.000000
4930.381833 0.000000
4930.425026 0.000000
4930.468219 0.000000
4930.511411 0.000000
4930.554604 0.000000
4930.597797 0.000000
4930.640990 0.000000
4930.684183 0.000000
4930.727375 0.000000
4930.770568 0.000000
4930.813761 0.000000
4930.856954 0.000000
4930.900147 0.000000
4930.943339 0.000000
4930.986532 0.000000
4931.029725 0.000000
4931.072918 0.000000
4931.116111 0.000000
4931.159304 0.000000
4931.202496 0.000000
4931.245689 0.000000
4931.288882 0.000000
4931.332075 0.000000
4931.375268 0.000000
4931.418460 0.000000
4931.461653 0.000000
4931.504846 0.000000
4931.548039 0.000000
4931.591232 0.000000
4931.634424 0.000000
4931.677617 0.000000
4931.720810 0.000000
4931.764003 0.000000
4931.807196 0.000000
4931.850389 0.000000
4931.893581 0.000000
4931.936774 0.000000
4931.979967 0.000000
4932.023160 0.000000
4932.066353 0.000000
4932.109545 0.000000
4932.152738 0.000000
4932.195931 0.000000
4932.239124 0.000000
4932.282317 0.000000
4932.325509 0.000000
4932.368702 0.000000
4932.411895 0.000000
4932.455088 0.000000
4932.498281 0.000000
4932.541474 0.000000
4932.584666 0.000000
4932.627859 0.000000
4932.671052 0.000000
4932.714245 0.000000
4932.757438 0.000000
4932.800630 0.000000
4932.843823 0.000000
4932.887016 0.000000
4932.930209 0.000000
4932.973402 0.000000
4933.016594 0.000000
4933.059787 0.000000
4933.102980 0.000000
4933.146173 0.000000
4933.189366 0.000000
4933.232559 0.000000
4933.275751 0.000000
4933.318944 0.000000
4933.362137 0.000000
4933.405330 0.000000
4933.448523 0.000000
4933.491715 0.000000
4933.534908 0.000000
4933.578101 0.000000
4933.621294 0.000000
4933.664487 0.000000
4933.707679 0.000000
4933.750872 0.000000
4933.794065 0.000000
4933.837258 0.000000
4933.880451 0.000000
4933.923644 0.000000
4933.966836 0.000000
4934.010029 0.000000
4934.053222 0.000000
4934.096415 0.000000
4934.139608 0.000000
4934.182800 0.000000
4934.225993 0.000000
4934.269186 0.000000
4934.312379 0.000000
4934.355572 0.000000
4934.398764 0.000000
4934.441957 0.000000
4934.485150 0.000000
4934.528343 0.000000
4934.571536 0.000000
4934.614729 0.000000
4934.657921 0.000000
4934.701114 0.000000
4934.744307 0.000000
4934.787500 0.000000
4934.830693 0.000000
4934.873885 0.000000
4934.917078 0.000000
4934.960271 0.000000
4935.003464 0.000000
4935.046657 0.000000
4935.089849 0.000000
4935.133042 0.000000
4935.176235 0.000000
4935.219428 0.000000
4935.262621 0.000000
4935.305814 0.000000
4935.349006 0.000000
4935.392199 0.000000
4935.435392 0.000000
4935.478585 0.000000
4935.521778 0.000000
4935.564970 0.000000
4935.608163 0.000000
4935.651356 0.000000
4935.694549 0.000000
4935.737742 0.000000
4935.780934 0.000000
4935.824127 0.000000
4935.867320 0.000000
4935.910513 0.000000
4935.953706 0.000000
4935.996899 0.000000
4936.040091 0.000000
4936.083284 0.000000
4936.126477 0.000000
4936.169670 0.000000
4936.212863 0.000000
4936.256055 0.000000
4936.299248 0.000000
4936.342441 0.000000
4936.385634 0.000000
4936.428827 0.000000
4936.472019 0.000000
4936.515212 0.000000
4936.558405 0.000000
4936.601598 0.000000
4936.644791 0.000000
4936.687984 0.000000
4936.731176 0.000000
4936.774369 0.000000
4936.817562 0.000000
4936.860755 0.000000
4936.903948 0.000000
4936.947140 0.000000
4936.990333 0.000000
4937.033526 0.000000
4937.076719 0.000000
4937.119912 0.000000
4937.163104 0.000000
4937.206297 0.000000
4937.249490 0.000000
4937.292683 0.000000
4937.335876 0.000000
4937.379069 0.000000
4937.422261 0.000000
4937.465454 0.000000
4937.508647 0.000000
4937.551840 0.000000
4937.595033 0.000000
4937.638225 0.000000
4937.681418 0.000000
4937.724611 0.000000
4937.767804 0.000000
4937.810997 0.000000
4937.854190 0.000000
4937.897382 0.000000
4937.940575 0.000000
4937.983768 0.000000
4938.026961 0.000000
4938.070154 0.000000
4938.113346 0.000000
4938.156539 0.000000
4938.199732 0.000000
4938.242925 0.000000
4938.286118 0.000000
4938.329310 0.000000
4938.372503 0.000000
4938.415696 0.000000
4938.458889 0.000000
4938.502082 0.000000
4938.545275 0.000000
4938.588467 0.000000
4938.631660 0.000000
4938.674853 0.000000
4938.718046 0.000000
4938.761239 0.000000
4938.804431 0.000000
4938.847624 0.000000
4938.890817 0.000000
4938.934010 0.000000
4938.977203 0.000000
4939.020395 0.000000
4939.063588 0.000000
4939.106781 0.000000
4939.149974 0.000000
4939.193167 0.000000
4939.236360 0.000000
4939.279552 0.000000
4939.322745 0.000000
4939.365938 0.000000
4939.409131 0.000000
4939.452324 0.000000
4939.495516 0.000000
4939.538709 0.000000
4939.581902 0.000000
4939.625095 0.000000
4939.668288 0.000000
4939.711480 0.000000
4939.754673 0.000000
4939.797866 0.000001
4939.841059 0.000001
4939.884252 0.000001
4939.927445 0.000001
4939.970637 0.000001
4940.013830 0.000001
4940.057023 0.000001
4940.100216 0.000001
4940.143409 0.000001
4940.186601 0.000001
4940.229794 0.000001
4940.272987 0.000001
4940.316180 0.000001
4940.359373 0.000001
4940.402565 0.000001
4940.445758 0.000001
4940.488951 0.000001
4940.532144 0.000001
4940.575337 0.000001
4940.618530 0.000001
4940.661722 0.000001
4940.704915 0.000001
4940.748108 0.000001
4940.791301 0.000001
4940.834494 0.000001
4940.877686 0.000001
4940.920879 0.000001
4940.964072 0.000001
4941.007265 0.000001
4941.050458 0.000001
4941.093650 0.000001
4941.136843 0.000001
4941.180036 0.000001
4941.223229 0.000001
4941.266422 0.000001
4941.309615 0.000001
4941.352807 0.000001
4941.396000 0.000001
4941.439193 0.000001
4941.482386 0.000001
4941.525579 0.000001
4941.568771 0.000001
4941.611964 0.000001
4941.655157 0.000001
4941.698350 0.000001
4941.741543 0.000001
4941.784735 0.000001
4941.827928 0.000001
4941.871121 0.000001
4941.914314 0.000001
4941.957507 0.000001
4942.000700 0.000001
4942.043892 0.000001
4942.087085 0.000001
4942.130278 0.000001
4942.173471 0.000001
4942.216664 0.000001
4942.259856 0.000001
4942.303049 0.000001
4942.346242 0.000001
4942.389435 0.000001
4942.432628 0.000001
4942.475820 0.000002
4942.519013 0.000002
4942.562206 0.000002
4942.605399 0.000002
4942.648592 0.000002
4942.691785 0.000002
4942.734977 0.000002
4942.778170 0.000002
4942.821363 0.000002
4942.864556 0.000002
4942.907749 0.000002
4942.950941 0.000002
4942.994134 0.000002
4943.037327 0.000002
4943.080520 0.000002
4943.123713 0.000002
4943.166905 0.000002
4943.210098 0.000002
4943.253291 0.000002
4943.296484 0.000002
4943.339677 0.000002
4943.382870 0.000002
4943.426062 0.000002
4943.469255 0.000002
4943.512448 0.000002
4943.555641 0.000002
4943.598834 0.000002
4943.642026 0.000002
4943.685219 0.000002
4943.728412 0.000002
4943.771605 0.000003
4943.814798 0.000003
4943.857990 0.000003
4943.901183 0.000003
4943.944376 0.000003
4943.987569 0.000003
4944.030762 0.000003
4944.073955 0.000003
4944.117147 0.000003
4944.160340 0.000003
4944.203533 0.000003
4944.246726 0.000003
4944.289919 0.000003
4944.333111 0.000003
4944.376304 0.000003
4944.419497 0.000003
4944.462690 0.000003
4944.505883 0.000003
4944.549075 0.000003
4944.592268 0.000004
4944.635461 0.000004
4944.678654 0.000004
4944.721847 0.000004
4944.765040 0.000004
4944.808232 0.000004
4944.851425 0.000004
4944.894618 0.000004
4944.937811 0.000004
4944.981004 0.000004
4945.024196 0.000004
4945.067389 0.000004
4945.110582 0.000004
4945.153775 0.000004
4945.196968 0.000004
4945.240160 0.000005
4945.283353 0.000005
4945.326546 0.000005
4945.369739 0.000005
4945.412932 0.000005
4945.456125 0.000005
4945.499317 0.000005
4945.542510 0.000005
4945.585703 0.000005
4945.628896 0.000005
4945.672089 0.000005
4945.715281 0.000005
4945.758474 0.000005
4945.801667 0.000006
4945.844860 0.000006
4945.888053 0.000006
4945.931245 0.000006
4945.974438 0.000006
4946.017631 0.000006
4946.060824 0.000006
4946.104017 0.000006
4946.147210 0.000006
4946.190402 0.000006
4946.233595 0.000007
4946.276788 0.000007
4946.319981 0.000007
4946.363174 0.000007
4946.406366 0.000007
4946.449559 0.000007
4946.492752 0.000007
4946.535945 0.000007
4946.579138 0.000008
4946.622330 0.000008
4946.665523 0.000008
4946.708716 0.000008
4946.751909 0.000008
4946.795102 0.000008
4946.838295 0.000008
4946.881487 0.000008
4946.924680 0.000009
4946.967873 0.000009
4947.011066 0.000009
4947.054259 0.000009
4947.097451 0.000009
4947.140644 0.000009
4947.183837 0.000009
4947.227030 0.000010
4947.270223 0.000010
4947.313415 0.000010
4947.356608 0.000010
4947.399801 0.000010
4947.442994 0.000010
4947.486187 0.000011
4947.529380 0.000011
4947.572572 0.000011
4947.615765 0.000011
4947.658958 0.000011
4947.702151 0.000011
4947.745344 0.000012
4947.788536 0.000012
4947.831729 0.000012
4947.874922 0.000012
4947.918115 0.000012
4947.961308 0.000013
4948.004500 0.000013
4948.047693 0.000013
4948.090886 0.000013
4948.134079 0.000013
4948.177272 0.000014
4948.220465 0.000014
4948.263657 0.000014
4948.306850 0.000014
4948.350043 0.000014
4948.393236 0.000015
4948.436429 0.000015
4948.479621 0.000015
4948.522814 0.000015
4948.566007 0.000016
4948.609200 0.000016
4948.652393 0.000016
4948.695585 0.000016
4948.738778 0.000017
4948.781971 0.000017
4948.825164 0.000017
4948.868357 0.000018
4948.911550 0.000018
4948.954742 0.000018
4948.997935 0.000018
4949.041128 0.000019
4949.084321 0.000019
4949.127514 0.000019
4949.170706 0.000020
4949.213899 0.000020
4949.257092 0.000020
4949.300285 0.000020
4949.343478 0.000021
4949.386670 0.000021
4949.429863 0.000021
4949.473056 0.000022
4949.516249 0.000022
4949.559442 0.000022
4949.602635 0.000023
4949.645827 0.000023
4949.689020 0.000024
4949.732213 0.000024
4949.775406 0.000024
4949.818599 0.000025
4949.861791 0.000025
4949.904984 0.000025
4949.948177 0.000026
4949.991370 0.000026
4950.034563 0.000027
4950.077755 0.000027
4950.120948 0.000027
4950.164141 0.000028
4950.207334 0.000028
4950.250527 0.000029
4950.293720 0.000029
4950.336912 0.000030
4950.380105 0.000030
4950.423298 0.000031
4950.466491 0.000031
4950.509684 0.000032
4950.552876 0.000032
4950.596069 0.000032
4950.639262 0.000033
4950.682455 0.000033
4950.725648 0.000034
4950.768841 0.000035
4950.812033 0.000035
4950.855226 0.000036
4950.898419 0.000036
4950.941612 0.000037
4950.984805 0.000037
4951.027997 0.000038
4951.071190 0.000038
4951.114383 0.000039
4951.157576 0.000040
4951.200769 0.000040
4951.243961 0.000041
4951.287154 0.000041
4951.330347 0.000042
4951.373540 0.000043
4951.416733 0.000043
4951.459926 0.000044
4951.503118 0.000045
4951.546311 0.000045
4951.589504 0.000046
4951.632697 0.000047
4951.675890 0.000047
4951.719082 0.000048
4951.762275 0.000049
4951.805468 0.000050
4951.848661 0.000050
4951.891854 0.000051
4951.935046 0.000052
4951.978239 0.000053
4952.021432 0.000053
4952.064625 0.000054
4952.107818 0.000055
4952.151011 0.000056
4952.194203 0.000057
4952.237396 0.000057
4952.280589 0.000058
4952.323782 0.000059
4952.366975 0.000060
4952.410167 0.000061
4952.453360 0.000062
4952.496553 0.000063
4952.539746 0.000064
4952.582939 0.000065
4952.626131 0.000066
4952.669324 0.000067
4952.712517 0.000068
4952.755710 0.000069
4952.798903 0.000070
4952.842096 0.000071
4952.885288 0.000072
4952.928481 0.000073
4952.971674 0.000074
4953.014867 0.000075
4953.058060 0.000076
4953.101252 0.000077
4953.144445 0.000078
4953.187638 0.000079
4953.230831 0.000080
4953.274024 0.000082
4953.317216 0.000083
4953.360409 0.000084
4953.403602 0.000085
4953.446795 0.000086
4953.489988 0.000088
4953.533181 0.000089
4953.576373 0.000090
4953.619566 0.000092
4953.662759 0.000093
4953.705952 0.000094
4953.749145 0.000096
4953.792337 0.000097
4953.835530 0.000098
4953.878723 0.000100
4953.921916 0.000101
4953.965109 0.000103
4954.008301 0.000104
4954.051494 0.000106
4954.094687 0.000107
4954.137880 0.000109
4954.181073 0.000110
4954.224266 0.000112
4954.267458 0.000114
4954.310651 0.000115
4954.353844 0.000117
4954.397037 0.000118
4954.440230 0.000120
4954.483422 0.000122
4954.526615 0.000124
4954.569808 0.000125
4954.613001 0.000127
4954.656194 0.000129
4954.699386 0.000131
4954.742579 0.000133
4954.785772 0.000135
4954.828965 0.000136
4954.872158 0.000138
4954.915351 0.000140
4954.958543 0.000142
4955.001736 0.000144
4955.044929 0.000146
4955.088122 0.000148
4955.131315 0.000151
4955.174507 0.000153
4955.217700 0.000155
4955.260893 0.000157
4955.304086 0.000159
4955.347279 0.000161
4955.390471 0.000164
4955.433664 0.000166
4955.476857 0.000168
4955.520050 0.000171
4955.563243 0.000173
4955.606436 0.000175
4955.649628 0.000178
4955.692821 0.000180
4955.736014 0.000183
4955.779207 0.000185
4955.822400 0.000188
4955.865592 0.000191
4955.908785 0.000193
4955.951978 0.000196
4955.995171 0.000199
4956.038364 0.000201
4956.081556 0.000204
4956.124749 0.000207
4956.167942 0.000210
4956.211135 0.000213
4956.254328 0.000216
4956.297521 0.000219
4956.340713 0.000222
4956.383906 0.000225
4956.427099 0.000228
4956.470292 0.000231
4956.513485 0.000234
4956.556677 0.000237
4956.599870 0.000241
4956.643063 0.000244
4956.686256 0.000247
4956.729449 0.000251
4956.772641 0.000254
4956.815834 0.000257
4956.859027 0.000261
4956.902220 0.000265
4956.945413 0.000268
4956.988606 0.000272
4957.031798 0.000275
4957.074991 0.000279
4957.118184 0.000283
4957.161377 0.000287
4957.204570 0.000291
4957.247762 0.000295
4957.290955 0.000299
4957.334148 0.000303
4957.377341 0.000307
4957.420534 0.000311
4957.463726 0.000315
4957.506919 0.000319
4957.550112 0.000324
4957.593305 0.000328
4957.636498 0.000332
4957.679691 0.000337
4957.722883 0.000341
4957.766076 0.000346
4957.809269 0.000350
4957.852462 0.000355
4957.895655 0.000360
4957.938847 0.000365
4957.982040 0.000369
4958.025233 0.000374
4958.068426 0.000379
4958.111619 0.000384
4958.154811 0.000389
4958.198004 0.000395
4958.241197 0.000400
4958.284390 0.000405
4958.327583 0.000410
4958.370776 0.000416
4958.413968 0.000421
4958.457161 0.000427
4958.500354 0.000433
4958.543547 0.000438
4958.586740 0.000444
4958.629932 0.000450
4958.673125 0.000456
4958.716318 0.000462
4958.759511 0.000468
4958.802704 0.000474
4958.845896 0.000480
4958.889089 0.000486
4958.932282 0.000493
4958.975475 0.000499
4959.018668 0.000506
4959.061861 0.000512
4959.105053 0.000519
4959.148246 0.000526
4959.191439 0.000532
4959.234632 0.000539
4959.277825 0.000546
4959.321017 0.000553
4959.364210 0.000561
4959.407403 0.000568
4959.450596 0.000575
4959.493789 0.000583
4959.536981 0.000590
4959.580174 0.000598
4959.623367 0.000605
4959.666560 0.000613
4959.709753 0.000621
4959.752946 0.000629
4959.796138 0.000637
4959.839331 0.000645
4959.882524 0.000653
4959.925717 0.000662
4959.968910 0.000670
4960.012102 0.000679
4960.055295 0.000687
4960.098488 0.000696
4960.141681 0.000705
4960.184874 0.000714
4960.228066 0.000723
4960.271259 0.000732
4960.314452 0.000741
4960.357645 0.000751
4960.400838 0.000760
4960.444031 0.000770
4960.487223 0.000780
4960.530416 0.000789
4960.573609 0.000799
4960.616802 0.000809
4960.659995 0.000820
4960.703187 0.000830
4960.746380 0.000840
4960.789573 0.000851
4960.832766 0.000862
4960.875959 0.000872
4960.919151 0.000883
4960.962344 0.000894
4961.005537 0.000905
4961.048730 0.000917
4961.091923 0.000928
4961.135116 0.000940
4961.178308 0.000951
4961.221501 0.000963
4961.264694 0.000975
4961.307887 0.000987
4961.351080 0.000999
4961.394272 0.001012
4961.437465 0.001024
4961.480658 0.001037
4961.523851 0.001050
4961.567044 0.001063
4961.610236 0.001076
4961.653429 0.001089
4961.696622 0.001102
4961.739815 0.001116
4961.783008 0.001130
4961.826201 0.001144
4961.869393 0.001158
4961.912586 0.001172
4961.955779 0.001186
4961.998972 0.001200
4962.042165 0.001215
4962.085357 0.001230
4962.128550 0.001245
4962.171743 0.001260
4962.214936 0.001275
4962.258129 0.001291
4962.301321 0.001306
4962.344514 0.001322
4962.387707 0.001338
4962.430900 0.001355
4962.474093 0.001371
4962.517286 0.001387
4962.560478 0.001404
4962.603671 0.001421
4962.646864 0.001438
4962.690057 0.001455
4962.733250 0.001473
4962.776442 0.001491
4962.819635 0.001508
4962.862828 0.001526
4962.906021 0.001545
4962.949214 0.001563
4962.992407 0.001582
4963.035599 0.001601
4963.078792 0.001620
4963.121985 0.001639
4963.165178 0.001659
4963.208371 0.001678
4963.251563 0.001698
4963.294756 0.001718
4963.337949 0.001739
4963.381142 0.001759
4963.424335 0.001780
4963.467527 0.001801
4963.510720 0.001822
4963.553913 0.001844
4963.597106 0.001865
4963.640299 0.001887
4963.683492 0.001910
4963.726684 0.001932
4963.769877 0.001955
4963.813070 0.001977
4963.856263 0.002001
4963.899456 0.002024
4963.942648 0.002048
4963.985841 0.002071
4964.029034 0.002096
4964.072227 0.002120
4964.115420 0.002145
4964.158612 0.002170
4964.201805 0.002195
4964.244998 0.002220
4964.288191 0.002246
4964.331384 0.002272
4964.374577 0.002298
4964.417769 0.002325
4964.460962 0.002352
4964.504155 0.002379
4964.547348 0.002406
4964.590541 0.002434
4964.633733 0.002462
4964.676926 0.002490
4964.720119 0.002518
4964.763312 0.002547
4964.806505 0.002576
4964.849697 0.002606
4964.892890 0.002636
4964.936083 0.002666
4964.979276 0.002696
4965.022469 0.002727
4965.065662 0.002758
4965.108854 0.002789
4965.152047 0.002821
4965.195240 0.002853
4965.238433 0.002885
4965.281626 0.002917
4965.324818 0.002950
4965.368011 0.002984
4965.411204 0.003017
4965.454397 0.003051
4965.497590 0.003086
4965.540782 0.003120
4965.583975 0.003155
4965.627168 0.003191
4965.670361 0.003227
4965.713554 0.003263
4965.756747 0.003299
4965.799939 0.003336
4965.843132 0.003373
4965.886325 0.003411
4965.929518 0.003449
4965.972711 0.003487
4966.015903 0.003526
4966.059096 0.003565
4966.102289 0.003604
4966.145482 0.003644
4966.188675 0.003685
4966.231867 0.003725
4966.275060 0.003766
4966.318253 0.003808
4966.361446 0.003850
4966.404639 0.003892
4966.447832 0.003935
4966.491024 0.003978
4966.534217 0.004022
4966.577410 0.004066
4966.620603 0.004110
4966.663796 0.004155
4966.706988 0.004201
4966.750181 0.004247
4966.793374 0.004293
4966.836567 0.004340
4966.879760 0.004387
4966.922952 0.004434
4966.966145 0.004482
4967.009338 0.004531
4967.052531 0.004580
4967.095724 0.004630
4967.138917 0.004680
4967.182109 0.004730
4967.225302 0.004781
4967.268495 0.004833
4967.311688 0.004884
4967.354881 0.004937
4967.398073 0.004990
4967.441266 0.005043
4967.484459 0.005097
4967.527652 0.005152
4967.570845 0.005207
4967.614037 0.005263
4967.657230 0.005319
4967.700423 0.005375
4967.743616 0.005432
4967.786809 0.005490
4967.830002 0.005548
4967.873194 0.005607
4967.916387 0.005667
4967.959580 0.005726
4968.002773 0.005787
4968.045966 0.005848
4968.089158 0.005910
4968.132351 0.005972
4968.175544 0.006035
4968.218737 0.006098
4968.261930 0.006162
4968.305122 0.006227
4968.348315 0.006292
4968.391508 0.006358
4968.434701 0.006424
4968.477894 0.006491
4968.521087 0.006559
4968.564279 0.006627
4968.607472 0.006696
4968.650665 0.006766
4968.693858 0.006836
4968.737051 0.006907
4968.780243 0.006978
4968.823436 0.007050
4968.866629 0.007123
4968.909822 0.007196
4968.953015 0.007271
4968.996207 0.007345
4969.039400 0.007421
4969.082593 0.007497
4969.125786 0.007574
4969.168979 0.007652
4969.212172 0.007730
4969.255364 0.007809
4969.298557 0.007889
4969.341750 0.007969
4969.384943 0.008050
4969.428136 0.008132
4969.471328 0.008215
4969.514521 0.008298
4969.557714 0.008382
4969.600907 0.008467
4969.644100 0.008553
4969.687292 0.008639
4969.730485 0.008727
4969.773678 0.008815
4969.816871 0.008903
4969.860064 0.008993
4969.903257 0.009083
4969.946449 0.009174
4969.989642 0.009266
4970.032835 0.009359
4970.076028 0.009453
4970.119221 0.009547
4970.162413 0.009642
4970.205606 0.009738
4970.248799 0.009835
4970.291992 0.009933
4970.335185 0.010031
4970.378377 0.010131
4970.421570 0.010231
4970.464763 0.010332
4970.507956 0.010434
4970.551149 0.010537
4970.594342 0.010641
4970.637534 0.010746
4970.680727 0.010852
4970.723920 0.010958
4970.767113 0.011066
4970.810306 0.011174
4970.853498 0.011283
4970.896691 0.011394
4970.939884 0.011505
4970.983077 0.011617
4971.026270 0.011730
4971.069462 0.011844
4971.112655 0.011959
4971.155848 0.012075
4971.199041 0.012192
4971.242234 0.012310
4971.285427 0.012429
4971.328619 0.012549
4971.371812 0.012670
4971.415005 0.012792
4971.458198 0.012915
4971.501391 0.013040
4971.544583 0.013165
4971.587776 0.013291
4971.630969 0.013418
4971.674162 0.013546
4971.717355 0.013676
4971.760547 0.013806
4971.803740 0.013938
4971.846933 0.014070
4971.890126 0.014204
4971.933319 0.014339
4971.976512 0.014475
4972.019704 0.014612
4972.062897 0.014750
4972.106090 0.014889
4972.149283 0.015029
4972.192476 0.015171
4972.235668 0.015314
4972.278861 0.015458
4972.322054 0.015603
4972.365247 0.015749
4972.408440 0.015896
4972.451632 0.016045
4972.494825 0.016195
4972.538018 0.016346
4972.581211 0.016498
4972.624404 0.016651
4972.667597 0.016806
4972.710789 0.016962
4972.753982 0.017119
4972.797175 0.017277
4972.840368 0.017437
4972.883561 0.017598
4972.926753 0.017760
4972.969946 0.017924
4973.013139 0.018089
4973.056332 0.018255
4973.099525 0.018422
4973.142717 0.018591
4973.185910 0.018761
4973.229103 0.018932
4973.272296 0.019105
4973.315489 0.019279
4973.358682 0.019455
4973.401874 0.019631
4973.445067 0.019810
4973.488260 0.019989
4973.531453 0.020170
4973.574646 0.020352
4973.617838 0.020536
4973.661031 0.020721
4973.704224 0.020908
4973.747417 0.021096
4973.790610 0.021285
4973.833802 0.021476
4973.876995 0.021669
4973.920188 0.021863
4973.963381 0.022058
4974.006574 0.022255
4974.049767 0.022453
4974.092959 0.022653
4974.136152 0.022854
4974.179345 0.023057
4974.222538 0.023262
4974.265731 0.023467
4974.308923 0.023675
4974.352116 0.023884
4974.395309 0.024095
4974.438502 0.024307
4974.481695 0.024520
4974.524887 0.024736
4974.568080 0.024953
4974.611273 0.025171
4974.654466 0.025391
4974.697659 0.025613
4974.740852 0.025837
4974.784044 0.026062
4974.827237 0.026288
4974.870430 0.026517
4974.913623 0.026747
4974.956816 0.026978
4975.000008 0.027212
4975.043201 0.027447
4975.086394 0.027684
4975.129587 0.027922
4975.172780 0.028163
4975.215972 0.028405
4975.259165 0.028648
4975.302358 0.028894
4975.345551 0.029141
4975.388744 0.029390
4975.431937 0.029641
4975.475129 0.029893
4975.518322 0.030148
4975.561515 0.030404
4975.604708 0.030662
4975.647901 0.030922
4975.691093 0.031184
4975.734286 0.031447
4975.777479 0.031713
4975.820672 0.031980
4975.863865 0.032249
4975.907058 0.032520
4975.950250 0.032793
4975.993443 0.033068
4976.036636 0.033344
4976.079829 0.033623
4976.123022 0.033904
4976.166214 0.034186
4976.209407 0.034471
4976.252600 0.034757
4976.295793 0.035046
4976.338986 0.035336
4976.382178 0.035628
4976.425371 0.035923
4976.468564 0.036219
4976.511757 0.036518
4976.554950 0.036818
4976.598143 0.037120
4976.641335 0.037425
4976.684528 0.037732
4976.727721 0.038040
4976.770914 0.038351
4976.814107 0.038664
4976.857299 0.038979
4976.900492 0.039296
4976.943685 0.039615
4976.986878 0.039936
4977.030071 0.040259
4977.073263 0.040585
4977.116456 0.040913
4977.159649 0.041242
4977.202842 0.041574
4977.246035 0.041909
4977.289228 0.042245
4977.332420 0.042584
4977.375613 0.042924
4977.418806 0.043268
4977.461999 0.043613
4977.505192 0.043960
4977.548384 0.044310
4977.591577 0.044662
4977.634770 0.045016
4977.677963 0.045373
4977.721156 0.045732
4977.764348 0.046093
4977.807541 0.046456
4977.850734 0.046822
4977.893927 0.047190
4977.937120 0.047561
4977.980313 0.047933
4978.023505 0.048309
4978.066698 0.048686
4978.109891 0.049066
4978.153084 0.049448
4978.196277 0.049833
4978.239469 0.050220
4978.282662 0.050610
4978.325855 0.051001
4978.369048 0.051396
4978.412241 0.051793
4978.455433 0.052192
4978.498626 0.052594
4978.541819 0.052998
4978.585012 0.053404
4978.628205 0.053814
4978.671398 0.054225
4978.714590 0.054639
4978.757783 0.055056
4978.800976 0.055475
4978.844169 0.055897
4978.887362 0.056321
4978.930554 0.056748
4978.973747 0.057178
4979.016940 0.057610
4979.060133 0.058044
4979.103326 0.058481
4979.146518 0.058921
4979.189711 0.059364
4979.232904 0.059809
4979.276097 0.060256
4979.319290 0.060707
4979.362483 0.061160
4979.405675 0.061615
4979.448868 0.062073
4979.492061 0.062534
4979.535254 0.062998
4979.578447 0.063464
4979.621639 0.063933
4979.664832 0.064405
4979.708025 0.064880
4979.751218 0.065357
4979.794411 0.065837
4979.837603 0.066319
4979.880796 0.066805
4979.923989 0.067293
4979.967182 0.067784
4980.010375 0.068278
4980.053568 0.068774
4980.096760 0.069274
4980.139953 0.069776
4980.183146 0.070281
4980.226339 0.070789
4980.269532 0.071299
4980.312724 0.071813
4980.355917 0.072329
4980.399110 0.072849
4980.442303 0.073371
4980.485496 0.073896
4980.528688 0.074423
4980.571881 0.074954
4980.615074 0.075488
4980.658267 0.076024
4980.701460 0.076564
4980.744653 0.077106
4980.787845 0.077652
4980.831038 0.078200
4980.874231 0.078751
4980.917424 0.079305
4980.960617 0.079862
4981.003809 0.080423
4981.047002 0.080986
4981.090195 0.081552
4981.133388 0.082121
4981.176581 0.082693
4981.219773 0.083268
4981.262966 0.083846
4981.306159 0.084427
4981.349352 0.085012
4981.392545 0.085599
4981.435738 0.086189
4981.478930 0.086782
4981.522123 0.087379
4981.565316 0.087978
4981.608509 0.088581
4981.651702 0.089186
4981.694894 0.089795
4981.738087 0.090407
4981.781280 0.091022
4981.824473 0.091640
4981.867666 0.092261
4981.910858 0.092885
4981.954051 0.093513
4981.997244 0.094143
4982.040437 0.094777
4982.083630 0.095414
4982.126823 0.096054
4982.170015 0.096697
4982.213208 0.097343
4982.256401 0.097993
4982.299594 0.098646
4982.342787 0.099301
4982.385979 0.099960
4982.429172 0.100623
4982.472365 0.101288
4982.515558 0.101957
4982.558751 0.102629
4982.601943 0.103304
4982.645136 0.103982
4982.688329 0.104664
4982.731522 0.105348
4982.774715 0.106036
4982.817908 0.106728
4982.861100 0.107422
4982.904293 0.108120
4982.947486 0.108821
4982.990679 0.109525
4983.033872 0.110233
4983.077064 0.110944
4983.120257 0.111658
4983.163450 0.112375
4983.206643 0.113096
4983.249836 0.113820
4983.293028 0.114547
4983.336221 0.115278
4983.379414 0.116012
4983.422607 0.116749
4983.465800 0.117489
4983.508993 0.118233
4983.552185 0.118980
4983.595378 0.119731
4983.638571 0.120485
4983.681764 0.121242
4983.724957 0.122002
4983.768149 0.122766
4983.811342 0.123533
4983.854535 0.124304
4983.897728 0.125077
4983.940921 0.125854
4983.984113 0.126635
4984.027306 0.127419
4984.070499 0.128206
4984.113692 0.128997
4984.156885 0.129790
4984.200078 0.130588
4984.243270 0.131388
4984.286463 0.132192
4984.329656 0.133000
4984.372849 0.133810
4984.416042 0.134624
4984.459234 0.135442
4984.502427 0.136263
4984.545620 0.137087
4984.588813 0.137914
4984.632006 0.138745
4984.675198 0.139580
4984.718391 0.140417
4984.761584 0.141258
4984.804777 0.142103
4984.847970 0.142951
4984.891163 0.143802
4984.934355 0.144656
4984.977548 0.145514
4985.020741 0.146376
4985.063934 0.147240
4985.107127 0.148109
4985.150319 0.148980
4985.193512 0.149855
4985.236705 0.150733
4985.279898 0.151615
4985.323091 0.152500
4985.366283 0.153388
4985.409476 0.154280
4985.452669 0.155175
4985.495862 0.156073
4985.539055 0.156975
4985.582248 0.157880
4985.625440 0.158788
4985.668633 0.159700
4985.711826 0.160616
4985.755019 0.161534
4985.798212 0.162456
4985.841404 0.163381
4985.884597 0.164310
4985.927790 0.165242
4985.970983 0.166177
4986.014176 0.167116
4986.057368 0.168058
4986.100561 0.169003
4986.143754 0.169952
4986.186947 0.170904
4986.230140 0.171859
4986.273333 0.172818
4986.316525 0.173780
4986.359718 0.174745
4986.402911 0.175714
4986.446104 0.176686
4986.489297 0.177661
4986.532489 0.178640
4986.575682 0.179621
4986.618875 0.180606
4986.662068 0.181595
4986.705261 0.182586
4986.748453 0.183581
4986.791646 0.184579
4986.834839 0.185581
4986.878032 0.186585
4986.921225 0.187593
4986.964418 0.188604
4987.007610 0.189619
4987.050803 0.190636
4987.093996 0.191657
4987.137189 0.192681
4987.180382 0.193708
4987.223574 0.194739
4987.266767 0.195772
4987.309960 0.196809
4987.353153 0.197849
4987.396346 0.198892
4987.439538 0.199939
4987.482731 0.200988
4987.525924 0.202041
4987.569117 0.203096
4987.612310 0.204155
4987.655503 0.205217
4987.698695 0.206282
4987.741888 0.207351
4987.785081 0.208422
4987.828274 0.209496
4987.871467 0.210574
4987.914659 0.211654
4987.957852 0.212738
4988.001045 0.213825
4988.044238 0.214914
4988.087431 0.216007
4988.130624 0.217103
4988.173816 0.218201
4988.217009 0.219303
4988.260202 0.220408
4988.303395 0.221515
4988.346588 0.222626
4988.389780 0.223740
4988.432973 0.224856
4988.476166 0.225976
4988.519359 0.227098
4988.562552 0.228223
4988.605744 0.229352
4988.648937 0.230483
4988.692130 0.231617
4988.735323 0.232753
4988.778516 0.233893
4988.821709 0.235036
4988.864901 0.236181
4988.908094 0.237329
4988.951287 0.238480
4988.994480 0.239633
4989.037673 0.240790
4989.080865 0.241949
4989.124058 0.243111
4989.167251 0.244276
4989.210444 0.245443
4989.253637 0.246613
4989.296829 0.247786
4989.340022 0.248961
4989.383215 0.250139
4989.426408 0.251320
4989.469601 0.252503
4989.512794 0.253689
4989.555986 0.254878
4989.599179 0.256069
4989.642372 0.257262
4989.685565 0.258459
4989.728758 0.259657
4989.771950 0.260858
4989.815143 0.262062
4989.858336 0.263268
4989.901529 0.264477
4989.944722 0.265688
4989.987914 0.266902
4990.031107 0.268117
4990.074300 0.269336
4990.117493 0.270556
4990.160686 0.271779
4990.203879 0.273005
4990.247071 0.274232
4990.290264 0.275462
4990.333457 0.276695
4990.376650 0.277929
4990.419843 0.279166
4990.463035 0.280405
4990.506228 0.281646
4990.549421 0.282890
4990.592614 0.284135
4990.635807 0.285383
4990.678999 0.286633
4990.722192 0.287885
4990.765385 0.289139
4990.808578 0.290395
4990.851771 0.291653
4990.894964 0.292913
4990.938156 0.294175
4990.981349 0.295439
4991.024542 0.296705
4991.067735 0.297973
4991.110928 0.299243
4991.154120 0.300515
4991.197313 0.301789
4991.240506 0.303065
4991.283699 0.304342
4991.326892 0.305621
4991.370084 0.306902
4991.413277 0.308185
4991.456470 0.309470
4991.499663 0.310756
4991.542856 0.312044
4991.586049 0.313334
4991.629241 0.314625
4991.672434 0.315918
4991.715627 0.317212
4991.758820 0.318508
4991.802013 0.319806
4991.845205 0.321105
4991.888398 0.322406
4991.931591 0.323708
4991.974784 0.325012
4992.017977 0.326317
4992.061169 0.327623
4992.104362 0.328931
4992.147555 0.330240
4992.190748 0.331551
4992.233941 0.332863
4992.277134 0.334176
4992.320326 0.335490
4992.363519 0.336806
4992.406712 0.338123
4992.449905 0.339441
4992.493098 0.340760
4992.536290 0.342080
4992.579483 0.343402
4992.622676 0.344724
4992.665869 0.346048
4992.709062 0.347372
4992.752254 0.348698
4992.795447 0.350024
4992.838640 0.351352
4992.881833 0.352680
4992.925026 0.354009
4992.968219 0.355339
4993.011411 0.356670
4993.054604 0.358002
4993.097797 0.359334
4993.140990 0.360668
4993.184183 0.362002
4993.227375 0.363336
4993.270568 0.364672
4993.313761 0.366007
4993.356954 0.367344
4993.400147 0.368681
4993.443339 0.370019
4993.486532 0.371357
4993.529725 0.372695
4993.572918 0.374034
4993.616111 0.375374
4993.659304 0.376714
4993.702496 0.378054
4993.745689 0.379395
4993.788882 0.380735
4993.832075 0.382077
4993.875268 0.383418
4993.918460 0.384760
4993.961653 0.386101
4994.004846 0.387443
4994.048039 0.388785
4994.091232 0.390127
4994.134424 0.391470
4994.177617 0.392812
4994.220810 0.394154
4994.264003 0.395496
4994.307196 0.396838
4994.350389 0.398180
4994.393581 0.399522
4994.436774 0.400864
4994.479967 0.402205
4994.523160 0.403546
4994.566353 0.404887
4994.609545 0.406228
4994.652738 0.407569
4994.695931 0.408909
4994.739124 0.410248
4994.782317 0.411587
4994.825509 0.412926
4994.868702 0.414264
4994.911895 0.415602
4994.955088 0.416939
4994.998281 0.418276
4995.041474 0.419612
4995.084666 0.420947
4995.127859 0.422282
4995.171052 0.423616
4995.214245 0.424949
4995.257438 0.426281
4995.300630 0.427613
4995.343823 0.428943
4995.387016 0.430273
4995.430209 0.431602
4995.473402 0.432930
4995.516594 0.434257
4995.559787 0.435583
4995.602980 0.436908
4995.646173 0.438231
4995.689366 0.439554
4995.732559 0.440875
4995.775751 0.442196
4995.818944 0.443515
4995.862137 0.444832
4995.905330 0.446149
4995.948523 0.447464
4995.991715 0.448778
4996.034908 0.450090
4996.078101 0.451401
4996.121294 0.452710
4996.164487 0.454018
4996.207679 0.455324
4996.250872 0.456629
4996.294065 0.457932
4996.337258 0.459234
4996.380451 0.460534
4996.423644 0.461832
4996.466836 0.463128
4996.510029 0.464423
4996.553222 0.465715
4996.596415 0.467006
4996.639608 0.468295
4996.682800 0.469582
4996.725993 0.470867
4996.769186 0.472150
4996.812379 0.473431
4996.855572 0.474710
4996.898764 0.475987
4996.941957 0.477262
4996.985150 0.478534
4997.028343 0.479805
4997.071536 0.481073
4997.114729 0.482338
4997.157921 0.483602
4997.201114 0.484863
4997.244307 0.486121
4997.287500 0.487378
4997.330693 0.488631
4997.373885 0.489883
4997.417078 0.491131
4997.460271 0.492378
4997.503464 0.493621
4997.546657 0.494862
4997.589849 0.496100
4997.633042 0.497336
4997.676235 0.498568
4997.719428 0.499798
4997.762621 0.501026
4997.805814 0.502250
4997.849006 0.503471
4997.892199 0.504690
4997.935392 0.505905
4997.978585 0.507118
4998.021778 0.508327
4998.064970 0.509533
4998.108163 0.510737
4998.151356 0.511937
4998.194549 0.513134
4998.237742 0.514327
4998.280934 0.515518
4998.324127 0.516705
4998.367320 0.517889
4998.410513 0.519069
4998.453706 0.520246
4998.496899 0.521420
4998.540091 0.522590
4998.583284 0.523757
4998.626477 0.524920
4998.669670 0.526080
4998.712863 0.527236
4998.756055 0.528388
4998.799248 0.529537
4998.842441 0.530682
4998.885634 0.531823
4998.928827 0.532960
4998.972019 0.534094
4999.015212 0.535224
4999.058405 0.536350
4999.101598 0.537472
4999.144791 0.538590
4999.187984 0.539704
4999.231176 0.540814
4999.274369 0.541920
4999.317562 0.543022
4999.360755 0.544120
4999.403948 0.545213
4999.447140 0.546303
4999.490333 0.547388
4999.533526 0.548469
4999.576719 0.549545
4999.619912 0.550618
4999.663104 0.551686
4999.706297 0.552749
4999.749490 0.553809
4999.792683 0.554863
4999.835876 0.555913
4999.879069 0.556959
4999.922261 0.558000
4999.965454 0.559037
5000.008647 0.560069
5000.051840 0.561096
5000.095033 0.562119
5000.138225 0.563136
5000.181418 0.564150
5000.224611 0.565158
5000.267804 0.566161
5000.310997 0.567160
5000.354190 0.568154
5000.397382 0.569143
5000.440575 0.570126
5000.483768 0.571105
5000.526961 0.572079
5000.570154 0.573048
5000.613346 0.574012
5000.656539 0.574971
5000.699732 0.575924
5000.742925 0.576873
5000.786118 0.577816
5000.829310 0.578754
5000.872503 0.579687
5000.915696 0.580614
5000.958889 0.581536
5001.002082 0.582453
5001.045275 0.583364
5001.088467 0.584270
5001.131660 0.585171
5001.174853 0.586066
5001.218046 0.586956
5001.261239 0.587840
5001.304431 0.588718
5001.347624 0.589591
5001.390817 0.590459
5001.434010 0.591320
5001.477203 0.592176
5001.520395 0.593027
5001.563588 0.593871
5001.606781 0.594710
5001.649974 0.595543
5001.693167 0.596370
5001.736360 0.597192
5001.779552 0.598007
5001.822745 0.598817
5001.865938 0.599621
5001.909131 0.600419
5001.952324 0.601211
5001.995516 0.601996
5002.038709 0.602776
5002.081902 0.603550
5002.125095 0.604318
5002.168288 0.605079
5002.211480 0.605835
5002.254673 0.606584
5002.297866 0.607328
5002.341059 0.608065
5002.384252 0.608795
5002.427445 0.609520
5002.470637 0.610238
5002.513830 0.610950
5002.557023 0.611656
5002.600216 0.612355
5002.643409 0.613048
5002.686601 0.613734
5002.729794 0.614414
5002.772987 0.615088
5002.816180 0.615755
5002.859373 0.616416
5002.902565 0.617070
5002.945758 0.617718
5002.988951 0.618359
5003.032144 0.618993
5003.075337 0.619621
5003.118530 0.620243
5003.161722 0.620857
5003.204915 0.621466
5003.248108 0.622067
5003.291301 0.622662
5003.334494 0.623250
5003.377686 0.623831
5003.420879 0.624405
5003.464072 0.624973
5003.507265 0.625534
5003.550458 0.626088
5003.593650 0.626635
5003.636843 0.627175
5003.680036 0.627709
5003.723229 0.628235
5003.766422 0.628755
5003.809615 0.629268
5003.852807 0.629774
5003.896000 0.630273
5003.939193 0.630764
5003.982386 0.631249
5004.025579 0.631727
5004.068771 0.632198
5004.111964 0.632662
5004.155157 0.633119
5004.198350 0.633568
5004.241543 0.634011
5004.284735 0.634446
5004.327928 0.634874
5004.371121 0.635296
5004.414314 0.635710
5004.457507 0.636116
5004.500700 0.636516
5004.543892 0.636909
5004.587085 0.637294
5004.630278 0.637672
5004.673471 0.638043
5004.716664 0.638406
5004.759856 0.638763
5004.803049 0.639112
5004.846242 0.639453
5004.889435 0.639788
5004.932628 0.640115
5004.975820 0.640435
5005.019013 0.640747
5005.062206 0.641052
5005.105399 0.641350
5005.148592 0.641640
5005.191785 0.641923
5005.234977 0.642199
5005.278170 0.642467
5005.321363 0.642728
5005.364556 0.642982
5005.407749 0.643228
5005.450941 0.643466
5005.494134 0.643697
5005.537327 0.643921
5005.580520 0.644137
5005.623713 0.644346
5005.666905 0.644547
5005.710098 0.644741
5005.753291 0.644928
5005.796484 0.645106
5005.839677 0.645278
5005.882870 0.645442
5005.926062 0.645598
5005.969255 0.645747
5006.012448 0.645888
5006.055641 0.646022
5006.098834 0.646148
5006.142026 0.646267
5006.185219 0.646378
5006.228412 0.646482
5006.271605 0.646578
5006.314798 0.646667
5006.357990 0.646748
5006.401183 0.646821
5006.444376 0.646887
5006.487569 0.646945
5006.530762 0.646996
5006.573955 0.647039
5006.617147 0.647075
5006.660340 0.647103
5006.703533 0.647124
5006.746726 0.647137
5006.789919 0.647142
5006.833111 0.647140
5006.876304 0.647130
5006.919497 0.647113
5006.962690 0.647088
5007.005883 0.647056
5007.049075 0.647016
5007.092268 0.646968
5007.135461 0.646913
5007.178654 0.646850
5007.221847 0.646780
5007.265040 0.646702
5007.308232 0.646617
5007.351425 0.646524
5007.394618 0.646424
5007.437811 0.646316
5007.481004 0.646200
5007.524196 0.646077
5007.567389 0.645946
5007.610582 0.645808
5007.653775 0.645663
5007.696968 0.645510
5007.740160 0.645349
5007.783353 0.645181
5007.826546 0.645005
5007.869739 0.644822
5007.912932 0.644631
5007.956125 0.644433
5007.999317 0.644228
5008.042510 0.644015
5008.085703 0.643794
5008.128896 0.643566
5008.172089 0.643331
5008.215281 0.643088
5008.258474 0.642838
5008.301667 0.642580
5008.344860 0.642315
5008.388053 0.642043
5008.431245 0.641763
5008.474438 0.641475
5008.517631 0.641181
5008.560824 0.640879
5008.604017 0.640570
5008.647210 0.640253
5008.690402 0.639929
5008.733595 0.639598
5008.776788 0.639259
5008.819981 0.638913
5008.863174 0.638560
5008.906366 0.638200
5008.949559 0.637832
5008.992752 0.637457
5009.035945 0.637075
5009.079138 0.636685
5009.122330 0.636289
5009.165523 0.635885
5009.208716 0.635474
5009.251909 0.635056
5009.295102 0.634631
5009.338295 0.634198
5009.381487 0.633759
5009.424680 0.633312
5009.467873 0.632859
5009.511066 0.632398
5009.554259 0.631930
5009.597451 0.631455
5009.640644 0.630973
5009.683837 0.630485
5009.727030 0.629989
5009.770223 0.629486
5009.813415 0.628976
5009.856608 0.628459
5009.899801 0.627936
5009.942994 0.627405
5009.986187 0.626868
5010.029380 0.626323
5010.072572 0.625772
5010.115765 0.625214
5010.158958 0.624650
5010.202151 0.624078
5010.245344 0.623500
5010.288536 0.622915
5010.331729 0.622323
5010.374922 0.621724
5010.418115 0.621119
5010.461308 0.620507
5010.504500 0.619889
5010.547693 0.619264
5010.590886 0.618632
5010.634079 0.617994
5010.677272 0.617349
5010.720465 0.616697
5010.763657 0.616040
5010.806850 0.615375
5010.850043 0.614704
5010.893236 0.614027
5010.936429 0.613343
5010.979621 0.612653
5011.022814 0.611956
5011.066007 0.611254
5011.109200 0.610544
5011.152393 0.609829
5011.195585 0.609107
5011.238778 0.608379
5011.281971 0.607645
5011.325164 0.606904
5011.368357 0.606157
5011.411550 0.605404
5011.454742 0.604645
5011.497935 0.603880
5011.541128 0.603109
5011.584321 0.602332
5011.627514 0.601549
5011.670706 0.600759
5011.713899 0.599964
5011.757092 0.599163
5011.800285 0.598356
5011.843478 0.597543
5011.886670 0.596724
5011.929863 0.595899
5011.973056 0.595068
5012.016249 0.594232
5012.059442 0.593390
5012.102635 0.592542
5012.145827 0.591688
5012.189020 0.590829
5012.232213 0.589964
5012.275406 0.589094
5012.318599 0.588217
5012.361791 0.587336
5012.404984 0.586448
5012.448177 0.585556
5012.491370 0.584657
5012.534563 0.583754
5012.577755 0.582845
5012.620948 0.581930
5012.664141 0.581010
5012.707334 0.580085
5012.750527 0.579155
5012.793720 0.578219
5012.836912 0.577278
5012.880105 0.576332
5012.923298 0.575381
5012.966491 0.574424
5013.009684 0.573462
5013.052876 0.572496
5013.096069 0.571524
5013.139262 0.570547
5013.182455 0.569565
5013.225648 0.568579
5013.268841 0.567587
5013.312033 0.566590
5013.355226 0.565589
5013.398419 0.564583
5013.441612 0.563572
5013.484805 0.562556
5013.527997 0.561535
5013.571190 0.560510
5013.614383 0.559480
5013.657576 0.558446
5013.700769 0.557407
5013.743961 0.556363
5013.787154 0.555315
5013.830347 0.554262
5013.873540 0.553204
5013.916733 0.552143
5013.959926 0.551077
5014.003118 0.550006
5014.046311 0.548931
5014.089504 0.547852
5014.132697 0.546769
5014.175890 0.545681
5014.219082 0.544589
5014.262275 0.543493
5014.305468 0.542393
5014.348661 0.541289
5014.391854 0.540181
5014.435046 0.539068
5014.478239 0.537952
5014.521432 0.536832
5014.564625 0.535707
5014.607818 0.534579
5014.651011 0.533447
5014.694203 0.532312
5014.737396 0.531172
5014.780589 0.530029
5014.823782 0.528881
5014.866975 0.527731
5014.910167 0.526576
5014.953360 0.525418
5014.996553 0.524256
5015.039746 0.523091
5015.082939 0.521923
5015.126131 0.520750
5015.169324 0.519575
5015.212517 0.518396
5015.255710 0.517213
5015.298903 0.516028
5015.342096 0.514839
5015.385288 0.513646
5015.428481 0.512451
5015.471674 0.511252
5015.514867 0.510050
5015.558060 0.508845
5015.601252 0.507637
5015.644445 0.506426
5015.687638 0.505212
5015.730831 0.503994
5015.774024 0.502774
5015.817216 0.501551
5015.860409 0.500325
5015.903602 0.499097
5015.946795 0.497865
5015.989988 0.496631
5016.033181 0.495394
5016.076373 0.494154
5016.119566 0.492912
5016.162759 0.491667
5016.205952 0.490419
5016.249145 0.489169
5016.292337 0.487916
5016.335530 0.486661
5016.378723 0.485403
5016.421916 0.484143
5016.465109 0.482881
5016.508301 0.481616
5016.551494 0.480349
5016.594687 0.479080
5016.637880 0.477808
5016.681073 0.476534
5016.724266 0.475259
5016.767458 0.473980
5016.810651 0.472700
5016.853844 0.471418
5016.897037 0.470134
5016.940230 0.468848
5016.983422 0.467560
5017.026615 0.466270
5017.069808 0.464978
5017.113001 0.463684
5017.156194 0.462388
5017.199386 0.461091
5017.242579 0.459792
5017.285772 0.458491
5017.328965 0.457189
5017.372158 0.455885
5017.415351 0.454579
5017.458543 0.453272
5017.501736 0.451963
5017.544929 0.450653
5017.588122 0.449341
5017.631315 0.448028
5017.674507 0.446713
5017.717700 0.445397
5017.760893 0.444080
5017.804086 0.442762
5017.847279 0.441442
5017.890471 0.440121
5017.933664 0.438799
5017.976857 0.437476
5018.020050 0.436151
5018.063243 0.434826
5018.106436 0.433500
5018.149628 0.432172
5018.192821 0.430844
5018.236014 0.429514
5018.279207 0.428184
5018.322400 0.426853
5018.365592 0.425521
5018.408785 0.424188
5018.451978 0.422854
5018.495171 0.421520
5018.538364 0.420185
5018.581556 0.418849
5018.624749 0.417513
5018.667942 0.416176
5018.711135 0.414839
5018.754328 0.413500
5018.797521 0.412162
5018.840713 0.410823
5018.883906 0.409483
5018.927099 0.408144
5018.970292 0.406803
5019.013485 0.405463
5019.056677 0.404122
5019.099870 0.402781
5019.143063 0.401439
5019.186256 0.400098
5019.229449 0.398756
5019.272641 0.397414
5019.315834 0.396072
5019.359027 0.394730
5019.402220 0.393388
5019.445413 0.392046
5019.488606 0.390703
5019.531798 0.389361
5019.574991 0.388019
5019.618184 0.386677
5019.661377 0.385335
5019.704570 0.383994
5019.747762 0.382652
5019.790955 0.381311
5019.834148 0.379970
5019.877341 0.378629
5019.920534 0.377289
5019.963726 0.375949
5020.006919 0.374609
5020.050112 0.373270
5020.093305 0.371931
5020.136498 0.370593
5020.179691 0.369255
5020.222883 0.367918
5020.266076 0.366581
5020.309269 0.365245
5020.352462 0.363909
5020.395655 0.362574
5020.438847 0.361240
5020.482040 0.359907
5020.525233 0.358574
5020.568426 0.357242
5020.611619 0.355910
5020.654811 0.354580
5020.698004 0.353250
5020.741197 0.351922
5020.784390 0.350594
5020.827583 0.349267
5020.870776 0.347941
5020.913968 0.346616
5020.957161 0.345292
5021.000354 0.343969
5021.043547 0.342647
5021.086740 0.341326
5021.129932 0.340007
5021.173125 0.338688
5021.216318 0.337371
5021.259511 0.336055
5021.302704 0.334740
5021.345896 0.333426
5021.389089 0.332114
5021.432282 0.330803
5021.475475 0.329493
5021.518668 0.328184
5021.561861 0.326877
5021.605053 0.325572
5021.648246 0.324267
5021.691439 0.322965
5021.734632 0.321663
5021.777825 0.320363
5021.821017 0.319065
5021.864210 0.317768
5021.907403 0.316473
5021.950596 0.315179
5021.993789 0.313887
5022.036981 0.312597
5022.080174 0.311308
5022.123367 0.310021
5022.166560 0.308736
5022.209753 0.307453
5022.252946 0.306171
5022.296138 0.304891
5022.339331 0.303613
5022.382524 0.302336
5022.425717 0.301062
5022.468910 0.299789
5022.512102 0.298518
5022.555295 0.297249
5022.598488 0.295982
5022.641681 0.294717
5022.684874 0.293454
5022.728066 0.292193
5022.771259 0.290934
5022.814452 0.289677
5022.857645 0.288422
5022.900838 0.287170
5022.944031 0.285919
5022.987223 0.284670
5023.030416 0.283424
5023.073609 0.282179
5023.116802 0.280937
5023.159995 0.279697
5023.203187 0.278460
5023.246380 0.277224
5023.289573 0.275991
5023.332766 0.274760
5023.375959 0.273531
5023.419151 0.272305
5023.462344 0.271081
5023.505537 0.269859
5023.548730 0.268640
5023.591923 0.267423
5023.635116 0.266208
5023.678308 0.264996
5023.721501 0.263787
5023.764694 0.262579
5023.807887 0.261375
5023.851080 0.260172
5023.894272 0.258973
5023.937465 0.257775
5023.980658 0.256581
5024.023851 0.255388
5024.067044 0.254199
5024.110236 0.253012
5024.153429 0.251827
5024.196622 0.250646
5024.239815 0.249466
5024.283008 0.248290
5024.326201 0.247116
5024.369393 0.245945
5024.412586 0.244776
5024.455779 0.243610
5024.498972 0.242447
5024.542165 0.241287
5024.585357 0.240129
5024.628550 0.238975
5024.671743 0.237822
5024.714936 0.236673
5024.758129 0.235527
5024.801321 0.234383
5024.844514 0.233242
5024.887707 0.232104
5024.930900 0.230969
5024.974093 0.229837
5025.017286 0.228707
5025.060478 0.227581
5025.103671 0.226457
5025.146864 0.225336
5025.190057 0.224218
5025.233250 0.223104
5025.276442 0.221992
5025.319635 0.220883
5025.362828 0.219777
5025.406021 0.218674
5025.449214 0.217574
5025.492407 0.216477
5025.535599 0.215383
5025.578792 0.214292
5025.621985 0.213204
5025.665178 0.212119
5025.708371 0.211037
5025.751563 0.209958
5025.794756 0.208883
5025.837949 0.207810
5025.881142 0.206740
5025.924335 0.205674
5025.967527 0.204611
5026.010720 0.203550
5026.053913 0.202493
5026.097106 0.201439
5026.140299 0.200389
5026.183492 0.199341
5026.226684 0.198296
5026.269877 0.197255
5026.313070 0.196217
5026.356263 0.195182
5026.399456 0.194150
5026.442648 0.193122
5026.485841 0.192096
5026.529034 0.191074
5026.572227 0.190055
5026.615420 0.189039
5026.658612 0.188027
5026.701805 0.187017
5026.744998 0.186011
5026.788191 0.185009
5026.831384 0.184009
5026.874577 0.183013
5026.917769 0.182020
5026.960962 0.181030
5027.004155 0.180044
5027.047348 0.179060
5027.090541 0.178081
5027.133733 0.177104
5027.176926 0.176131
5027.220119 0.175161
5027.263312 0.174194
5027.306505 0.173231
5027.349697 0.172270
5027.392890 0.171314
5027.436083 0.170360
5027.479276 0.169410
5027.522469 0.168463
5027.565662 0.167520
5027.608854 0.166580
5027.652047 0.165643
5027.695240 0.164710
5027.738433 0.163780
5027.781626 0.162853
5027.824818 0.161929
5027.868011 0.161009
5027.911204 0.160093
5027.954397 0.159179
5027.997590 0.158269
5028.040782 0.157363
5028.083975 0.156460
5028.127168 0.155560
5028.170361 0.154663
5028.213554 0.153770
5028.256747 0.152880
5028.299939 0.151994
5028.343132 0.151111
5028.386325 0.150231
5028.429518 0.149355
5028.472711 0.148482
5028.515903 0.147613
5028.559096 0.146746
5028.602289 0.145884
5028.645482 0.145024
5028.688675 0.144168
5028.731867 0.143316
5028.775060 0.142466
5028.818253 0.141620
5028.861446 0.140778
5028.904639 0.139939
5028.947832 0.139103
5028.991024 0.138271
5029.034217 0.137442
5029.077410 0.136616
5029.120603 0.135794
5029.163796 0.134975
5029.206988 0.134159
5029.250181 0.133347
5029.293374 0.132538
5029.336567 0.131733
5029.379760 0.130931
5029.422952 0.130132
5029.466145 0.129337
5029.509338 0.128545
5029.552531 0.127756
5029.595724 0.126971
5029.638917 0.126189
5029.682109 0.125410
5029.725302 0.124635
5029.768495 0.123863
5029.811688 0.123095
5029.854881 0.122330
5029.898073 0.121568
5029.941266 0.120809
5029.984459 0.120054
5030.027652 0.119302
5030.070845 0.118554
5030.114037 0.117808
5030.157230 0.117066
5030.200423 0.116328
5030.243616 0.115592
5030.286809 0.114860
5030.330002 0.114132
5030.373194 0.113406
5030.416387 0.112684
5030.459580 0.111965
5030.502773 0.111250
5030.545966 0.110538
5030.589158 0.109829
5030.632351 0.109123
5030.675544 0.108420
5030.718737 0.107721
5030.761930 0.107025
5030.805122 0.106333
5030.848315 0.105643
5030.891508 0.104957
5030.934701 0.104274
5030.977894 0.103594
5031.021087 0.102918
5031.064279 0.102245
5031.107472 0.101575
5031.150665 0.100908
5031.193858 0.100244
5031.237051 0.099584
5031.280243 0.098927
5031.323436 0.098273
5031.366629 0.097622
5031.409822 0.096974
5031.453015 0.096329
5031.496207 0.095688
5031.539400 0.095050
5031.582593 0.094415
5031.625786 0.093783
5031.668979 0.093154
5031.712172 0.092529
5031.755364 0.091906
5031.798557 0.091287
5031.841750 0.090671
5031.884943 0.090057
5031.928136 0.089447
5031.971328 0.088840
5032.014521 0.088236
5032.057714 0.087636
5032.100907 0.087038
5032.144100 0.086443
5032.187292 0.085852
5032.230485 0.085263
5032.273678 0.084678
5032.316871 0.084095
5032.360064 0.083516
5032.403257 0.082939
5032.446449 0.082366
5032.489642 0.081796
5032.532835 0.081228
5032.576028 0.080664
5032.619221 0.080102
5032.662413 0.079544
5032.705606 0.078989
5032.748799 0.078436
5032.791992 0.077887
5032.835185 0.077340
5032.878377 0.076796
5032.921570 0.076256
5032.964763 0.075718
5033.007956 0.075183
5033.051149 0.074651
5033.094342 0.074122
5033.137534 0.073596
5033.180727 0.073072
5033.223920 0.072552
5033.267113 0.072034
5033.310306 0.071519
5033.353498 0.071008
5033.396691 0.070499
5033.439884 0.069992
5033.483077 0.069489
5033.526270 0.068988
5033.569462 0.068491
5033.612655 0.067996
5033.655848 0.067503
5033.699041 0.067014
5033.742234 0.066527
5033.785427 0.066044
5033.828619 0.065562
5033.871812 0.065084
5033.915005 0.064608
5033.958198 0.064135
5034.001391 0.063665
5034.044583 0.063198
5034.087776 0.062733
5034.130969 0.062271
5034.174162 0.061811
5034.217355 0.061355
5034.260547 0.060901
5034.303740 0.060449
5034.346933 0.060000
5034.390126 0.059554
5034.433319 0.059111
5034.476512 0.058670
5034.519704 0.058232
5034.562897 0.057796
5034.606090 0.057363
5034.649283 0.056932
5034.692476 0.056504
5034.735668 0.056079
5034.778861 0.055656
5034.822054 0.055236
5034.865247 0.054818
5034.908440 0.054403
5034.951632 0.053990
5034.994825 0.053580
5035.038018 0.053172
5035.081211 0.052767
5035.124404 0.052364
5035.167597 0.051964
5035.210789 0.051566
5035.253982 0.051170
5035.297175 0.050777
5035.340368 0.050387
5035.383561 0.049999
5035.426753 0.049613
5035.469946 0.049230
5035.513139 0.048849
5035.556332 0.048470
5035.599525 0.048094
5035.642717 0.047720
5035.685910 0.047349
5035.729103 0.046980
5035.772296 0.046613
5035.815489 0.046249
5035.858682 0.045886
5035.901874 0.045527
5035.945067 0.045169
5035.988260 0.044814
5036.031453 0.044461
5036.074646 0.044110
5036.117838 0.043762
5036.161031 0.043415
5036.204224 0.043071
5036.247417 0.042730
5036.290610 0.042390
5036.333802 0.042053
5036.376995 0.041718
5036.420188 0.041385
5036.463381 0.041054
5036.506574 0.040725
5036.549767 0.040399
5036.592959 0.040075
5036.636152 0.039752
5036.679345 0.039432
5036.722538 0.039114
5036.765731 0.038799
5036.808923 0.038485
5036.852116 0.038173
5036.895309 0.037864
5036.938502 0.037556
5036.981695 0.037251
5037.024887 0.036948
5037.068080 0.036646
5037.111273 0.036347
5037.154466 0.036050
5037.197659 0.035754
5037.240852 0.035461
5037.284044 0.035170
5037.327237 0.034881
5037.370430 0.034593
5037.413623 0.034308
5037.456816 0.034025
5037.500008 0.033743
5037.543201 0.033464
5037.586394 0.033186
5037.629587 0.032911
5037.672780 0.032637
5037.715972 0.032365
5037.759165 0.032095
5037.802358 0.031827
5037.845551 0.031561
5037.888744 0.031296
5037.931937 0.031034
5037.975129 0.030773
5038.018322 0.030515
5038.061515 0.030258
5038.104708 0.030002
5038.147901 0.029749
5038.191093 0.029497
5038.234286 0.029248
5038.277479 0.029000
5038.320672 0.028753
5038.363865 0.028509
5038.407058 0.028266
5038.450250 0.028025
5038.493443 0.027786
5038.536636 0.027548
5038.579829 0.027312
5038.623022 0.027078
5038.666214 0.026846
5038.709407 0.026615
5038.752600 0.026386
5038.795793 0.026159
5038.838986 0.025933
5038.882178 0.025709
5038.925371 0.025486
5038.968564 0.025265
5039.011757 0.025046
5039.054950 0.024829
5039.098143 0.024613
5039.141335 0.024398
5039.184528 0.024185
5039.227721 0.023974
5039.270914 0.023764
5039.314107 0.023556
5039.357299 0.023350
5039.400492 0.023145
5039.443685 0.022941
5039.486878 0.022739
5039.530071 0.022539
5039.573263 0.022340
5039.616456 0.022142
5039.659649 0.021946
5039.702842 0.021752
5039.746035 0.021559
5039.789228 0.021367
5039.832420 0.021177
5039.875613 0.020988
5039.918806 0.020801
5039.961999 0.020615
5040.005192 0.020431
5040.048384 0.020248
5040.091577 0.020067
5040.134770 0.019886
5040.177963 0.019708
5040.221156 0.019530
5040.264348 0.019354
5040.307541 0.019180
5040.350734 0.019006
5040.393927 0.018834
5040.437120 0.018664
5040.480313 0.018494
5040.523505 0.018326
5040.566698 0.018160
5040.609891 0.017994
5040.653084 0.017830
5040.696277 0.017668
5040.739469 0.017506
5040.782662 0.017346
5040.825855 0.017187
5040.869048 0.017029
5040.912241 0.016873
5040.955433 0.016718
5040.998626 0.016564
5041.041819 0.016411
5041.085012 0.016259
5041.128205 0.016109
5041.171398 0.015960
5041.214590 0.015812
5041.257783 0.015665
5041.300976 0.015520
5041.344169 0.015375
5041.387362 0.015232
5041.430554 0.015090
5041.473747 0.014949
5041.516940 0.014809
5041.560133 0.014671
5041.603326 0.014533
5041.646518 0.014397
5041.689711 0.014262
5041.732904 0.014127
5041.776097 0.013994
5041.819290 0.013862
5041.862483 0.013732
5041.905675 0.013602
5041.948868 0.013473
5041.992061 0.013345
5042.035254 0.013219
5042.078447 0.013093
5042.121639 0.012969
5042.164832 0.012845
5042.208025 0.012723
5042.251218 0.012601
5042.294411 0.012481
5042.337603 0.012361
5042.380796 0.012243
5042.423989 0.012125
5042.467182 0.012009
5042.510375 0.011894
5042.553568 0.011779
5042.596760 0.011666
5042.639953 0.011553
5042.683146 0.011441
5042.726339 0.011331
5042.769532 0.011221
5042.812724 0.011112
5042.855917 0.011004
5042.899110 0.010897
5042.942303 0.010791
5042.985496 0.010686
5043.028688 0.010582
5043.071881 0.010479
5043.115074 0.010376
5043.158267 0.010274
5043.201460 0.010174
5043.244653 0.010074
5043.287845 0.009975
5043.331038 0.009877
5043.374231 0.009780
5043.417424 0.009683
5043.460617 0.009588
5043.503809 0.009493
5043.547002 0.009399
5043.590195 0.009306
5043.633388 0.009214
5043.676581 0.009122
5043.719773 0.009031
5043.762966 0.008942
5043.806159 0.008853
5043.849352 0.008764
5043.892545 0.008677
5043.935738 0.008590
5043.978930 0.008504
5044.022123 0.008419
5044.065316 0.008334
5044.108509 0.008251
5044.151702 0.008168
5044.194894 0.008085
5044.238087 0.008004
5044.281280 0.007923
5044.324473 0.007843
5044.367666 0.007764
5044.410858 0.007685
5044.454051 0.007607
5044.497244 0.007530
5044.540437 0.007454
5044.583630 0.007378
5044.626823 0.007303
5044.670015 0.007228
5044.713208 0.007154
5044.756401 0.007081
5044.799594 0.007009
5044.842787 0.006937
5044.885979 0.006866
5044.929172 0.006796
5044.972365 0.006726
5045.015558 0.006657
5045.058751 0.006588
5045.101943 0.006520
5045.145136 0.006453
5045.188329 0.006386
5045.231522 0.006320
5045.274715 0.006255
5045.317908 0.006190
5045.361100 0.006125
5045.404293 0.006062
5045.447486 0.005999
5045.490679 0.005936
5045.533872 0.005874
5045.577064 0.005813
5045.620257 0.005752
5045.663450 0.005692
5045.706643 0.005633
5045.749836 0.005574
5045.793028 0.005515
5045.836221 0.005457
5045.879414 0.005400
5045.922607 0.005343
5045.965800 0.005287
5046.008993 0.005231
5046.052185 0.005175
5046.095378 0.005121
5046.138571 0.005067
5046.181764 0.005013
5046.224957 0.004960
5046.268149 0.004907
5046.311342 0.004855
5046.354535 0.004803
5046.397728 0.004752
5046.440921 0.004701
5046.484113 0.004651
5046.527306 0.004601
5046.570499 0.004552
5046.613692 0.004503
5046.656885 0.004455
5046.700078 0.004407
5046.743270 0.004360
5046.786463 0.004313
5046.829656 0.004266
5046.872849 0.004220
5046.916042 0.004175
5046.959234 0.004130
5047.002427 0.004085
5047.045620 0.004041
5047.088813 0.003997
5047.132006 0.003954
5047.175198 0.003911
5047.218391 0.003868
5047.261584 0.003826
5047.304777 0.003784
5047.347970 0.003743
5047.391163 0.003702
5047.434355 0.003662
5047.477548 0.003621
5047.520741 0.003582
5047.563934 0.003543
5047.607127 0.003504
5047.650319 0.003465
5047.693512 0.003427
5047.736705 0.003389
5047.779898 0.003352
5047.823091 0.003315
5047.866283 0.003278
5047.909476 0.003242
5047.952669 0.003206
5047.995862 0.003171
5048.039055 0.003135
5048.082248 0.003101
5048.125440 0.003066
5048.168633 0.003032
5048.211826 0.002998
5048.255019 0.002965
5048.298212 0.002932
5048.341404 0.002899
5048.384597 0.002866
5048.427790 0.002834
5048.470983 0.002802
5048.514176 0.002771
5048.557368 0.002740
5048.600561 0.002709
5048.643754 0.002679
5048.686947 0.002648
5048.730140 0.002619
5048.773333 0.002589
5048.816525 0.002560
5048.859718 0.002531
5048.902911 0.002502
5048.946104 0.002474
5048.989297 0.002446
5049.032489 0.002418
5049.075682 0.002390
5049.118875 0.002363
5049.162068 0.002336
5049.205261 0.002310
5049.248453 0.002283
5049.291646 0.002257
5049.334839 0.002231
5049.378032 0.002206
5049.421225 0.002180
5049.464418 0.002155
5049.507610 0.002131
5049.550803 0.002106
5049.593996 0.002082
5049.637189 0.002058
5049.680382 0.002034
5049.723574 0.002011
5049.766767 0.001987
5049.809960 0.001964
5049.853153 0.001942
5049.896346 0.001919
5049.939538 0.001897
5049.982731 0.001875
5050.025924 0.001853
5050.069117 0.001831
5050.112310 0.001810
5050.155503 0.001789
5050.198695 0.001768
5050.241888 0.001747
5050.285081 0.001727
5050.328274 0.001707
5050.371467 0.001687
5050.414659 0.001667
5050.457852 0.001647
5050.501045 0.001628
5050.544238 0.001609
5050.587431 0.001590
5050.630624 0.001571
5050.673816 0.001553
5050.717009 0.001534
5050.760202 0.001516
5050.803395 0.001498
5050.846588 0.001480
5050.889780 0.001463
5050.932973 0.001446
5050.976166 0.001428
5051.019359 0.001411
5051.062552 0.001395
5051.105744 0.001378
5051.148937 0.001361
5051.192130 0.001345
5051.235323 0.001329
5051.278516 0.001313
5051.321709 0.001298
5051.364901 0.001282
5051.408094 0.001267
5051.451287 0.001251
5051.494480 0.001236
5051.537673 0.001221
5051.580865 0.001207
5051.624058 0.001192
5051.667251 0.001178
5051.710444 0.001164
5051.753637 0.001150
5051.796829 0.001136
5051.840022 0.001122
5051.883215 0.001108
5051.926408 0.001095
5051.969601 0.001082
5052.012794 0.001068
5052.055986 0.001055
5052.099179 0.001042
5052.142372 0.001030
5052.185565 0.001017
5052.228758 0.001005
5052.271950 0.000992
5052.315143 0.000980
5052.358336 0.000968
5052.401529 0.000956
5052.444722 0.000945
5052.487914 0.000933
5052.531107 0.000922
5052.574300 0.000910
5052.617493 0.000899
5052.660686 0.000888
5052.703879 0.000877
5052.747071 0.000866
5052.790264 0.000855
5052.833457 0.000845
5052.876650 0.000834
5052.919843 0.000824
5052.963035 0.000814
5053.006228 0.000804
5053.049421 0.000794
5053.092614 0.000784
5053.135807 0.000774
5053.178999 0.000764
5053.222192 0.000755
5053.265385 0.000745
5053.308578 0.000736
5053.351771 0.000727
5053.394964 0.000718
5053.438156 0.000709
5053.481349 0.000700
5053.524542 0.000691
5053.567735 0.000682
5053.610928 0.000674
5053.654120 0.000665
5053.697313 0.000657
5053.740506 0.000649
5053.783699 0.000640
5053.826892 0.000632
5053.870084 0.000624
5053.913277 0.000616
5053.956470 0.000609
5053.999663 0.000601
5054.042856 0.000593
5054.086049 0.000586
5054.129241 0.000578
5054.172434 0.000571
5054.215627 0.000564
5054.258820 0.000556
5054.302013 0.000549
5054.345205 0.000542
5054.388398 0.000535
5054.431591 0.000529
5054.474784 0.000522
5054.517977 0.000515
5054.561169 0.000508
5054.604362 0.000502
5054.647555 0.000495
5054.690748 0.000489
5054.733941 0.000483
5054.777134 0.000477
5054.820326 0.000470
5054.863519 0.000464
5054.906712 0.000458
5054.949905 0.000452
5054.993098 0.000447
5055.036290 0.000441
5055.079483 0.000435
5055.122676 0.000429
5055.165869 0.000424
5055.209062 0.000418
5055.252254 0.000413
5055.295447 0.000407
5055.338640 0.000402
5055.381833 0.000397
5055.425026 0.000392
5055.468219 0.000387
5055.511411 0.000381
5055.554604 0.000376
5055.597797 0.000372
5055.640990 0.000367
5055.684183 0.000362
5055.727375 0.000357
5055.770568 0.000352
5055.813761 0.000348
5055.856954 0.000343
5055.900147 0.000339
5055.943339 0.000334
5055.986532 0.000330
5056.029725 0.000325
5056.072918 0.000321
5056.116111 0.000317
5056.159304 0.000313
5056.202496 0.000308
5056.245689 0.000304
5056.288882 0.000300
5056.332075 0.000296
5056.375268 0.000292
5056.418460 0.000288
5056.461653 0.000285
5056.504846 0.000281
5056.548039 0.000277
5056.591232 0.000273
5056.634424 0.000270
5056.677617 0.000266
5056.720810 0.000262
5056.764003 0.000259
5056.807196 0.000255
5056.850389 0.000252
5056.893581 0.000249
5056.936774 0.000245
5056.979967 0.000242
5057.023160 0.000239
5057.066353 0.000236
5057.109545 0.000232
5057.152738 0.000229
5057.195931 0.000226
5057.239124 0.000223
5057.282317 0.000220
5057.325509 0.000217
5057.368702 0.000214
5057.411895 0.000211
5057.455088 0.000208
5057.498281 0.000205
5057.541474 0.000203
5057.584666 0.000200
5057.627859 0.000197
5057.671052 0.000194
5057.714245 0.000192
5057.757438 0.000189
5057.800630 0.000187
5057.843823 0.000184
5057.887016 0.000181
5057.930209 0.000179
5057.973402 0.000177
5058.016594 0.000174
5058.059787 0.000172
5058.102980 0.000169
5058.146173 0.000167
5058.189366 0.000165
5058.232559 0.000162
5058.275751 0.000160
5058.318944 0.000158
5058.362137 0.000156
5058.405330 0.000154
5058.448523 0.000151
5058.491715 0.000149
5058.534908 0.000147
5058.578101 0.000145
5058.621294 0.000143
5058.664487 0.000141
5058.707679 0.000139
5058.750872 0.000137
5058.794065 0.000135
5058.837258 0.000133
5058.880451 0.000132
5058.923644 0.000130
5058.966836 0.000128
5059.010029 0.000126
5059.053222 0.000124
5059.096415 0.000123
5059.139608 0.000121
5059.182800 0.000119
5059.225993 0.000118
5059.269186 0.000116
5059.312379 0.000114
5059.355572 0.000113
5059.398764 0.000111
5059.441957 0.000109
5059.485150 0.000108
5059.528343 0.000106
5059.571536 0.000105
5059.614729 0.000103
5059.657921 0.000102
5059.701114 0.000100
5059.744307 0.000099
5059.787500 0.000098
5059.830693 0.000096
5059.873885 0.000095
5059.917078 0.000094
5059.960271 0.000092
5060.003464 0.000091
5060.046657 0.000090
5060.089849 0.000088
5060.133042 0.000087
5060.176235 0.000086
5060.219428 0.000085
5060.262621 0.000083
5060.305814 0.000082
5060.349006 0.000081
5060.392199 0.000080
5060.435392 0.000079
5060.478585 0.000077
5060.521778 0.000076
5060.564970 0.000075
5060.608163 0.000074
5060.651356 0.000073
5060.694549 0.000072
5060.737742 0.000071
5060.780934 0.000070
5060.824127 0.000069
5060.867320 0.000068
5060.910513 0.000067
5060.953706 0.000066
5060.996899 0.000065
5061.040091 0.000064
5061.083284 0.000063
5061.126477 0.000062
5061.169670 0.000061
5061.212863 0.000060
5061.256055 0.000060
5061.299248 0.000059
5061.342441 0.000058
5061.385634 0.000057
5061.428827 0.000056
5061.472019 0.000055
5061.515212 0.000054
5061.558405 0.000054
5061.601598 0.000053
5061.644791 0.000052
5061.687984 0.000051
5061.731176 0.000051
5061.774369 0.000050
5061.817562 0.000049
5061.860755 0.000048
5061.903948 0.000048
5061.947140 0.000047
5061.990333 0.000046
5062.033526 0.000046
5062.076719 0.000045
5062.119912 0.000044
5062.163104 0.000044
5062.206297 0.000043
5062.249490 0.000042
5062.292683 0.000042
5062.335876 0.000041
5062.379069 0.000040
5062.422261 0.000040
5062.465454 0.000039
5062.508647 0.000039
5062.551840 0.000038
5062.595033 0.000037
5062.638225 0.000037
5062.681418 0.000036
5062.724611 0.000036
5062.767804 0.000035
5062.810997 0.000035
5062.854190 0.000034
5062.897382 0.000034
5062.940575 0.000033
5062.983768 0.000033
5063.026961 0.000032
5063.070154 0.000032
5063.113346 0.000031
5063.156539 0.000031
5063.199732 0.000030
5063.242925 0.000030
5063.286118 0.000029
5063.329310 0.000029
5063.372503 0.000029
5063.415696 0.000028
5063.458889 0.000028
5063.502082 0.000027
5063.545275 0.000027
5063.588467 0.000026
5063.631660 0.000026
5063.674853 0.000026
5063.718046 0.000025
5063.761239 0.000025
5063.804431 0.000024
5063.847624 0.000024
5063.890817 0.000024
5063.934010 0.000023
5063.977203 0.000023
5064.020395 0.000023
5064.063588 0.000022
5064.106781 0.000022
5064.149974 0.000022
5064.193167 0.000021
5064.236360 0.000021
5064.279552 0.000021
5064.322745 0.000020
5064.365938 0.000020
5064.409131 0.000020
5064.452324 0.000019
5064.495516 0.000019
5064.538709 0.000019
5064.581902 0.000018
5064.625095 0.000018
5064.668288 0.000018
5064.711480 0.000018
5064.754673 0.000017
5064.797866 0.000017
5064.841059 0.000017
5064.884252 0.000017
5064.927445 0.000016
5064.970637 0.000016
5065.013830 0.000016
5065.057023 0.000016
5065.100216 0.000015
5065.143409 0.000015
5065.186601 0.000015
5065.229794 0.000015
5065.272987 0.000014
5065.316180 0.000014
5065.359373 0.000014
5065.402565 0.000014
5065.445758 0.000013
5065.488951 0.000013
5065.532144 0.000013
5065.575337 0.000013
5065.618530 0.000013
5065.661722 0.000012
5065.704915 0.000012
5065.748108 0.000012
5065.791301 0.000012
5065.834494 0.000012
5065.877686 0.000011
5065.920879 0.000011
5065.964072 0.000011
5066.007265 0.000011
5066.050458 0.000011
5066.093650 0.000011
5066.136843 0.000010
5066.180036 0.000010
5066.223229 0.000010
5066.266422 0.000010
5066.309615 0.000010
5066.352807 0.000010
5066.396000 0.000009
5066.439193 0.000009
5066.482386 0.000009
5066.525579 0.000009
5066.568771 0.000009
5066.611964 0.000009
5066.655157 0.000009
5066.698350 0.000008
5066.741543 0.000008
5066.784735 0.000008
5066.827928 0.000008
5066.871121 0.000008
5066.914314 0.000008
5066.957507 0.000008
5067.000700 0.000008
5067.043892 0.000007
5067.087085 0.000007
5067.130278 0.000007
5067.173471 0.000007
5067.216664 0.000007
5067.259856 0.000007
5067.303049 0.000007
5067.346242 0.000007
5067.389435 0.000007
5067.432628 0.000006
5067.475820 0.000006
5067.519013 0.000006
5067.562206 0.000006
5067.605399 0.000006
5067.648592 0.000006
5067.691785 0.000006
5067.734977 0.000006
5067.778170 0.000006
5067.821363 0.000006
5067.864556 0.000005
5067.907749 0.000005
5067.950941 0.000005
5067.994134 0.000005
5068.037327 0.000005
5068.080520 0.000005
5068.123713 0.000005
5068.166905 0.000005
5068.210098 0.000005
5068.253291 0.000005
5068.296484 0.000005
5068.339677 0.000005
5068.382870 0.000004
5068.426062 0.000004
5068.469255 0.000004
5068.512448 0.000004
5068.555641 0.000004
5068.598834 0.000004
5068.642026 0.000004
5068.685219 0.000004
5068.728412 0.000004
5068.771605 0.000004
5068.814798 0.000004
5068.857990 0.000004
5068.901183 0.000004
5068.944376 0.000004
5068.987569 0.000004
5069.030762 0.000003
5069.073955 0.000003
5069.117147 0.000003
5069.160340 0.000003
5069.203533 0.000003
5069.246726 0.000003
5069.289919 0.000003
5069.333111 0.000003
5069.376304 0.000003
5069.419497 0.000003
5069.462690 0.000003
5069.505883 0.000003
5069.549075 0.000003
5069.592268 0.000003
5069.635461 0.000003
5069.678654 0.000003
5069.721847 0.000003
5069.765040 0.000003
5069.808232 0.000003
5069.851425 0.000003
5069.894618 0.000002
5069.937811 0.000002
5069.981004 0.000002
