4900.028745 0.000000
4900.076693 0.000000
4900.124641 0.000000
4900.172589 0.000000
4900.220537 0.000000
4900.268484 0.000000
4900.316432 0.000000
4900.364380 0.000000
4900.412328 0.000000
4900.460276 0.000000
4900.508224 0.000000
4900.556171 0.000000
4900.604119 0.000000
4900.652067 0.000000
4900.700015 0.000000
4900.747963 0.000000
4900.795911 0.000000
4900.843858 0.000000
4900.891806 0.000000
4900.939754 0.000000
4900.987702 0.000000
4901.035650 0.000000
4901.083598 0.000000
4901.131545 0.000000
4901.179493 0.000000
4901.227441 0.000000
4901.275389 0.000000
4901.323337 0.000000
4901.371285 0.000000
4901.419232 0.000000
4901.467180 0.000000
4901.515128 0.000000
4901.563076 0.000000
4901.611024 0.000000
4901.658972 0.000000
4901.706919 0.000000
4901.754867 0.000000
4901.802815 0.000000
4901.850763 0.000000
4901.898711 0.000000
4901.946659 0.000000
4901.994606 0.000000
4902.042554 0.000000
4902.090502 0.000000
4902.138450 0.000000
4902.186398 0.000000
4902.234346 0.000000
4902.282293 0.000000
4902.330241 0.000000
4902.378189 0.000000
4902.426137 0.000000
4902.474085 0.000000
4902.522033 0.000000
4902.569980 0.000000
4902.617928 0.000000
4902.665876 0.000000
4902.713824 0.000000
4902.761772 0.000000
4902.809720 0.000000
4902.857667 0.000000
4902.905615 0.000000
4902.953563 0.000000
4903.001511 0.000000
4903.049459 0.000000
4903.097407 0.000000
4903.145354 0.000000
4903.193302 0.000000
4903.241250 0.000000
4903.289198 0.000000
4903.337146 0.000000
4903.385094 0.000000
4903.433041 0.000000
4903.480989 0.000000
4903.528937 0.000000
4903.576885 0.000000
4903.624833 0.000000
4903.672781 0.000000
4903.720728 0.000000
4903.768676 0.000000
4903.816624 0.000000
4903.864572 0.000000
4903.912520 0.000000
4903.960468 0.000000
4904.008415 0.000000
4904.056363 0.000000
4904.104311 0.000000
4904.152259 0.000000
4904.200207 0.000000
4904.248155 0.000000
4904.296102 0.000000
4904.344050 0.000000
4904.391998 0.000000
4904.439946 0.000000
4904.487894 0.000000
4904.535842 0.000000
4904.583789 0.000000
4904.631737 0.000000
4904.679685 0.000000
4904.727633 0.000000
4904.775581 0.000000
4904.823529 0.000000
4904.871476 0.000000
4904.919424 0.000000
4904.967372 0.000000
4905.015320 0.000000
4905.063268 0.000000
4905.111216 0.000000
4905.159163 0.000000
4905.207111 0.000000
4905.255059 0.000000
4905.303007 0.000000
4905.350955 0.000000
4905.398903 0.000000
4905.446850 0.000000
4905.494798 0.000000
4905.542746 0.000000
4905.590694 0.000000
4905.638642 0.000000
4905.686590 0.000000
4905.734537 0.000000
4905.782485 0.000000
4905.830433 0.000000
4905.878381 0.000000
4905.926329 0.000000
4905.974277 0.000000
4906.022224 0.000000
4906.070172 0.000000
4906.118120 0.000000
4906.166068 0.000000
4906.214016 0.000000
4906.261964 0.000000
4906.309911 0.000000
4906.357859 0.000000
4906.405807 0.000000
4906.453755 0.000000
4906.501703 0.000000
4906.549651 0.000000
4906.597598 0.000000
4906.645546 0.000000
4906.693494 0.000000
4906.741442 0.000000
4906.789390 0.000000
4906.837338 0.000000
4906.885285 0.000000
4906.933233 0.000000
4906.981181 0.000000
4907.029129 0.000000
4907.077077 0.000000
4907.125025 0.000000
4907.172972 0.000000
4907.220920 0.000000
4907.268868 0.000000
4907.316816 0.000000
4907.364764 0.000000
4907.412712 0.000000
4907.460659 0.000000
4907.508607 0.000000
4907.556555 0.000000
4907.604503 0.000000
4907.652451 0.000000
4907.700399 0.000000
4907.748346 0.000000
4907.796294 0.000000
4907.844242 0.000000
4907.892190 0.000000
4907.940138 0.000000
4907.988086 0.000000
4908.036033 0.000000
4908.083981 0.000000
4908.131929 0.000000
4908.179877 0.000000
4908.227825 0.000000
4908.275773 0.000000
4908.323720 0.000000
4908.371668 0.000000
4908.419616 0.000000
4908.467564 0.000000
4908.515512 0.000000
4908.563460 0.000000
4908.611407 0.000000
4908.659355 0.000000
4908.707303 0.000000
4908.755251 0.000000
4908.803199 0.000000
4908.851147 0.000000
4908.899094 0.000000
4908.947042 0.000000
4908.994990 0.000000
4909.042938 0.000000
4909.090886 0.000000
4909.138834 0.000000
4909.186781 0.000000
4909.234729 0.000000
4909.282677 0.000000
4909.330625 0.000000
4909.378573 0.000000
4909.426521 0.000000
4909.474468 0.000000
4909.522416 0.000000
4909.570364 0.000000
4909.618312 0.000000
4909.666260 0.000000
4909.714208 0.000000
4909.762155 0.000000
4909.810103 0.000000
4909.858051 0.000000
4909.905999 0.000000
4909.953947 0.000000
4910.001895 0.000000
4910.049842 0.000000
4910.097790 0.000000
4910.145738 0.000000
4910.193686 0.000000
4910.241634 0.000000
4910.289581 0.000000
4910.337529 0.000000
4910.385477 0.000000
4910.433425 0.000000
4910.481373 0.000000
4910.529321 0.000000
4910.577268 0.000000
4910.625216 0.000000
4910.673164 0.000000
4910.721112 0.000000
4910.769060 0.000000
4910.817008 0.000000
4910.864955 0.000000
4910.912903 0.000000
4910.960851 0.000000
4911.008799 0.000000
4911.056747 0.000000
4911.104695 0.000000
4911.152642 0.000000
4911.200590 0.000000
4911.248538 0.000000
4911.296486 0.000000
4911.344434 0.000000
4911.392382 0.000000
4911.440329 0.000000
4911.488277 0.000000
4911.536225 0.000000
4911.584173 0.000000
4911.632121 0.000000
4911.680069 0.000000
4911.728016 0.000000
4911.775964 0.000000
4911.823912 0.000000
4911.871860 0.000000
4911.919808 0.000000
4911.967756 0.000000
4912.015703 0.000000
4912.063651 0.000000
4912.111599 0.000000
4912.159547 0.000000
4912.207495 0.000000
4912.255443 0.000000
4912.303390 0.000000
4912.351338 0.000000
4912.399286 0.000000
4912.447234 0.000000
4912.495182 0.000000
4912.543130 0.000000
4912.591077 0.000000
4912.639025 0.000000
4912.686973 0.000000
4912.734921 0.000000
4912.782869 0.000000
4912.830817 0.000000
4912.878764 0.000000
4912.926712 0.000000
4912.974660 0.000000
4913.022608 0.000000
4913.070556 0.000000
4913.118504 0.000000
4913.166451 0.000000
4913.214399 0.000000
4913.262347 0.000000
4913.310295 0.000000
4913.358243 0.000000
4913.406191 0.000000
4913.454138 0.000000
4913.502086 0.000000
4913.550034 0.000000
4913.597982 0.000000
4913.645930 0.000000
4913.693878 0.000000
4913.741825 0.000000
4913.789773 0.000000
4913.837721 0.000000
4913.885669 0.000000
4913.933617 0.000000
4913.981565 0.000000
4914.029512 0.000000
4914.077460 0.000000
4914.125408 0.000000
4914.173356 0.000000
4914.221304 0.000000
4914.269252 0.000000
4914.317199 0.000000
4914.365147 0.000000
4914.413095 0.000000
4914.461043 0.000000
4914.508991 0.000000
4914.556939 0.000000
4914.604886 0.000000
4914.652834 0.000000
4914.700782 0.000000
4914.748730 0.000000
4914.796678 0.000000
4914.844626 0.000000
4914.892573 0.000000
4914.940521 0.000000
4914.988469 0.000000
4915.036417 0.000000
4915.084365 0.000000
4915.132313 0.000000
4915.180260 0.000000
4915.228208 0.000000
4915.276156 0.000000
4915.324104 0.000000
4915.372052 0.000000
4915.420000 0.000000
4915.467947 0.000000
4915.515895 0.000000
4915.563843 0.000000
4915.611791 0.000000
4915.659739 0.000000
4915.707687 0.000000
4915.755634 0.000000
4915.803582 0.000000
4915.851530 0.000000
4915.899478 0.000000
4915.947426 0.000000
4915.995374 0.000000
4916.043321 0.000000
4916.091269 0.000000
4916.139217 0.000000
4916.187165 0.000000
4916.235113 0.000000
4916.283061 0.000000
4916.331008 0.000000
4916.378956 0.000000
4916.426904 0.000000
4916.474852 0.000000
4916.522800 0.000000
4916.570748 0.000000
4916.618695 0.000000
4916.666643 0.000000
4916.714591 0.000000
4916.762539 0.000000
4916.810487 0.000000
4916.858435 0.000000
4916.906382 0.000000
4916.954330 0.000000
4917.002278 0.000000
4917.050226 0.000000
4917.098174 0.000000
4917.146122 0.000000
4917.194069 0.000000
4917.242017 0.000000
4917.289965 0.000000
4917.337913 0.000000
4917.385861 0.000000
4917.433809 0.000000
4917.481756 0.000000
4917.529704 0.000000
4917.577652 0.000000
4917.625600 0.000000
4917.673548 0.000000
4917.721496 0.000000
4917.769443 0.000000
4917.817391 0.000000
4917.865339 0.000000
4917.913287 0.000000
4917.961235 0.000000
4918.009183 0.000000
4918.057130 0.000000
4918.105078 0.000000
4918.153026 0.000000
4918.200974 0.000000
4918.248922 0.000000
4918.296870 0.000000
4918.344817 0.000000
4918.392765 0.000000
4918.440713 0.000000
4918.488661 0.000000
4918.536609 0.000000
4918.584557 0.000000
4918.632504 0.000000
4918.680452 0.000000
4918.728400 0.000000
4918.776348 0.000000
4918.824296 0.000000
4918.872244 0.000000
4918.920191 0.000000
4918.968139 0.000000
4919.016087 0.000000
4919.064035 0.000000
4919.111983 0.000000
4919.159931 0.000000
4919.207878 0.000000
4919.255826 0.000000
4919.303774 0.000000
4919.351722 0.000000
4919.399670 0.000000
4919.447618 0.000000
4919.495565 0.000000
4919.543513 0.000000
4919.591461 0.000000
4919.639409 0.000000
4919.687357 0.000000
4919.735305 0.000000
4919.783252 0.000000
4919.831200 0.000000
4919.879148 0.000000
4919.927096 0.000000
4919.975044 0.000000
4920.022992 0.000000
4920.070939 0.000000
4920.118887 0.000000
4920.166835 0.000000
4920.214783 0.000000
4920.262731 0.000000
4920.310679 0.000000
4920.358626 0.000000
4920.406574 0.000000
4920.454522 0.000000
4920.502470 0.000000
4920.550418 0.000000
4920.598366 0.000000
4920.646313 0.000000
4920.694261 0.000000
4920.742209 0.000000
4920.790157 0.000000
4920.838105 0.000000
4920.886053 0.000000
4920.934000 0.000000
4920.981948 0.000000
4921.029896 0.000000
4921.077844 0.000000
4921.125792 0.000000
4921.173740 0.000000
4921.221687 0.000000
4921.269635 0.000000
4921.317583 0.000000
4921.365531 0.000000
4921.413479 0.000000
4921.461427 0.000000
4921.509374 0.000000
4921.557322 0.000000
4921.605270 0.000000
4921.653218 0.000000
4921.701166 0.000000
4921.749114 0.000000
4921.797061 0.000000
4921.845009 0.000000
4921.892957 0.000000
4921.940905 0.000000
4921.988853 0.000000
4922.036801 0.000000
4922.084748 0.000000
4922.132696 0.000000
4922.180644 0.000000
4922.228592 0.000000
4922.276540 0.000000
4922.324488 0.000000
4922.372435 0.000000
4922.420383 0.000000
4922.468331 0.000000
4922.516279 0.000000
4922.564227 0.000000
4922.612175 0.000000
4922.660122 0.000000
4922.708070 0.000000
4922.756018 0.000000
4922.803966 0.000000
4922.851914 0.000000
4922.899862 0.000000
4922.947809 0.000000
4922.995757 0.000000
4923.043705 0.000000
4923.091653 0.000000
4923.139601 0.000000
4923.187549 0.000000
4923.235496 0.000000
4923.283444 0.000000
4923.331392 0.000000
4923.379340 0.000000
4923.427288 0.000000
4923.475236 0.000000
4923.523183 0.000000
4923.571131 0.000000
4923.619079 0.000000
4923.667027 0.000000
4923.714975 0.000000
4923.762923 0.000000
4923.810870 0.000000
4923.858818 0.000000
4923.906766 0.000000
4923.954714 0.000000
4924.002662 0.000000
4924.050609 0.000000
4924.098557 0.000000
4924.146505 0.000000
4924.194453 0.000000
4924.242401 0.000000
4924.290349 0.000000
4924.338296 0.000000
4924.386244 0.000000
4924.434192 0.000000
4924.482140 0.000000
4924.530088 0.000000
4924.578036 0.000000
4924.625983 0.000000
4924.673931 0.000000
4924.721879 0.000000
4924.769827 0.000000
4924.817775 0.000000
4924.865723 0.000000
4924.913670 0.000000
4924.961618 0.000000
4925.009566 0.000000
4925.057514 0.000000
4925.105462 0.000000
4925.153410 0.000000
4925.201357 0.000000
4925.249305 0.000000
4925.297253 0.000000
4925.345201 0.000000
4925.393149 0.000000
4925.441097 0.000000
4925.489044 0.000000
4925.536992 0.000000
4925.584940 0.000000
4925.632888 0.000000
4925.680836 0.000000
4925.728784 0.000000
4925.776731 0.000000
4925.824679 0.000000
4925.872627 0.000000
4925.920575 0.000000
4925.968523 0.000000
4926.016471 0.000000
4926.064418 0.000000
4926.112366 0.000000
4926.160314 0.000000
4926.208262 0.000000
4926.256210 0.000000
4926.304158 0.000000
4926.352105 0.000000
4926.400053 0.000000
4926.448001 0.000000
4926.495949 0.000000
4926.543897 0.000000
4926.591845 0.000000
4926.639792 0.000000
4926.687740 0.000000
4926.735688 0.000000
4926.783636 0.000000
4926.831584 0.000000
4926.879532 0.000000
4926.927479 0.000000
4926.975427 0.000000
4927.023375 0.000000
4927.071323 0.000000
4927.119271 0.000000
4927.167219 0.000000
4927.215166 0.000000
4927.263114 0.000000
4927.311062 0.000000
4927.359010 0.000000
4927.406958 0.000000
4927.454906 0.000000
4927.502853 0.000000
4927.550801 0.000000
4927.598749 0.000000
4927.646697 0.000000
4927.694645 0.000000
4927.742593 0.000000
4927.790540 0.000000
4927.838488 0.000000
4927.886436 0.000000
4927.934384 0.000000
4927.982332 0.000000
4928.030280 0.000000
4928.078227 0.000000
4928.126175 0.000000
4928.174123 0.000000
4928.222071 0.000000
4928.270019 0.000000
4928.317967 0.000000
4928.365914 0.000000
4928.413862 0.000000
4928.461810 0.000000
4928.509758 0.000000
4928.557706 0.000000
4928.605654 0.000000
4928.653601 0.000000
4928.701549 0.000000
4928.749497 0.000000
4928.797445 0.000000
4928.845393 0.000000
4928.893341 0.000000
4928.941288 0.000000
4928.989236 0.000000
4929.037184 0.000000
4929.085132 0.000000
4929.133080 0.000000
4929.181028 0.000000
4929.228975 0.000000
4929.276923 0.000000
4929.324871 0.000000
4929.372819 0.000000
4929.420767 0.000000
4929.468715 0.000000
4929.516662 0.000000
4929.564610 0.000000
4929.612558 0.000000
4929.660506 0.000000
4929.708454 0.000000
4929.756402 0.000000
4929.804349 0.000000
4929.852297 0.000000
4929.900245 0.000000
4929.948193 0.000000
4929.996141 0.000000
4930.044089 0.000000
4930.092036 0.000000
4930.139984 0.000000
4930.187932 0.000000
4930.235880 0.000000
4930.283828 0.000000
4930.331776 0.000000
4930.379723 0.000000
4930.427671 0.000000
4930.475619 0.000000
4930.523567 0.000000
4930.571515 0.000000
4930.619463 0.000000
4930.667410 0.000000
4930.715358 0.000000
4930.763306 0.000000
4930.811254 0.000000
4930.859202 0.000000
4930.907150 0.000000
4930.955097 0.000000
4931.003045 0.000000
4931.050993 0.000000
4931.098941 0.000000
4931.146889 0.000000
4931.194837 0.000000
4931.242784 0.000000
4931.290732 0.000000
4931.338680 0.000000
4931.386628 0.000000
4931.434576 0.000000
4931.482524 0.000000
4931.530471 0.000000
4931.578419 0.000000
4931.626367 0.000000
4931.674315 0.000000
4931.722263 0.000000
4931.770211 0.000000
4931.818158 0.000000
4931.866106 0.000000
4931.914054 0.000000
4931.962002 0.000000
4932.009950 0.000000
4932.057898 0.000000
4932.105845 0.000000
4932.153793 0.000000
4932.201741 0.000000
4932.249689 0.000000
4932.297637 0.000000
4932.345585 0.000000
4932.393532 0.000000
4932.441480 0.000000
4932.489428 0.000000
4932.537376 0.000000
4932.585324 0.000000
4932.633272 0.000000
4932.681219 0.000000
4932.729167 0.000000
4932.777115 0.000000
4932.825063 0.000000
4932.873011 0.000000
4932.920959 0.000000
4932.968906 0.000000
4933.016854 0.000000
4933.064802 0.000000
4933.112750 0.000000
4933.160698 0.000000
4933.208646 0.000000
4933.256593 0.000000
4933.304541 0.000000
4933.352489 0.000000
4933.400437 0.000000
4933.448385 0.000000
4933.496333 0.000000
4933.544280 0.000000
4933.592228 0.000000
4933.640176 0.000000
4933.688124 0.000000
4933.736072 0.000000
4933.784020 0.000000
4933.831967 0.000000
4933.879915 0.000000
4933.927863 0.000000
4933.975811 0.000000
4934.023759 0.000000
4934.071707 0.000000
4934.119654 0.000000
4934.167602 0.000000
4934.215550 0.000000
4934.263498 0.000000
4934.311446 0.000000
4934.359394 0.000000
4934.407341 0.000000
4934.455289 0.000000
4934.503237 0.000000
4934.551185 0.000000
4934.599133 0.000000
4934.647081 0.000000
4934.695028 0.000000
4934.742976 0.000000
4934.790924 0.000000
4934.838872 0.000000
4934.886820 0.000000
4934.934768 0.000000
4934.982715 0.000000
4935.030663 0.000000
4935.078611 0.000000
4935.126559 0.000000
4935.174507 0.000000
4935.222455 0.000000
4935.270402 0.000000
4935.318350 0.000000
4935.366298 0.000000
4935.414246 0.000000
4935.462194 0.000000
4935.510142 0.000000
4935.558089 0.000000
4935.606037 0.000000
4935.653985 0.000000
4935.701933 0.000000
4935.749881 0.000000
4935.797829 0.000000
4935.845776 0.000000
4935.893724 0.000000
4935.941672 0.000000
4935.989620 0.000000
4936.037568 0.000000
4936.085516 0.000000
4936.133463 0.000000
4936.181411 0.000000
4936.229359 0.000000
4936.277307 0.000000
4936.325255 0.000000
4936.373203 0.000000
4936.421150 0.000000
4936.469098 0.000000
4936.517046 0.000000
4936.564994 0.000000
4936.612942 0.000000
4936.660890 0.000000
4936.708837 0.000000
4936.756785 0.000000
4936.804733 0.000000
4936.852681 0.000000
4936.900629 0.000000
4936.948577 0.000000
4936.996524 0.000000
4937.044472 0.000000
4937.092420 0.000000
4937.140368 0.000000
4937.188316 0.000000
4937.236264 0.000000
4937.284211 0.000000
4937.332159 0.000000
4937.380107 0.000000
4937.428055 0.000000
4937.476003 0.000000
4937.523951 0.000000
4937.571898 0.000000
4937.619846 0.000000
4937.667794 0.000000
4937.715742 0.000000
4937.763690 0.000000
4937.811638 0.000000
4937.859585 0.000000
4937.907533 0.000000
4937.955481 0.000000
4938.003429 0.000000
4938.051377 0.000000
4938.099324 0.000000
4938.147272 0.000000
4938.195220 0.000000
4938.243168 0.000000
4938.291116 0.000000
4938.339064 0.000000
4938.387011 0.000000
4938.434959 0.000000
4938.482907 0.000000
4938.530855 0.000000
4938.578803 0.000000
4938.626751 0.000000
4938.674698 0.000000
4938.722646 0.000000
4938.770594 0.000000
4938.818542 0.000000
4938.866490 0.000000
4938.914438 0.000000
4938.962385 0.000000
4939.010333 0.000000
4939.058281 0.000000
4939.106229 0.000000
4939.154177 0.000000
4939.202125 0.000000
4939.250072 0.000000
4939.298020 0.000000
4939.345968 0.000000
4939.393916 0.000000
4939.441864 0.000000
4939.489812 0.000000
4939.537759 0.000000
4939.585707 0.000000
4939.633655 0.000000
4939.681603 0.000000
4939.729551 0.000000
4939.777499 0.000000
4939.825446 0.000000
4939.873394 0.000000
4939.921342 0.000000
4939.969290 0.000000
4940.017238 0.000000
4940.065186 0.000000
4940.113133 0.000000
4940.161081 0.000000
4940.209029 0.000000
4940.256977 0.000000
4940.304925 0.000000
4940.352873 0.000000
4940.400820 0.000000
4940.448768 0.000000
4940.496716 0.000000
4940.544664 0.000000
4940.592612 0.000000
4940.640560 0.000000
4940.688507 0.000000
4940.736455 0.000000
4940.784403 0.000000
4940.832351 0.000000
4940.880299 0.000000
4940.928247 0.000000
4940.976194 0.000000
4941.024142 0.000000
4941.072090 0.000000
4941.120038 0.000000
4941.167986 0.000000
4941.215934 0.000000
4941.263881 0.000000
4941.311829 0.000000
4941.359777 0.000000
4941.407725 0.000000
4941.455673 0.000000
4941.503621 0.000000
4941.551568 0.000000
4941.599516 0.000000
4941.647464 0.000000
4941.695412 0.000000
4941.743360 0.000000
4941.791308 0.000000
4941.839255 0.000000
4941.887203 0.000000
4941.935151 0.000000
4941.983099 0.000000
4942.031047 0.000000
4942.078995 0.000000
4942.126942 0.000000
4942.174890 0.000000
4942.222838 0.000000
4942.270786 0.000000
4942.318734 0.000000
4942.366682 0.000000
4942.414629 0.000000
4942.462577 0.000000
4942.510525 0.000000
4942.558473 0.000000
4942.606421 0.000000
4942.654369 0.000000
4942.702316 0.000000
4942.750264 0.000000
4942.798212 0.000000
4942.846160 0.000000
4942.894108 0.000000
4942.942056 0.000000
4942.990003 0.000000
4943.037951 0.000000
4943.085899 0.000000
4943.133847 0.000000
4943.181795 0.000000
4943.229743 0.000000
4943.277690 0.000000
4943.325638 0.000000
4943.373586 0.000000
4943.421534 0.000000
4943.469482 0.000000
4943.517430 0.000000
4943.565377 0.000000
4943.613325 0.000000
4943.661273 0.000000
4943.709221 0.000000
4943.757169 0.000000
4943.805117 0.000000
4943.853064 0.000000
4943.901012 0.000000
4943.948960 0.000000
4943.996908 0.000000
4944.044856 0.000000
4944.092804 0.000000
4944.140751 0.000000
4944.188699 0.000000
4944.236647 0.000000
4944.284595 0.000000
4944.332543 0.000000
4944.380491 0.000000
4944.428438 0.000000
4944.476386 0.000000
4944.524334 0.000000
4944.572282 0.000000
4944.620230 0.000000
4944.668178 0.000000
4944.716125 0.000000
4944.764073 0.000000
4944.812021 0.000000
4944.859969 0.000000
4944.907917 0.000000
4944.955865 0.000000
4945.003812 0.000000
4945.051760 0.000000
4945.099708 0.000000
4945.147656 0.000000
4945.195604 0.000000
4945.243552 0.000000
4945.291499 0.000000
4945.339447 0.000000
4945.387395 0.000000
4945.435343 0.000000
4945.483291 0.000000
4945.531239 0.000000
4945.579186 0.000000
4945.627134 0.000000
4945.675082 0.000000
4945.723030 0.000000
4945.770978 0.000000
4945.818926 0.000000
4945.866873 0.000000
4945.914821 0.000000
4945.962769 0.000000
4946.010717 0.000000
4946.058665 0.000000
4946.106613 0.000000
4946.154560 0.000000
4946.202508 0.000000
4946.250456 0.000000
4946.298404 0.000000
4946.346352 0.000000
4946.394300 0.000000
4946.442247 0.000000
4946.490195 0.000000
4946.538143 0.000000
4946.586091 0.000000
4946.634039 0.000000
4946.681987 0.000000
4946.729934 0.000000
4946.777882 0.000000
4946.825830 0.000000
4946.873778 0.000000
4946.921726 0.000000
4946.969674 0.000000
4947.017621 0.000000
4947.065569 0.000000
4947.113517 0.000000
4947.161465 0.000000
4947.209413 0.000000
4947.257361 0.000000
4947.305308 0.000000
4947.353256 0.000000
4947.401204 0.000000
4947.449152 0.000000
4947.497100 0.000000
4947.545048 0.000000
4947.592995 0.000000
4947.640943 0.000000
4947.688891 0.000000
4947.736839 0.000000
4947.784787 0.000000
4947.832735 0.000000
4947.880682 0.000000
4947.928630 0.000000
4947.976578 0.000000
4948.024526 0.000000
4948.072474 0.000000
4948.120422 0.000000
4948.168369 0.000000
4948.216317 0.000000
4948.264265 0.000000
4948.312213 0.000000
4948.360161 0.000000
4948.408109 0.000000
4948.456056 0.000000
4948.504004 0.000000
4948.551952 0.000000
4948.599900 0.000000
4948.647848 0.000000
4948.695796 0.000000
4948.743743 0.000000
4948.791691 0.000000
4948.839639 0.000000
4948.887587 0.000000
4948.935535 0.000000
4948.983483 0.000000
4949.031430 0.000000
4949.079378 0.000000
4949.127326 0.000000
4949.175274 0.000000
4949.223222 0.000000
4949.271170 0.000000
4949.319117 0.000000
4949.367065 0.000000
4949.415013 0.000000
4949.462961 0.000000
4949.510909 0.000000
4949.558857 0.000000
4949.606804 0.000000
4949.654752 0.000000
4949.702700 0.000000
4949.750648 0.000000
4949.798596 0.000000
4949.846544 0.000000
4949.894491 0.000000
4949.942439 0.000000
4949.990387 0.000000
4950.038335 0.000000
4950.086283 0.000000
4950.134231 0.000000
4950.182178 0.000000
4950.230126 0.000000
4950.278074 0.000000
4950.326022 0.000000
4950.373970 0.000000
4950.421918 0.000000
4950.469865 0.000000
4950.517813 0.000000
4950.565761 0.000000
4950.613709 0.000000
4950.661657 0.000000
4950.709605 0.000000
4950.757552 0.000000
4950.805500 0.000000
4950.853448 0.000000
4950.901396 0.000000
4950.949344 0.000000
4950.997292 0.000000
4951.045239 0.000000
4951.093187 0.000000
4951.141135 0.000000
4951.189083 0.000000
4951.237031 0.000000
4951.284979 0.000000
4951.332926 0.000000
4951.380874 0.000000
4951.428822 0.000000
4951.476770 0.000000
4951.524718 0.000000
4951.572666 0.000000
4951.620613 0.000000
4951.668561 0.000000
4951.716509 0.000000
4951.764457 0.000000
4951.812405 0.000000
4951.860352 0.000000
4951.908300 0.000000
4951.956248 0.000000
4952.004196 0.000000
4952.052144 0.000000
4952.100092 0.000000
4952.148039 0.000000
4952.195987 0.000000
4952.243935 0.000000
4952.291883 0.000000
4952.339831 0.000000
4952.387779 0.000000
4952.435726 0.000000
4952.483674 0.000000
4952.531622 0.000000
4952.579570 0.000000
4952.627518 0.000000
4952.675466 0.000000
4952.723413 0.000000
4952.771361 0.000000
4952.819309 0.000000
4952.867257 0.000000
4952.915205 0.000000
4952.963153 0.000000
4953.011100 0.000000
4953.059048 0.000000
4953.106996 0.000000
4953.154944 0.000000
4953.202892 0.000000
4953.250840 0.000000
4953.298787 0.000000
4953.346735 0.000000
4953.394683 0.000000
4953.442631 0.000000
4953.490579 0.000000
4953.538527 0.000000
4953.586474 0.000000
4953.634422 0.000000
4953.682370 0.000000
4953.730318 0.000000
4953.778266 0.000000
4953.826214 0.000000
4953.874161 0.000000
4953.922109 0.000000
4953.970057 0.000000
4954.018005 0.000000
4954.065953 0.000000
4954.113901 0.000000
4954.161848 0.000000
4954.209796 0.000000
4954.257744 0.000000
4954.305692 0.000000
4954.353640 0.000000
4954.401588 0.000000
4954.449535 0.000000
4954.497483 0.000000
4954.545431 0.000000
4954.593379 0.000000
4954.641327 0.000000
4954.689275 0.000000
4954.737222 0.000000
4954.785170 0.000000
4954.833118 0.000000
4954.881066 0.000000
4954.929014 0.000000
4954.976962 0.000000
4955.024909 0.000000
4955.072857 0.000000
4955.120805 0.000000
4955.168753 0.000000
4955.216701 0.000000
4955.264649 0.000000
4955.312596 0.000000
4955.360544 0.000000
4955.408492 0.000000
4955.456440 0.000000
4955.504388 0.000000
4955.552336 0.000000
4955.600283 0.000000
4955.648231 0.000000
4955.696179 0.000000
4955.744127 0.000000
4955.792075 0.000000
4955.840023 0.000000
4955.887970 0.000000
4955.935918 0.000000
4955.983866 0.000000
4956.031814 0.000000
4956.079762 0.000000
4956.127710 0.000000
4956.175657 0.000000
4956.223605 0.000000
4956.271553 0.000000
4956.319501 0.000000
4956.367449 0.000000
4956.415397 0.000000
4956.463344 0.000000
4956.511292 0.000000
4956.559240 0.000000
4956.607188 0.000000
4956.655136 0.000000
4956.703084 0.000000
4956.751031 0.000000
4956.798979 0.000000
4956.846927 0.000000
4956.894875 0.000000
4956.942823 0.000000
4956.990771 0.000000
4957.038718 0.000000
4957.086666 0.000000
4957.134614 0.000000
4957.182562 0.000000
4957.230510 0.000000
4957.278458 0.000000
4957.326405 0.000000
4957.374353 0.000000
4957.422301 0.000000
4957.470249 0.000000
4957.518197 0.000000
4957.566145 0.000000
4957.614092 0.000000
4957.662040 0.000000
4957.709988 0.000000
4957.757936 0.000000
4957.805884 0.000000
4957.853832 0.000000
4957.901779 0.000000
4957.949727 0.000000
4957.997675 0.000000
4958.045623 0.000000
4958.093571 0.000000
4958.141519 0.000000
4958.189466 0.000000
4958.237414 0.000000
4958.285362 0.000000
4958.333310 0.000000
4958.381258 0.000000
4958.429206 0.000000
4958.477153 0.000000
4958.525101 0.000000
4958.573049 0.000000
4958.620997 0.000000
4958.668945 0.000000
4958.716893 0.000000
4958.764840 0.000000
4958.812788 0.000000
4958.860736 0.000000
4958.908684 0.000000
4958.956632 0.000000
4959.004580 0.000000
4959.052527 0.000000
4959.100475 0.000000
4959.148423 0.000000
4959.196371 0.000000
4959.244319 0.000000
4959.292267 0.000000
4959.340214 0.000000
4959.388162 0.000000
4959.436110 0.000000
4959.484058 0.000000
4959.532006 0.000000
4959.579954 0.000000
4959.627901 0.000000
4959.675849 0.000000
4959.723797 0.000000
4959.771745 0.000000
4959.819693 0.000000
4959.867641 0.000000
4959.915588 0.000000
4959.963536 0.000000
4960.011484 0.000000
4960.059432 0.000000
4960.107380 0.000000
4960.155328 0.000000
4960.203275 0.000000
4960.251223 0.000000
4960.299171 0.000000
4960.347119 0.000000
4960.395067 0.000000
4960.443015 0.000000
4960.490962 0.000000
4960.538910 0.000000
4960.586858 0.000000
4960.634806 0.000000
4960.682754 0.000000
4960.730702 0.000000
4960.778649 0.000000
4960.826597 0.000000
4960.874545 0.000000
4960.922493 0.000000
4960.970441 0.000000
4961.018389 0.000000
4961.066336 0.000000
4961.114284 0.000000
4961.162232 0.000000
4961.210180 0.000000
4961.258128 0.000000
4961.306076 0.000000
4961.354023 0.000000
4961.401971 0.000000
4961.449919 0.000000
4961.497867 0.000000
4961.545815 0.000000
4961.593763 0.000000
4961.641710 0.000000
4961.689658 0.000000
4961.737606 0.000000
4961.785554 0.000000
4961.833502 0.000000
4961.881450 0.000000
4961.929397 0.000000
4961.977345 0.000000
4962.025293 0.000000
4962.073241 0.000000
4962.121189 0.000000
4962.169137 0.000000
4962.217084 0.000000
4962.265032 0.000000
4962.312980 0.000000
4962.360928 0.000000
4962.408876 0.000000
4962.456824 0.000000
4962.504771 0.000000
4962.552719 0.000000
4962.600667 0.000000
4962.648615 0.000000
4962.696563 0.000000
4962.744511 0.000000
4962.792458 0.000000
4962.840406 0.000000
4962.888354 0.000000
4962.936302 0.000000
4962.984250 0.000000
4963.032198 0.000000
4963.080145 0.000000
4963.128093 0.000000
4963.176041 0.000000
4963.223989 0.000000
4963.271937 0.000000
4963.319885 0.000000
4963.367832 0.000000
4963.415780 0.000000
4963.463728 0.000000
4963.511676 0.000000
4963.559624 0.000000
4963.607572 0.000000
4963.655519 0.000000
4963.703467 0.000000
4963.751415 0.000000
4963.799363 0.000000
4963.847311 0.000000
4963.895259 0.000000
4963.943206 0.000000
4963.991154 0.000000
4964.039102 0.000000
4964.087050 0.000000
4964.134998 0.000000
4964.182946 0.000000
4964.230893 0.000000
4964.278841 0.000000
4964.326789 0.000000
4964.374737 0.000000
4964.422685 0.000000
4964.470633 0.000000
4964.518580 0.000000
4964.566528 0.000000
4964.614476 0.000000
4964.662424 0.000000
4964.710372 0.000000
4964.758320 0.000000
4964.806267 0.000000
4964.854215 0.000000
4964.902163 0.000000
4964.950111 0.000000
4964.998059 0.000000
4965.046007 0.000000
4965.093954 0.000000
4965.141902 0.000000
4965.189850 0.000000
4965.237798 0.000000
4965.285746 0.000000
4965.333694 0.000000
4965.381641 0.000000
4965.429589 0.000000
4965.477537 0.000000
4965.525485 0.000000
4965.573433 0.000000
4965.621381 0.000000
4965.669328 0.000000
4965.717276 0.000000
4965.765224 0.000000
4965.813172 0.000000
4965.861120 0.000000
4965.909067 0.000000
4965.957015 0.000000
4966.004963 0.000000
4966.052911 0.000000
4966.100859 0.000000
4966.148807 0.000000
4966.196754 0.000000
4966.244702 0.000000
4966.292650 0.000000
4966.340598 0.000000
4966.388546 0.000000
4966.436494 0.000000
4966.484441 0.000000
4966.532389 0.000000
4966.580337 0.000000
4966.628285 0.000000
4966.676233 0.000000
4966.724181 0.000000
4966.772128 0.000000
4966.820076 0.000000
4966.868024 0.000000
4966.915972 0.000000
4966.963920 0.000000
4967.011868 0.000000
4967.059815 0.000000
4967.107763 0.000000
4967.155711 0.000000
4967.203659 0.000000
4967.251607 0.000000
4967.299555 0.000000
4967.347502 0.000000
4967.395450 0.000000
4967.443398 0.000000
4967.491346 0.000000
4967.539294 0.000000
4967.587242 0.000000
4967.635189 0.000000
4967.683137 0.000000
4967.731085 0.000000
4967.779033 0.000000
4967.826981 0.000000
4967.874929 0.000000
4967.922876 0.000000
4967.970824 0.000000
4968.018772 0.000000
4968.066720 0.000000
4968.114668 0.000000
4968.162616 0.000000
4968.210563 0.000000
4968.258511 0.000000
4968.306459 0.000000
4968.354407 0.000000
4968.402355 0.000000
4968.450303 0.000000
4968.498250 0.000000
4968.546198 0.000000
4968.594146 0.000000
4968.642094 0.000000
4968.690042 0.000000
4968.737990 0.000000
4968.785937 0.000000
4968.833885 0.000000
4968.881833 0.000000
4968.929781 0.000000
4968.977729 0.000000
4969.025677 0.000000
4969.073624 0.000000
4969.121572 0.000000
4969.169520 0.000000
4969.217468 0.000000
4969.265416 0.000000
4969.313364 0.000000
4969.361311 0.000000
4969.409259 0.000000
4969.457207 0.000000
4969.505155 0.000000
4969.553103 0.000000
4969.601051 0.000000
4969.648998 0.000000
4969.696946 0.000000
4969.744894 0.000000
4969.792842 0.000000
4969.840790 0.000000
4969.888738 0.000000
4969.936685 0.000000
4969.984633 0.000000
4970.032581 0.000000
4970.080529 0.000000
4970.128477 0.000000
4970.176425 0.000000
4970.224372 0.000000
4970.272320 0.000000
4970.320268 0.000000
4970.368216 0.000000
4970.416164 0.000000
4970.464112 0.000000
4970.512059 0.000000
4970.560007 0.000000
4970.607955 0.000000
4970.655903 0.000000
4970.703851 0.000000
4970.751799 0.000000
4970.799746 0.000000
4970.847694 0.000000
4970.895642 0.000000
4970.943590 0.000000
4970.991538 0.000000
4971.039486 0.000000
4971.087433 0.000000
4971.135381 0.000000
4971.183329 0.000000
4971.231277 0.000000
4971.279225 0.000000
4971.327173 0.000000
4971.375120 0.000000
4971.423068 0.000000
4971.471016 0.000000
4971.518964 0.000000
4971.566912 0.000000
4971.614860 0.000000
4971.662807 0.000000
4971.710755 0.000000
4971.758703 0.000000
4971.806651 0.000000
4971.854599 0.000000
4971.902547 0.000000
4971.950494 0.000000
4971.998442 0.000000
4972.046390 0.000000
4972.094338 0.000000
4972.142286 0.000000
4972.190234 0.000000
4972.238181 0.000000
4972.286129 0.000000
4972.334077 0.000000
4972.382025 0.000000
4972.429973 0.000000
4972.477921 0.000000
4972.525868 0.000000
4972.573816 0.000000
4972.621764 0.000000
4972.669712 0.000000
4972.717660 0.000000
4972.765608 0.000000
4972.813555 0.000000
4972.861503 0.000000
4972.909451 0.000000
4972.957399 0.000000
4973.005347 0.000000
4973.053295 0.000000
4973.101242 0.000000
4973.149190 0.000000
4973.197138 0.000000
4973.245086 0.000000
4973.293034 0.000000
4973.340982 0.000000
4973.388929 0.000000
4973.436877 0.000000
4973.484825 0.000000
4973.532773 0.000000
4973.580721 0.000000
4973.628669 0.000000
4973.676616 0.000000
4973.724564 0.000000
4973.772512 0.000000
4973.820460 0.000000
4973.868408 0.000000
4973.916356 0.000000
4973.964303 0.000000
4974.012251 0.000000
4974.060199 0.000000
4974.108147 0.000000
4974.156095 0.000000
4974.204043 0.000000
4974.251990 0.000000
4974.299938 0.000000
4974.347886 0.000000
4974.395834 0.000000
4974.443782 0.000000
4974.491730 0.000000
4974.539677 0.000000
4974.587625 0.000000
4974.635573 0.000000
4974.683521 0.000000
4974.731469 0.000000
4974.779417 0.000000
4974.827364 0.000000
4974.875312 0.000000
4974.923260 0.000000
4974.971208 0.000000
4975.019156 0.000000
4975.067104 0.000000
4975.115051 0.000000
4975.162999 0.000000
4975.210947 0.000000
4975.258895 0.000000
4975.306843 0.000000
4975.354791 0.000000
4975.402738 0.000000
4975.450686 0.000000
4975.498634 0.000000
4975.546582 0.000000
4975.594530 0.000000
4975.642478 0.000000
4975.690425 0.000000
4975.738373 0.000000
4975.786321 0.000000
4975.834269 0.000000
4975.882217 0.000000
4975.930165 0.000000
4975.978112 0.000000
4976.026060 0.000000
4976.074008 0.000000
4976.121956 0.000000
4976.169904 0.000000
4976.217852 0.000000
4976.265799 0.000000
4976.313747 0.000000
4976.361695 0.000000
4976.409643 0.000000
4976.457591 0.000000
4976.505539 0.000000
4976.553486 0.000000
4976.601434 0.000000
4976.649382 0.000000
4976.697330 0.000000
4976.745278 0.000000
4976.793226 0.000000
4976.841173 0.000000
4976.889121 0.000000
4976.937069 0.000000
4976.985017 0.000000
4977.032965 0.000000
4977.080913 0.000000
4977.128860 0.000000
4977.176808 0.000000
4977.224756 0.000000
4977.272704 0.000000
4977.320652 0.000000
4977.368600 0.000000
4977.416547 0.000000
4977.464495 0.000000
4977.512443 0.000000
4977.560391 0.000000
4977.608339 0.000000
4977.656287 0.000000
4977.704234 0.000000
4977.752182 0.000000
4977.800130 0.000000
4977.848078 0.000000
4977.896026 0.000000
4977.943974 0.000000
4977.991921 0.000000
4978.039869 0.000000
4978.087817 0.000000
4978.135765 0.000000
4978.183713 0.000000
4978.231661 0.000000
4978.279608 0.000000
4978.327556 0.000000
4978.375504 0.000000
4978.423452 0.000001
4978.471400 0.000001
4978.519348 0.000001
4978.567295 0.000001
4978.615243 0.000001
4978.663191 0.000001
4978.711139 0.000001
4978.759087 0.000001
4978.807035 0.000001
4978.854982 0.000001
4978.902930 0.000001
4978.950878 0.000001
4978.998826 0.000001
4979.046774 0.000001
4979.094722 0.000001
4979.142669 0.000001
4979.190617 0.000001
4979.238565 0.000001
4979.286513 0.000001
4979.334461 0.000001
4979.382409 0.000001
4979.430356 0.000001
4979.478304 0.000001
4979.526252 0.000001
4979.574200 0.000001
4979.622148 0.000002
4979.670095 0.000002
4979.718043 0.000002
4979.765991 0.000002
4979.813939 0.000002
4979.861887 0.000002
4979.909835 0.000002
4979.957782 0.000002
4980.005730 0.000002
4980.053678 0.000002
4980.101626 0.000002
4980.149574 0.000002
4980.197522 0.000003
4980.245469 0.000003
4980.293417 0.000003
4980.341365 0.000003
4980.389313 0.000003
4980.437261 0.000003
4980.485209 0.000003
4980.533156 0.000003
4980.581104 0.000004
4980.629052 0.000004
4980.677000 0.000004
4980.724948 0.000004
4980.772896 0.000004
4980.820843 0.000004
4980.868791 0.000005
4980.916739 0.000005
4980.964687 0.000005
4981.012635 0.000005
4981.060583 0.000005
4981.108530 0.000006
4981.156478 0.000006
4981.204426 0.000006
4981.252374 0.000006
4981.300322 0.000007
4981.348270 0.000007
4981.396217 0.000007
4981.444165 0.000008
4981.492113 0.000008
4981.540061 0.000008
4981.588009 0.000009
4981.635957 0.000009
4981.683904 0.000009
4981.731852 0.000010
4981.779800 0.000010
4981.827748 0.000010
4981.875696 0.000011
4981.923644 0.000011
4981.971591 0.000012
4982.019539 0.000012
4982.067487 0.000013
4982.115435 0.000013
4982.163383 0.000014
4982.211331 0.000014
4982.259278 0.000015
4982.307226 0.000016
4982.355174 0.000016
4982.403122 0.000017
4982.451070 0.000017
4982.499018 0.000018
4982.546965 0.000019
4982.594913 0.000020
4982.642861 0.000020
4982.690809 0.000021
4982.738757 0.000022
4982.786705 0.000023
4982.834652 0.000024
4982.882600 0.000025
4982.930548 0.000026
4982.978496 0.000027
4983.026444 0.000028
4983.074392 0.000029
4983.122339 0.000030
4983.170287 0.000031
4983.218235 0.000032
4983.266183 0.000034
4983.314131 0.000035
4983.362079 0.000036
4983.410026 0.000038
4983.457974 0.000039
4983.505922 0.000041
4983.553870 0.000042
4983.601818 0.000044
4983.649766 0.000045
4983.697713 0.000047
4983.745661 0.000049
4983.793609 0.000051
4983.841557 0.000053
4983.889505 0.000055
4983.937453 0.000057
4983.985400 0.000059
4984.033348 0.000061
4984.081296 0.000063
4984.129244 0.000066
4984.177192 0.000068
4984.225140 0.000071
4984.273087 0.000073
4984.321035 0.000076
4984.368983 0.000079
4984.416931 0.000082
4984.464879 0.000085
4984.512827 0.000088
4984.560774 0.000091
4984.608722 0.000094
4984.656670 0.000098
4984.704618 0.000101
4984.752566 0.000105
4984.800514 0.000109
4984.848461 0.000113
4984.896409 0.000117
4984.944357 0.000121
4984.992305 0.000125
4985.040253 0.000130
4985.088201 0.000135
4985.136148 0.000139
4985.184096 0.000144
4985.232044 0.000149
4985.279992 0.000155
4985.327940 0.000160
4985.375888 0.000166
4985.423835 0.000172
4985.471783 0.000178
4985.519731 0.000184
4985.567679 0.000190
4985.615627 0.000197
4985.663575 0.000204
4985.711522 0.000211
4985.759470 0.000218
4985.807418 0.000226
4985.855366 0.000234
4985.903314 0.000242
4985.951262 0.000250
4985.999209 0.000259
4986.047157 0.000268
4986.095105 0.000277
4986.143053 0.000286
4986.191001 0.000296
4986.238949 0.000306
4986.286896 0.000316
4986.334844 0.000327
4986.382792 0.000338
4986.430740 0.000349
4986.478688 0.000361
4986.526636 0.000373
4986.574583 0.000386
4986.622531 0.000398
4986.670479 0.000412
4986.718427 0.000425
4986.766375 0.000439
4986.814323 0.000454
4986.862270 0.000469
4986.910218 0.000484
4986.958166 0.000500
4987.006114 0.000516
4987.054062 0.000533
4987.102010 0.000551
4987.149957 0.000569
4987.197905 0.000587
4987.245853 0.000606
4987.293801 0.000626
4987.341749 0.000646
4987.389697 0.000666
4987.437644 0.000688
4987.485592 0.000710
4987.533540 0.000732
4987.581488 0.000756
4987.629436 0.000780
4987.677384 0.000804
4987.725331 0.000830
4987.773279 0.000856
4987.821227 0.000883
4987.869175 0.000910
4987.917123 0.000939
4987.965071 0.000968
4988.013018 0.000998
4988.060966 0.001029
4988.108914 0.001061
4988.156862 0.001094
4988.204810 0.001128
4988.252758 0.001162
4988.300705 0.001198
4988.348653 0.001235
4988.396601 0.001272
4988.444549 0.001311
4988.492497 0.001351
4988.540445 0.001392
4988.588392 0.001434
4988.636340 0.001477
4988.684288 0.001522
4988.732236 0.001567
4988.780184 0.001614
4988.828132 0.001662
4988.876079 0.001712
4988.924027 0.001763
4988.971975 0.001815
4989.019923 0.001869
4989.067871 0.001924
4989.115819 0.001980
4989.163766 0.002038
4989.211714 0.002098
4989.259662 0.002159
4989.307610 0.002222
4989.355558 0.002286
4989.403506 0.002352
4989.451453 0.002420
4989.499401 0.002490
4989.547349 0.002562
4989.595297 0.002635
4989.643245 0.002710
4989.691193 0.002787
4989.739140 0.002867
4989.787088 0.002948
4989.835036 0.003031
4989.882984 0.003117
4989.930932 0.003204
4989.978880 0.003294
4990.026827 0.003386
4990.074775 0.003481
4990.122723 0.003578
4990.170671 0.003677
4990.218619 0.003778
4990.266567 0.003883
4990.314514 0.003990
4990.362462 0.004099
4990.410410 0.004211
4990.458358 0.004326
4990.506306 0.004444
4990.554254 0.004564
4990.602201 0.004688
4990.650149 0.004814
4990.698097 0.004944
4990.746045 0.005077
4990.793993 0.005213
4990.841941 0.005352
4990.889888 0.005494
4990.937836 0.005640
4990.985784 0.005789
4991.033732 0.005942
4991.081680 0.006098
4991.129628 0.006258
4991.177575 0.006422
4991.225523 0.006589
4991.273471 0.006761
4991.321419 0.006936
4991.369367 0.007116
4991.417315 0.007299
4991.465262 0.007487
4991.513210 0.007679
4991.561158 0.007875
4991.609106 0.008076
4991.657054 0.008281
4991.705002 0.008491
4991.752949 0.008705
4991.800897 0.008924
4991.848845 0.009148
4991.896793 0.009377
4991.944741 0.009611
4991.992689 0.009851
4992.040636 0.010095
4992.088584 0.010345
4992.136532 0.010600
4992.184480 0.010860
4992.232428 0.011127
4992.280376 0.011398
4992.328323 0.011676
4992.376271 0.011960
4992.424219 0.012249
4992.472167 0.012545
4992.520115 0.012847
4992.568063 0.013155
4992.616010 0.013469
4992.663958 0.013790
4992.711906 0.014118
4992.759854 0.014452
4992.807802 0.014794
4992.855750 0.015142
4992.903697 0.015497
4992.951645 0.015860
4992.999593 0.016229
4993.047541 0.016606
4993.095489 0.016991
4993.143437 0.017383
4993.191384 0.017783
4993.239332 0.018191
4993.287280 0.018607
4993.335228 0.019031
4993.383176 0.019463
4993.431124 0.019904
4993.479071 0.020353
4993.527019 0.020811
4993.574967 0.021277
4993.622915 0.021752
4993.670863 0.022237
4993.718810 0.022730
4993.766758 0.023233
4993.814706 0.023745
4993.862654 0.024266
4993.910602 0.024797
4993.958550 0.025338
4994.006497 0.025889
4994.054445 0.026450
4994.102393 0.027021
4994.150341 0.027603
4994.198289 0.028194
4994.246237 0.028797
4994.294184 0.029410
4994.342132 0.030034
4994.390080 0.030669
4994.438028 0.031315
4994.485976 0.031972
4994.533924 0.032641
4994.581871 0.033321
4994.629819 0.034013
4994.677767 0.034717
4994.725715 0.035433
4994.773663 0.036161
4994.821611 0.036901
4994.869558 0.037654
4994.917506 0.038419
4994.965454 0.039197
4995.013402 0.039987
4995.061350 0.040791
4995.109298 0.041608
4995.157245 0.042438
4995.205193 0.043281
4995.253141 0.044138
4995.301089 0.045008
4995.349037 0.045893
4995.396985 0.046791
4995.444932 0.047703
4995.492880 0.048630
4995.540828 0.049571
4995.588776 0.050527
4995.636724 0.051497
4995.684672 0.052482
4995.732619 0.053481
4995.780567 0.054496
4995.828515 0.055526
4995.876463 0.056572
4995.924411 0.057633
4995.972359 0.058709
4996.020306 0.059802
4996.068254 0.060910
4996.116202 0.062034
4996.164150 0.063174
4996.212098 0.064330
4996.260046 0.065503
4996.307993 0.066693
4996.355941 0.067899
4996.403889 0.069121
4996.451837 0.070361
4996.499785 0.071617
4996.547733 0.072891
4996.595680 0.074182
4996.643628 0.075490
4996.691576 0.076816
4996.739524 0.078159
4996.787472 0.079520
4996.835420 0.080899
4996.883367 0.082295
4996.931315 0.083710
4996.979263 0.085143
4997.027211 0.086593
4997.075159 0.088063
4997.123107 0.089550
4997.171054 0.091056
4997.219002 0.092580
4997.266950 0.094124
4997.314898 0.095685
4997.362846 0.097266
4997.410794 0.098866
4997.458741 0.100484
4997.506689 0.102122
4997.554637 0.103778
4997.602585 0.105454
4997.650533 0.107149
4997.698481 0.108863
4997.746428 0.110597
4997.794376 0.112349
4997.842324 0.114122
4997.890272 0.115914
4997.938220 0.117725
4997.986168 0.119556
4998.034115 0.121406
4998.082063 0.123277
4998.130011 0.125166
4998.177959 0.127076
4998.225907 0.129005
4998.273855 0.130954
4998.321802 0.132922
4998.369750 0.134911
4998.417698 0.136919
4998.465646 0.138946
4998.513594 0.140994
4998.561542 0.143061
4998.609489 0.145148
4998.657437 0.147254
4998.705385 0.149380
4998.753333 0.151526
4998.801281 0.153691
4998.849229 0.155876
4998.897176 0.158080
4998.945124 0.160304
4998.993072 0.162547
4999.041020 0.164810
4999.088968 0.167091
4999.136916 0.169392
4999.184863 0.171712
4999.232811 0.174051
4999.280759 0.176409
4999.328707 0.178786
4999.376655 0.181182
4999.424603 0.183596
4999.472550 0.186029
4999.520498 0.188480
4999.568446 0.190950
4999.616394 0.193438
4999.664342 0.195944
4999.712290 0.198468
4999.760237 0.201009
4999.808185 0.203569
4999.856133 0.206145
4999.904081 0.208739
4999.952029 0.211351
4999.999977 0.213979
5000.047924 0.216624
5000.095872 0.219286
5000.143820 0.221964
5000.191768 0.224659
5000.239716 0.227370
5000.287664 0.230096
5000.335611 0.232838
5000.383559 0.235596
5000.431507 0.238369
5000.479455 0.241156
5000.527403 0.243959
5000.575351 0.246776
5000.623298 0.249607
5000.671246 0.252452
5000.719194 0.255311
5000.767142 0.258184
5000.815090 0.261070
5000.863038 0.263968
5000.910985 0.266880
5000.958933 0.269803
5001.006881 0.272739
5001.054829 0.275687
5001.102777 0.278646
5001.150725 0.281616
5001.198672 0.284597
5001.246620 0.287588
5001.294568 0.290590
5001.342516 0.293602
5001.390464 0.296623
5001.438412 0.299653
5001.486359 0.302692
5001.534307 0.305739
5001.582255 0.308795
5001.630203 0.311858
5001.678151 0.314928
5001.726099 0.318006
5001.774046 0.321090
5001.821994 0.324180
5001.869942 0.327276
5001.917890 0.330378
5001.965838 0.333484
5002.013786 0.336595
5002.061733 0.339710
5002.109681 0.342829
5002.157629 0.345952
5002.205577 0.349077
5002.253525 0.352204
5002.301473 0.355334
5002.349420 0.358465
5002.397368 0.361597
5002.445316 0.364730
5002.493264 0.367863
5002.541212 0.370996
5002.589160 0.374129
5002.637107 0.377260
5002.685055 0.380389
5002.733003 0.383517
5002.780951 0.386641
5002.828899 0.389763
5002.876847 0.392881
5002.924794 0.395995
5002.972742 0.399105
5003.020690 0.402209
5003.068638 0.405308
5003.116586 0.408402
5003.164534 0.411488
5003.212481 0.414568
5003.260429 0.417640
5003.308377 0.420704
5003.356325 0.423759
5003.404273 0.426806
5003.452221 0.429842
5003.500168 0.432869
5003.548116 0.435885
5003.596064 0.438890
5003.644012 0.441884
5003.691960 0.444865
5003.739908 0.447834
5003.787855 0.450789
5003.835803 0.453731
5003.883751 0.456659
5003.931699 0.459572
5003.979647 0.462469
5004.027595 0.465351
5004.075542 0.468216
5004.123490 0.471065
5004.171438 0.473896
5004.219386 0.476710
5004.267334 0.479505
5004.315282 0.482281
5004.363229 0.485038
5004.411177 0.487774
5004.459125 0.490491
5004.507073 0.493186
5004.555021 0.495860
5004.602969 0.498512
5004.650916 0.501141
5004.698864 0.503748
5004.746812 0.506330
5004.794760 0.508889
5004.842708 0.511424
5004.890656 0.513933
5004.938603 0.516417
5004.986551 0.518875
5005.034499 0.521306
5005.082447 0.523711
5005.130395 0.526088
5005.178343 0.528437
5005.226290 0.530758
5005.274238 0.533050
5005.322186 0.535313
5005.370134 0.537546
5005.418082 0.539749
5005.466030 0.541921
5005.513977 0.544063
5005.561925 0.546172
5005.609873 0.548250
5005.657821 0.550295
5005.705769 0.552308
5005.753717 0.554287
5005.801664 0.556233
5005.849612 0.558145
5005.897560 0.560022
5005.945508 0.561865
5005.993456 0.563672
5006.041404 0.565444
5006.089351 0.567180
5006.137299 0.568879
5006.185247 0.570542
5006.233195 0.572168
5006.281143 0.573757
5006.329091 0.575307
5006.377038 0.576820
5006.424986 0.578295
5006.472934 0.579730
5006.520882 0.581127
5006.568830 0.582485
5006.616778 0.583803
5006.664725 0.585081
5006.712673 0.586319
5006.760621 0.587517
5006.808569 0.588674
5006.856517 0.589790
5006.904465 0.590865
5006.952412 0.591898
5007.000360 0.592891
5007.048308 0.593841
5007.096256 0.594749
5007.144204 0.595615
5007.192152 0.596439
5007.240099 0.597220
5007.288047 0.597958
5007.335995 0.598654
5007.383943 0.599306
5007.431891 0.599916
5007.479838 0.600482
5007.527786 0.601004
5007.575734 0.601483
5007.623682 0.601918
5007.671630 0.602310
5007.719578 0.602657
5007.767525 0.602961
5007.815473 0.603221
5007.863421 0.603436
5007.911369 0.603608
5007.959317 0.603735
5008.007265 0.603819
5008.055212 0.603858
5008.103160 0.603853
5008.151108 0.603803
5008.199056 0.603710
5008.247004 0.603572
5008.294952 0.603391
5008.342899 0.603165
5008.390847 0.602895
5008.438795 0.602581
5008.486743 0.602223
5008.534691 0.601822
5008.582639 0.601376
5008.630586 0.600887
5008.678534 0.600355
5008.726482 0.599779
5008.774430 0.599160
5008.822378 0.598497
5008.870326 0.597792
5008.918273 0.597043
5008.966221 0.596252
5009.014169 0.595419
5009.062117 0.594543
5009.110065 0.593625
5009.158013 0.592665
5009.205960 0.591663
5009.253908 0.590620
5009.301856 0.589536
5009.349804 0.588410
5009.397752 0.587243
5009.445700 0.586036
5009.493647 0.584789
5009.541595 0.583502
5009.589543 0.582175
5009.637491 0.580808
5009.685439 0.579402
5009.733387 0.577957
5009.781334 0.576474
5009.829282 0.574952
5009.877230 0.573393
5009.925178 0.571796
5009.973126 0.570161
5010.021074 0.568490
5010.069021 0.566782
5010.116969 0.565038
5010.164917 0.563258
5010.212865 0.561442
5010.260813 0.559592
5010.308761 0.557706
5010.356708 0.555787
5010.404656 0.553833
5010.452604 0.551846
5010.500552 0.549826
5010.548500 0.547773
5010.596448 0.545688
5010.644395 0.543571
5010.692343 0.541422
5010.740291 0.539243
5010.788239 0.537033
5010.836187 0.534793
5010.884135 0.532523
5010.932082 0.530225
5010.980030 0.527897
5011.027978 0.525541
5011.075926 0.523158
5011.123874 0.520747
5011.171822 0.518309
5011.219769 0.515845
5011.267717 0.513356
5011.315665 0.510840
5011.363613 0.508300
5011.411561 0.505736
5011.459509 0.503147
5011.507456 0.500536
5011.555404 0.497901
5011.603352 0.495244
5011.651300 0.492565
5011.699248 0.489865
5011.747196 0.487144
5011.795143 0.484402
5011.843091 0.481641
5011.891039 0.478861
5011.938987 0.476061
5011.986935 0.473244
5012.034883 0.470408
5012.082830 0.467556
5012.130778 0.464687
5012.178726 0.461801
5012.226674 0.458900
5012.274622 0.455984
5012.322570 0.453053
5012.370517 0.450108
5012.418465 0.447149
5012.466413 0.444178
5012.514361 0.441193
5012.562309 0.438197
5012.610257 0.435189
5012.658204 0.432171
5012.706152 0.429142
5012.754100 0.426102
5012.802048 0.423054
5012.849996 0.419996
5012.897944 0.416931
5012.945891 0.413857
5012.993839 0.410776
5013.041787 0.407687
5013.089735 0.404593
5013.137683 0.401493
5013.185631 0.398387
5013.233578 0.395276
5013.281526 0.392161
5013.329474 0.389042
5013.377422 0.385920
5013.425370 0.382794
5013.473318 0.379666
5013.521265 0.376536
5013.569213 0.373405
5013.617161 0.370273
5013.665109 0.367139
5013.713057 0.364006
5013.761005 0.360873
5013.808952 0.357741
5013.856900 0.354611
5013.904848 0.351481
5013.952796 0.348354
5014.000744 0.345230
5014.048692 0.342108
5014.096639 0.338990
5014.144587 0.335876
5014.192535 0.332766
5014.240483 0.329661
5014.288431 0.326560
5014.336379 0.323466
5014.384326 0.320377
5014.432274 0.317294
5014.480222 0.314218
5014.528170 0.311149
5014.576118 0.308088
5014.624066 0.305034
5014.672013 0.301989
5014.719961 0.298952
5014.767909 0.295924
5014.815857 0.292905
5014.863805 0.289896
5014.911753 0.286896
5014.959700 0.283907
5015.007648 0.280929
5015.055596 0.277961
5015.103544 0.275005
5015.151492 0.272060
5015.199440 0.269127
5015.247387 0.266206
5015.295335 0.263298
5015.343283 0.260402
5015.391231 0.257519
5015.439179 0.254650
5015.487127 0.251794
5015.535074 0.248952
5015.583022 0.246124
5015.630970 0.243310
5015.678918 0.240511
5015.726866 0.237727
5015.774814 0.234957
5015.822761 0.232203
5015.870709 0.229465
5015.918657 0.226742
5015.966605 0.224035
5016.014553 0.221344
5016.062501 0.218670
5016.110448 0.216012
5016.158396 0.213370
5016.206344 0.210746
5016.254292 0.208139
5016.302240 0.205548
5016.350188 0.202976
5016.398135 0.200420
5016.446083 0.197883
5016.494031 0.195363
5016.541979 0.192861
5016.589927 0.190378
5016.637875 0.187912
5016.685822 0.185465
5016.733770 0.183037
5016.781718 0.180627
5016.829666 0.178235
5016.877614 0.175863
5016.925562 0.173509
5016.973509 0.171175
5017.021457 0.168859
5017.069405 0.166562
5017.117353 0.164285
5017.165301 0.162027
5017.213249 0.159788
5017.261196 0.157569
5017.309144 0.155369
5017.357092 0.153189
5017.405040 0.151028
5017.452988 0.148887
5017.500936 0.146766
5017.548883 0.144664
5017.596831 0.142581
5017.644779 0.140519
5017.692727 0.138476
5017.740675 0.136453
5017.788623 0.134449
5017.836570 0.132466
5017.884518 0.130502
5017.932466 0.128557
5017.980414 0.126633
5018.028362 0.124728
5018.076310 0.122843
5018.124257 0.120977
5018.172205 0.119131
5018.220153 0.117305
5018.268101 0.115498
5018.316049 0.113711
5018.363997 0.111943
5018.411944 0.110194
5018.459892 0.108465
5018.507840 0.106755
5018.555788 0.105065
5018.603736 0.103394
5018.651684 0.101741
5018.699631 0.100108
5018.747579 0.098494
5018.795527 0.096899
5018.843475 0.095323
5018.891423 0.093765
5018.939371 0.092227
5018.987318 0.090706
5019.035266 0.089205
5019.083214 0.087722
5019.131162 0.086257
5019.179110 0.084810
5019.227058 0.083382
5019.275005 0.081971
5019.322953 0.080579
5019.370901 0.079204
5019.418849 0.077847
5019.466797 0.076508
5019.514745 0.075186
5019.562692 0.073882
5019.610640 0.072595
5019.658588 0.071326
5019.706536 0.070073
5019.754484 0.068837
5019.802432 0.067618
5019.850379 0.066416
5019.898327 0.065231
5019.946275 0.064062
5019.994223 0.062909
5020.042171 0.061773
5020.090119 0.060652
5020.138066 0.059548
5020.186014 0.058459
5020.233962 0.057386
5020.281910 0.056329
5020.329858 0.055287
5020.377806 0.054261
5020.425753 0.053249
5020.473701 0.052253
5020.521649 0.051271
5020.569597 0.050304
5020.617545 0.049352
5020.665493 0.048415
5020.713440 0.047491
5020.761388 0.046582
5020.809336 0.045687
5020.857284 0.044806
5020.905232 0.043939
5020.953180 0.043085
5021.001127 0.042245
5021.049075 0.041418
5021.097023 0.040604
5021.144971 0.039804
5021.192919 0.039016
5021.240866 0.038241
5021.288814 0.037479
5021.336762 0.036729
5021.384710 0.035992
5021.432658 0.035267
5021.480606 0.034554
5021.528553 0.033853
5021.576501 0.033163
5021.624449 0.032486
5021.672397 0.031819
5021.720345 0.031165
5021.768293 0.030521
5021.816240 0.029889
5021.864188 0.029267
5021.912136 0.028657
5021.960084 0.028057
5022.008032 0.027467
5022.055980 0.026888
5022.103927 0.026320
5022.151875 0.025761
5022.199823 0.025213
5022.247771 0.024674
5022.295719 0.024145
5022.343667 0.023626
5022.391614 0.023116
5022.439562 0.022615
5022.487510 0.022124
5022.535458 0.021642
5022.583406 0.021169
5022.631354 0.020704
5022.679301 0.020248
5022.727249 0.019801
5022.775197 0.019363
5022.823145 0.018932
5022.871093 0.018510
5022.919041 0.018096
5022.966988 0.017690
5023.014936 0.017292
5023.062884 0.016901
5023.110832 0.016519
5023.158780 0.016143
5023.206728 0.015775
5023.254675 0.015414
5023.302623 0.015061
5023.350571 0.014714
5023.398519 0.014375
5023.446467 0.014042
5023.494415 0.013716
5023.542362 0.013396
5023.590310 0.013083
5023.638258 0.012776
5023.686206 0.012476
5023.734154 0.012182
5023.782102 0.011894
5023.830049 0.011611
5023.877997 0.011335
5023.925945 0.011065
5023.973893 0.010800
5024.021841 0.010540
5024.069789 0.010287
5024.117736 0.010038
5024.165684 0.009795
5024.213632 0.009557
5024.261580 0.009324
5024.309528 0.009096
5024.357476 0.008873
5024.405423 0.008655
5024.453371 0.008442
5024.501319 0.008233
5024.549267 0.008029
5024.597215 0.007829
5024.645163 0.007634
5024.693110 0.007443
5024.741058 0.007256
5024.789006 0.007074
5024.836954 0.006895
5024.884902 0.006721
5024.932850 0.006550
5024.980797 0.006384
5025.028745 0.006221
5025.076693 0.006062
5025.124641 0.005906
5025.172589 0.005754
5025.220537 0.005606
5025.268484 0.005461
5025.316432 0.005319
5025.364380 0.005181
5025.412328 0.005046
5025.460276 0.004914
5025.508224 0.004785
5025.556171 0.004659
5025.604119 0.004536
5025.652067 0.004416
5025.700015 0.004299
5025.747963 0.004185
5025.795911 0.004073
5025.843858 0.003965
5025.891806 0.003858
5025.939754 0.003755
5025.987702 0.003654
5026.035650 0.003555
5026.083598 0.003459
5026.131545 0.003365
5026.179493 0.003273
5026.227441 0.003184
5026.275389 0.003097
5026.323337 0.003012
5026.371285 0.002929
5026.419232 0.002848
5026.467180 0.002769
5026.515128 0.002693
5026.563076 0.002618
5026.611024 0.002545
5026.658972 0.002474
5026.706919 0.002405
5026.754867 0.002337
5026.802815 0.002271
5026.850763 0.002207
5026.898711 0.002145
5026.946659 0.002084
5026.994606 0.002025
5027.042554 0.001967
5027.090502 0.001911
5027.138450 0.001856
5027.186398 0.001803
5027.234346 0.001751
5027.282293 0.001700
5027.330241 0.001651
5027.378189 0.001603
5027.426137 0.001557
5027.474085 0.001511
5027.522033 0.001467
5027.569980 0.001424
5027.617928 0.001382
5027.665876 0.001342
5027.713824 0.001302
5027.761772 0.001264
5027.809720 0.001226
5027.857667 0.001190
5027.905615 0.001154
5027.953563 0.001120
5028.001511 0.001086
5028.049459 0.001054
5028.097407 0.001022
5028.145354 0.000991
5028.193302 0.000961
5028.241250 0.000932
5028.289198 0.000904
5028.337146 0.000876
5028.385094 0.000850
5028.433041 0.000824
5028.480989 0.000799
5028.528937 0.000774
5028.576885 0.000750
5028.624833 0.000727
5028.672781 0.000705
5028.720728 0.000683
5028.768676 0.000662
5028.816624 0.000641
5028.864572 0.000621
5028.912520 0.000602
5028.960468 0.000583
5029.008415 0.000564
5029.056363 0.000547
5029.104311 0.000529
5029.152259 0.000513
5029.200207 0.000496
5029.248155 0.000481
5029.296102 0.000465
5029.344050 0.000450
5029.391998 0.000436
5029.439946 0.000422
5029.487894 0.000409
5029.535842 0.000395
5029.583789 0.000383
5029.631737 0.000370
5029.679685 0.000358
5029.727633 0.000347
5029.775581 0.000335
5029.823529 0.000324
5029.871476 0.000314
5029.919424 0.000304
5029.967372 0.000294
5030.015320 0.000284
5030.063268 0.000275
5030.111216 0.000265
5030.159163 0.000257
5030.207111 0.000248
5030.255059 0.000240
5030.303007 0.000232
5030.350955 0.000224
5030.398903 0.000217
5030.446850 0.000209
5030.494798 0.000202
5030.542746 0.000196
5030.590694 0.000189
5030.638642 0.000183
5030.686590 0.000176
5030.734537 0.000170
5030.782485 0.000165
5030.830433 0.000159
5030.878381 0.000154
5030.926329 0.000148
5030.974277 0.000143
5031.022224 0.000138
5031.070172 0.000134
5031.118120 0.000129
5031.166068 0.000124
5031.214016 0.000120
5031.261964 0.000116
5031.309911 0.000112
5031.357859 0.000108
5031.405807 0.000104
5031.453755 0.000101
5031.501703 0.000097
5031.549651 0.000094
5031.597598 0.000090
5031.645546 0.000087
5031.693494 0.000084
5031.741442 0.000081
5031.789390 0.000078
5031.837338 0.000075
5031.885285 0.000073
5031.933233 0.000070
5031.981181 0.000068
5032.029129 0.000065
5032.077077 0.000063
5032.125025 0.000061
5032.172972 0.000058
5032.220920 0.000056
5032.268868 0.000054
5032.316816 0.000052
5032.364764 0.000050
5032.412712 0.000049
5032.460659 0.000047
5032.508607 0.000045
5032.556555 0.000043
5032.604503 0.000042
5032.652451 0.000040
5032.700399 0.000039
5032.748346 0.000037
5032.796294 0.000036
5032.844242 0.000035
5032.892190 0.000033
5032.940138 0.000032
5032.988086 0.000031
5033.036033 0.000030
5033.083981 0.000029
5033.131929 0.000028
5033.179877 0.000027
5033.227825 0.000026
5033.275773 0.000025
5033.323720 0.000024
5033.371668 0.000023
5033.419616 0.000022
5033.467564 0.000021
5033.515512 0.000020
5033.563460 0.000019
5033.611407 0.000019
5033.659355 0.000018
5033.707303 0.000017
5033.755251 0.000017
5033.803199 0.000016
5033.851147 0.000015
5033.899094 0.000015
5033.947042 0.000014
5033.994990 0.000014
5034.042938 0.000013
5034.090886 0.000013
5034.138834 0.000012
5034.186781 0.000012
5034.234729 0.000011
5034.282677 0.000011
5034.330625 0.000010
5034.378573 0.000010
5034.426521 0.000010
5034.474468 0.000009
5034.522416 0.000009
5034.570364 0.000008
5034.618312 0.000008
5034.666260 0.000008
5034.714208 0.000008
5034.762155 0.000007
5034.810103 0.000007
5034.858051 0.000007
5034.905999 0.000006
5034.953947 0.000006
5035.001895 0.000006
5035.049842 0.000006
5035.097790 0.000005
5035.145738 0.000005
5035.193686 0.000005
5035.241634 0.000005
5035.289581 0.000005
5035.337529 0.000004
5035.385477 0.000004
5035.433425 0.000004
5035.481373 0.000004
5035.529321 0.000004
5035.577268 0.000004
5035.625216 0.000003
5035.673164 0.000003
5035.721112 0.000003
5035.769060 0.000003
5035.817008 0.000003
5035.864955 0.000003
5035.912903 0.000003
5035.960851 0.000003
5036.008799 0.000002
5036.056747 0.000002
5036.104695 0.000002
5036.152642 0.000002
5036.200590 0.000002
5036.248538 0.000002
5036.296486 0.000002
5036.344434 0.000002
5036.392382 0.000002
5036.440329 0.000002
5036.488277 0.000002
5036.536225 0.000002
5036.584173 0.000001
5036.632121 0.000001
5036.680069 0.000001
5036.728016 0.000001
5036.775964 0.000001
5036.823912 0.000001
5036.871860 0.000001
5036.919808 0.000001
5036.967756 0.000001
5037.015703 0.000001
5037.063651 0.000001
5037.111599 0.000001
5037.159547 0.000001
5037.207495 0.000001
5037.255443 0.000001
5037.303390 0.000001
5037.351338 0.000001
5037.399286 0.000001
5037.447234 0.000001
5037.495182 0.000001
5037.543130 0.000001
5037.591077 0.000001
5037.639025 0.000001
5037.686973 0.000001
5037.734921 0.000001
5037.782869 0.000000
5037.830817 0.000000
5037.878764 0.000000
5037.926712 0.000000
5037.974660 0.000000
5038.022608 0.000000
5038.070556 0.000000
5038.118504 0.000000
5038.166451 0.000000
5038.214399 0.000000
5038.262347 0.000000
5038.310295 0.000000
5038.358243 0.000000
5038.406191 0.000000
5038.454138 0.000000
5038.502086 0.000000
5038.550034 0.000000
5038.597982 0.000000
5038.645930 0.000000
5038.693878 0.000000
5038.741825 0.000000
5038.789773 0.000000
5038.837721 0.000000
5038.885669 0.000000
5038.933617 0.000000
5038.981565 0.000000
5039.029512 0.000000
5039.077460 0.000000
5039.125408 0.000000
5039.173356 0.000000
5039.221304 0.000000
5039.269252 0.000000
5039.317199 0.000000
5039.365147 0.000000
5039.413095 0.000000
5039.461043 0.000000
5039.508991 0.000000
5039.556939 0.000000
5039.604886 0.000000
5039.652834 0.000000
5039.700782 0.000000
5039.748730 0.000000
5039.796678 0.000000
5039.844626 0.000000
5039.892573 0.000000
5039.940521 0.000000
5039.988469 0.000000
5040.036417 0.000000
5040.084365 0.000000
5040.132313 0.000000
5040.180260 0.000000
5040.228208 0.000000
5040.276156 0.000000
5040.324104 0.000000
5040.372052 0.000000
5040.420000 0.000000
5040.467947 0.000000
5040.515895 0.000000
5040.563843 0.000000
5040.611791 0.000000
5040.659739 0.000000
5040.707687 0.000000
5040.755634 0.000000
5040.803582 0.000000
5040.851530 0.000000
5040.899478 0.000000
5040.947426 0.000000
5040.995374 0.000000
5041.043321 0.000000
5041.091269 0.000000
5041.139217 0.000000
5041.187165 0.000000
5041.235113 0.000000
5041.283061 0.000000
5041.331008 0.000000
5041.378956 0.000000
5041.426904 0.000000
5041.474852 0.000000
5041.522800 0.000000
5041.570748 0.000000
5041.618695 0.000000
5041.666643 0.000000
5041.714591 0.000000
5041.762539 0.000000
5041.810487 0.000000
5041.858435 0.000000
5041.906382 0.000000
5041.954330 0.000000
5042.002278 0.000000
5042.050226 0.000000
5042.098174 0.000000
5042.146122 0.000000
5042.194069 0.000000
5042.242017 0.000000
5042.289965 0.000000
5042.337913 0.000000
5042.385861 0.000000
5042.433809 0.000000
5042.481756 0.000000
5042.529704 0.000000
5042.577652 0.000000
5042.625600 0.000000
5042.673548 0.000000
5042.721496 0.000000
5042.769443 0.000000
5042.817391 0.000000
5042.865339 0.000000
5042.913287 0.000000
5042.961235 0.000000
5043.009183 0.000000
5043.057130 0.000000
5043.105078 0.000000
5043.153026 0.000000
5043.200974 0.000000
5043.248922 0.000000
5043.296870 0.000000
5043.344817 0.000000
5043.392765 0.000000
5043.440713 0.000000
5043.488661 0.000000
5043.536609 0.000000
5043.584557 0.000000
5043.632504 0.000000
5043.680452 0.000000
5043.728400 0.000000
5043.776348 0.000000
5043.824296 0.000000
5043.872244 0.000000
5043.920191 0.000000
5043.968139 0.000000
5044.016087 0.000000
5044.064035 0.000000
5044.111983 0.000000
5044.159931 0.000000
5044.207878 0.000000
5044.255826 0.000000
5044.303774 0.000000
5044.351722 0.000000
5044.399670 0.000000
5044.447618 0.000000
5044.495565 0.000000
5044.543513 0.000000
5044.591461 0.000000
5044.639409 0.000000
5044.687357 0.000000
5044.735305 0.000000
5044.783252 0.000000
5044.831200 0.000000
5044.879148 0.000000
5044.927096 0.000000
5044.975044 0.000000
5045.022992 0.000000
5045.070939 0.000000
5045.118887 0.000000
5045.166835 0.000000
5045.214783 0.000000
5045.262731 0.000000
5045.310679 0.000000
5045.358626 0.000000
5045.406574 0.000000
5045.454522 0.000000
5045.502470 0.000000
5045.550418 0.000000
5045.598366 0.000000
5045.646313 0.000000
5045.694261 0.000000
5045.742209 0.000000
5045.790157 0.000000
5045.838105 0.000000
5045.886053 0.000000
5045.934000 0.000000
5045.981948 0.000000
5046.029896 0.000000
5046.077844 0.000000
5046.125792 0.000000
5046.173740 0.000000
5046.221687 0.000000
5046.269635 0.000000
5046.317583 0.000000
5046.365531 0.000000
5046.413479 0.000000
5046.461427 0.000000
5046.509374 0.000000
5046.557322 0.000000
5046.605270 0.000000
5046.653218 0.000000
5046.701166 0.000000
5046.749114 0.000000
5046.797061 0.000000
5046.845009 0.000000
5046.892957 0.000000
5046.940905 0.000000
5046.988853 0.000000
5047.036801 0.000000
5047.084748 0.000000
5047.132696 0.000000
5047.180644 0.000000
5047.228592 0.000000
5047.276540 0.000000
5047.324488 0.000000
5047.372435 0.000000
5047.420383 0.000000
5047.468331 0.000000
5047.516279 0.000000
5047.564227 0.000000
5047.612175 0.000000
5047.660122 0.000000
5047.708070 0.000000
5047.756018 0.000000
5047.803966 0.000000
5047.851914 0.000000
5047.899862 0.000000
5047.947809 0.000000
5047.995757 0.000000
5048.043705 0.000000
5048.091653 0.000000
5048.139601 0.000000
5048.187549 0.000000
5048.235496 0.000000
5048.283444 0.000000
5048.331392 0.000000
5048.379340 0.000000
5048.427288 0.000000
5048.475236 0.000000
5048.523183 0.000000
5048.571131 0.000000
5048.619079 0.000000
5048.667027 0.000000
5048.714975 0.000000
5048.762923 0.000000
5048.810870 0.000000
5048.858818 0.000000
5048.906766 0.000000
5048.954714 0.000000
5049.002662 0.000000
5049.050609 0.000000
5049.098557 0.000000
5049.146505 0.000000
5049.194453 0.000000
5049.242401 0.000000
5049.290349 0.000000
5049.338296 0.000000
5049.386244 0.000000
5049.434192 0.000000
5049.482140 0.000000
5049.530088 0.000000
5049.578036 0.000000
5049.625983 0.000000
5049.673931 0.000000
5049.721879 0.000000
5049.769827 0.000000
5049.817775 0.000000
5049.865723 0.000000
5049.913670 0.000000
5049.961618 0.000000
5050.009566 0.000000
5050.057514 0.000000
5050.105462 0.000000
5050.153410 0.000000
5050.201357 0.000000
5050.249305 0.000000
5050.297253 0.000000
5050.345201 0.000000
5050.393149 0.000000
5050.441097 0.000000
5050.489044 0.000000
5050.536992 0.000000
5050.584940 0.000000
5050.632888 0.000000
5050.680836 0.000000
5050.728784 0.000000
5050.776731 0.000000
5050.824679 0.000000
5050.872627 0.000000
5050.920575 0.000000
5050.968523 0.000000
5051.016471 0.000000
5051.064418 0.000000
5051.112366 0.000000
5051.160314 0.000000
5051.208262 0.000000
5051.256210 0.000000
5051.304158 0.000000
5051.352105 0.000000
5051.400053 0.000000
5051.448001 0.000000
5051.495949 0.000000
5051.543897 0.000000
5051.591845 0.000000
5051.639792 0.000000
5051.687740 0.000000
5051.735688 0.000000
5051.783636 0.000000
5051.831584 0.000000
5051.879532 0.000000
5051.927479 0.000000
5051.975427 0.000000
5052.023375 0.000000
5052.071323 0.000000
5052.119271 0.000000
5052.167219 0.000000
5052.215166 0.000000
5052.263114 0.000000
5052.311062 0.000000
5052.359010 0.000000
5052.406958 0.000000
5052.454906 0.000000
5052.502853 0.000000
5052.550801 0.000000
5052.598749 0.000000
5052.646697 0.000000
5052.694645 0.000000
5052.742593 0.000000
5052.790540 0.000000
5052.838488 0.000000
5052.886436 0.000000
5052.934384 0.000000
5052.982332 0.000000
5053.030280 0.000000
5053.078227 0.000000
5053.126175 0.000000
5053.174123 0.000000
5053.222071 0.000000
5053.270019 0.000000
5053.317967 0.000000
5053.365914 0.000000
5053.413862 0.000000
5053.461810 0.000000
5053.509758 0.000000
5053.557706 0.000000
5053.605654 0.000000
5053.653601 0.000000
5053.701549 0.000000
5053.749497 0.000000
5053.797445 0.000000
5053.845393 0.000000
5053.893341 0.000000
5053.941288 0.000000
5053.989236 0.000000
5054.037184 0.000000
5054.085132 0.000000
5054.133080 0.000000
5054.181028 0.000000
5054.228975 0.000000
5054.276923 0.000000
5054.324871 0.000000
5054.372819 0.000000
5054.420767 0.000000
5054.468715 0.000000
5054.516662 0.000000
5054.564610 0.000000
5054.612558 0.000000
5054.660506 0.000000
5054.708454 0.000000
5054.756402 0.000000
5054.804349 0.000000
5054.852297 0.000000
5054.900245 0.000000
5054.948193 0.000000
5054.996141 0.000000
5055.044089 0.000000
5055.092036 0.000000
5055.139984 0.000000
5055.187932 0.000000
5055.235880 0.000000
5055.283828 0.000000
5055.331776 0.000000
5055.379723 0.000000
5055.427671 0.000000
5055.475619 0.000000
5055.523567 0.000000
5055.571515 0.000000
5055.619463 0.000000
5055.667410 0.000000
5055.715358 0.000000
5055.763306 0.000000
5055.811254 0.000000
5055.859202 0.000000
5055.907150 0.000000
5055.955097 0.000000
5056.003045 0.000000
5056.050993 0.000000
5056.098941 0.000000
5056.146889 0.000000
5056.194837 0.000000
5056.242784 0.000000
5056.290732 0.000000
5056.338680 0.000000
5056.386628 0.000000
5056.434576 0.000000
5056.482524 0.000000
5056.530471 0.000000
5056.578419 0.000000
5056.626367 0.000000
5056.674315 0.000000
5056.722263 0.000000
5056.770211 0.000000
5056.818158 0.000000
5056.866106 0.000000
5056.914054 0.000000
5056.962002 0.000000
5057.009950 0.000000
5057.057898 0.000000
5057.105845 0.000000
5057.153793 0.000000
5057.201741 0.000000
5057.249689 0.000000
5057.297637 0.000000
5057.345585 0.000000
5057.393532 0.000000
5057.441480 0.000000
5057.489428 0.000000
5057.537376 0.000000
5057.585324 0.000000
5057.633272 0.000000
5057.681219 0.000000
5057.729167 0.000000
5057.777115 0.000000
5057.825063 0.000000
5057.873011 0.000000
5057.920959 0.000000
5057.968906 0.000000
5058.016854 0.000000
5058.064802 0.000000
5058.112750 0.000000
5058.160698 0.000000
5058.208646 0.000000
5058.256593 0.000000
5058.304541 0.000000
5058.352489 0.000000
5058.400437 0.000000
5058.448385 0.000000
5058.496333 0.000000
5058.544280 0.000000
5058.592228 0.000000
5058.640176 0.000000
5058.688124 0.000000
5058.736072 0.000000
5058.784020 0.000000
5058.831967 0.000000
5058.879915 0.000000
5058.927863 0.000000
5058.975811 0.000000
5059.023759 0.000000
5059.071707 0.000000
5059.119654 0.000000
5059.167602 0.000000
5059.215550 0.000000
5059.263498 0.000000
5059.311446 0.000000
5059.359394 0.000000
5059.407341 0.000000
5059.455289 0.000000
5059.503237 0.000000
5059.551185 0.000000
5059.599133 0.000000
5059.647081 0.000000
5059.695028 0.000000
5059.742976 0.000000
5059.790924 0.000000
5059.838872 0.000000
5059.886820 0.000000
5059.934768 0.000000
5059.982715 0.000000
5060.030663 0.000000
5060.078611 0.000000
5060.126559 0.000000
5060.174507 0.000000
5060.222455 0.000000
5060.270402 0.000000
5060.318350 0.000000
5060.366298 0.000000
5060.414246 0.000000
5060.462194 0.000000
5060.510142 0.000000
5060.558089 0.000000
5060.606037 0.000000
5060.653985 0.000000
5060.701933 0.000000
5060.749881 0.000000
5060.797829 0.000000
5060.845776 0.000000
5060.893724 0.000000
5060.941672 0.000000
5060.989620 0.000000
5061.037568 0.000000
5061.085516 0.000000
5061.133463 0.000000
5061.181411 0.000000
5061.229359 0.000000
5061.277307 0.000000
5061.325255 0.000000
5061.373203 0.000000
5061.421150 0.000000
5061.469098 0.000000
5061.517046 0.000000
5061.564994 0.000000
5061.612942 0.000000
5061.660890 0.000000
5061.708837 0.000000
5061.756785 0.000000
5061.804733 0.000000
5061.852681 0.000000
5061.900629 0.000000
5061.948577 0.000000
5061.996524 0.000000
5062.044472 0.000000
5062.092420 0.000000
5062.140368 0.000000
5062.188316 0.000000
5062.236264 0.000000
5062.284211 0.000000
5062.332159 0.000000
5062.380107 0.000000
5062.428055 0.000000
5062.476003 0.000000
5062.523951 0.000000
5062.571898 0.000000
5062.619846 0.000000
5062.667794 0.000000
5062.715742 0.000000
5062.763690 0.000000
5062.811638 0.000000
5062.859585 0.000000
5062.907533 0.000000
5062.955481 0.000000
5063.003429 0.000000
5063.051377 0.000000
5063.099324 0.000000
5063.147272 0.000000
5063.195220 0.000000
5063.243168 0.000000
5063.291116 0.000000
5063.339064 0.000000
5063.387011 0.000000
5063.434959 0.000000
5063.482907 0.000000
5063.530855 0.000000
5063.578803 0.000000
5063.626751 0.000000
5063.674698 0.000000
5063.722646 0.000000
5063.770594 0.000000
5063.818542 0.000000
5063.866490 0.000000
5063.914438 0.000000
5063.962385 0.000000
5064.010333 0.000000
5064.058281 0.000000
5064.106229 0.000000
5064.154177 0.000000
5064.202125 0.000000
5064.250072 0.000000
5064.298020 0.000000
5064.345968 0.000000
5064.393916 0.000000
5064.441864 0.000000
5064.489812 0.000000
5064.537759 0.000000
5064.585707 0.000000
5064.633655 0.000000
5064.681603 0.000000
5064.729551 0.000000
5064.777499 0.000000
5064.825446 0.000000
5064.873394 0.000000
5064.921342 0.000000
5064.969290 0.000000
5065.017238 0.000000
5065.065186 0.000000
5065.113133 0.000000
5065.161081 0.000000
5065.209029 0.000000
5065.256977 0.000000
5065.304925 0.000000
5065.352873 0.000000
5065.400820 0.000000
5065.448768 0.000000
5065.496716 0.000000
5065.544664 0.000000
5065.592612 0.000000
5065.640560 0.000000
5065.688507 0.000000
5065.736455 0.000000
5065.784403 0.000000
5065.832351 0.000000
5065.880299 0.000000
5065.928247 0.000000
5065.976194 0.000000
5066.024142 0.000000
5066.072090 0.000000
5066.120038 0.000000
5066.167986 0.000000
5066.215934 0.000000
5066.263881 0.000000
5066.311829 0.000000
5066.359777 0.000000
5066.407725 0.000000
5066.455673 0.000000
5066.503621 0.000000
5066.551568 0.000000
5066.599516 0.000000
5066.647464 0.000000
5066.695412 0.000000
5066.743360 0.000000
5066.791308 0.000000
5066.839255 0.000000
5066.887203 0.000000
5066.935151 0.000000
5066.983099 0.000000
5067.031047 0.000000
5067.078995 0.000000
5067.126942 0.000000
5067.174890 0.000000
5067.222838 0.000000
5067.270786 0.000000
5067.318734 0.000000
5067.366682 0.000000
5067.414629 0.000000
5067.462577 0.000000
5067.510525 0.000000
5067.558473 0.000000
5067.606421 0.000000
5067.654369 0.000000
5067.702316 0.000000
5067.750264 0.000000
5067.798212 0.000000
5067.846160 0.000000
5067.894108 0.000000
5067.942056 0.000000
5067.990003 0.000000
5068.037951 0.000000
5068.085899 0.000000
5068.133847 0.000000
5068.181795 0.000000
5068.229743 0.000000
5068.277690 0.000000
5068.325638 0.000000
5068.373586 0.000000
5068.421534 0.000000
5068.469482 0.000000
5068.517430 0.000000
5068.565377 0.000000
5068.613325 0.000000
5068.661273 0.000000
5068.709221 0.000000
5068.757169 0.000000
5068.805117 0.000000
5068.853064 0.000000
5068.901012 0.000000
5068.948960 0.000000
5068.996908 0.000000
5069.044856 0.000000
5069.092804 0.000000
5069.140751 0.000000
5069.188699 0.000000
5069.236647 0.000000
5069.284595 0.000000
5069.332543 0.000000
5069.380491 0.000000
5069.428438 0.000000
5069.476386 0.000000
5069.524334 0.000000
5069.572282 0.000000
5069.620230 0.000000
5069.668178 0.000000
5069.716125 0.000000
5069.764073 0.000000
5069.812021 0.000000
5069.859969 0.000000
5069.907917 0.000000
5069.955865 0.000000
