4900.037552 0.000000
4900.084470 0.000000
4900.131387 0.000000
4900.178305 0.000000
4900.225222 0.000000
4900.272140 0.000000
4900.319057 0.000000
4900.365975 0.000000
4900.412892 0.000000
4900.459810 0.000000
4900.506728 0.000000
4900.553645 0.000000
4900.600563 0.000000
4900.647480 0.000000
4900.694398 0.000000
4900.741315 0.000000
4900.788233 0.000000
4900.835150 0.000000
4900.882068 0.000000
4900.928985 0.000000
4900.975903 0.000000
4901.022820 0.000000
4901.069738 0.000000
4901.116655 0.000000
4901.163573 0.000000
4901.210490 0.000000
4901.257408 0.000000
4901.304325 0.000000
4901.351243 0.000000
4901.398160 0.000000
4901.445078 0.000000
4901.491995 0.000000
4901.538913 0.000000
4901.585830 0.000000
4901.632748 0.000000
4901.679666 0.000000
4901.726583 0.000000
4901.773501 0.000000
4901.820418 0.000000
4901.867336 0.000000
4901.914253 0.000000
4901.961171 0.000000
4902.008088 0.000000
4902.055006 0.000000
4902.101923 0.000000
4902.148841 0.000000
4902.195758 0.000000
4902.242676 0.000000
4902.289593 0.000000
4902.336511 0.000000
4902.383428 0.000000
4902.430346 0.000000
4902.477263 0.000000
4902.524181 0.000000
4902.571098 0.000000
4902.618016 0.000000
4902.664933 0.000000
4902.711851 0.000000
4902.758768 0.000000
4902.805686 0.000000
4902.852603 0.000000
4902.899521 0.000000
4902.946439 0.000000
4902.993356 0.000000
4903.040274 0.000000
4903.087191 0.000000
4903.134109 0.000000
4903.181026 0.000000
4903.227944 0.000000
4903.274861 0.000000
4903.321779 0.000000
4903.368696 0.000000
4903.415614 0.000000
4903.462531 0.000000
4903.509449 0.000000
4903.556366 0.000000
4903.603284 0.000000
4903.650201 0.000000
4903.697119 0.000000
4903.744036 0.000000
4903.790954 0.000000
4903.837871 0.000000
4903.884789 0.000000
4903.931706 0.000000
4903.978624 0.000000
4904.025541 0.000000
4904.072459 0.000000
4904.119376 0.000000
4904.166294 0.000000
4904.213212 0.000000
4904.260129 0.000000
4904.307047 0.000000
4904.353964 0.000000
4904.400882 0.000000
4904.447799 0.000000
4904.494717 0.000000
4904.541634 0.000000
4904.588552 0.000000
4904.635469 0.000000
4904.682387 0.000000
4904.729304 0.000000
4904.776222 0.000000
4904.823139 0.000000
4904.870057 0.000000
4904.916974 0.000000
4904.963892 0.000000
4905.010809 0.000000
4905.057727 0.000000
4905.104644 0.000000
4905.151562 0.000000
4905.198479 0.000000
4905.245397 0.000000
4905.292314 0.000000
4905.339232 0.000000
4905.386150 0.000000
4905.433067 0.000000
4905.479985 0.000000
4905.526902 0.000000
4905.573820 0.000000
4905.620737 0.000000
4905.667655 0.000000
4905.714572 0.000000
4905.761490 0.000000
4905.808407 0.000000
4905.855325 0.000000
4905.902242 0.000000
4905.949160 0.000000
4905.996077 0.000000
4906.042995 0.000000
4906.089912 0.000000
4906.136830 0.000000
4906.183747 0.000000
4906.230665 0.000000
4906.277582 0.000000
4906.324500 0.000000
4906.371417 0.000000
4906.418335 0.000000
4906.465252 0.000000
4906.512170 0.000000
4906.559087 0.000000
4906.606005 0.000000
4906.652923 0.000000
4906.699840 0.000000
4906.746758 0.000000
4906.793675 0.000000
4906.840593 0.000000
4906.887510 0.000000
4906.934428 0.000000
4906.981345 0.000000
4907.028263 0.000000
4907.075180 0.000000
4907.122098 0.000000
4907.169015 0.000000
4907.215933 0.000000
4907.262850 0.000000
4907.309768 0.000000
4907.356685 0.000000
4907.403603 0.000000
4907.450520 0.000000
4907.497438 0.000000
4907.544355 0.000000
4907.591273 0.000000
4907.638190 0.000000
4907.685108 0.000000
4907.732025 0.000000
4907.778943 0.000000
4907.825860 0.000000
4907.872778 0.000000
4907.919696 0.000000
4907.966613 0.000000
4908.013531 0.000000
4908.060448 0.000000
4908.107366 0.000000
4908.154283 0.000000
4908.201201 0.000000
4908.248118 0.000000
4908.295036 0.000000
4908.341953 0.000000
4908.388871 0.000000
4908.435788 0.000000
4908.482706 0.000000
4908.529623 0.000000
4908.576541 0.000000
4908.623458 0.000000
4908.670376 0.000000
4908.717293 0.000000
4908.764211 0.000000
4908.811128 0.000000
4908.858046 0.000000
4908.904963 0.000000
4908.951881 0.000000
4908.998798 0.000000
4909.045716 0.000000
4909.092634 0.000000
4909.139551 0.000000
4909.186469 0.000000
4909.233386 0.000000
4909.280304 0.000000
4909.327221 0.000000
4909.374139 0.000000
4909.421056 0.000000
4909.467974 0.000000
4909.514891 0.000000
4909.561809 0.000000
4909.608726 0.000000
4909.655644 0.000000
4909.702561 0.000000
4909.749479 0.000000
4909.796396 0.000000
4909.843314 0.000000
4909.890231 0.000000
4909.937149 0.000000
4909.984066 0.000000
4910.030984 0.000000
4910.077901 0.000000
4910.124819 0.000000
4910.171736 0.000000
4910.218654 0.000000
4910.265571 0.000000
4910.312489 0.000000
4910.359407 0.000000
4910.406324 0.000000
4910.453242 0.000000
4910.500159 0.000000
4910.547077 0.000000
4910.593994 0.000000
4910.640912 0.000000
4910.687829 0.000000
4910.734747 0.000000
4910.781664 0.000000
4910.828582 0.000000
4910.875499 0.000000
4910.922417 0.000000
4910.969334 0.000000
4911.016252 0.000000
4911.063169 0.000000
4911.110087 0.000000
4911.157004 0.000000
4911.203922 0.000000
4911.250839 0.000000
4911.297757 0.000000
4911.344674 0.000000
4911.391592 0.000000
4911.438509 0.000000
4911.485427 0.000000
4911.532344 0.000000
4911.579262 0.000000
4911.626180 0.000000
4911.673097 0.000000
4911.720015 0.000000
4911.766932 0.000000
4911.813850 0.000000
4911.860767 0.000000
4911.907685 0.000000
4911.954602 0.000000
4912.001520 0.000000
4912.048437 0.000000
4912.095355 0.000000
4912.142272 0.000000
4912.189190 0.000000
4912.236107 0.000000
4912.283025 0.000000
4912.329942 0.000000
4912.376860 0.000000
4912.423777 0.000000
4912.470695 0.000000
4912.517612 0.000000
4912.564530 0.000000
4912.611447 0.000000
4912.658365 0.000000
4912.705282 0.000000
4912.752200 0.000000
4912.799118 0.000000
4912.846035 0.000000
4912.892953 0.000000
4912.939870 0.000000
4912.986788 0.000000
4913.033705 0.000000
4913.080623 0.000000
4913.127540 0.000000
4913.174458 0.000000
4913.221375 0.000000
4913.268293 0.000000
4913.315210 0.000000
4913.362128 0.000000
4913.409045 0.000000
4913.455963 0.000000
4913.502880 0.000000
4913.549798 0.000000
4913.596715 0.000000
4913.643633 0.000000
4913.690550 0.000000
4913.737468 0.000000
4913.784385 0.000000
4913.831303 0.000000
4913.878220 0.000000
4913.925138 0.000000
4913.972055 0.000000
4914.018973 0.000000
4914.065891 0.000000
4914.112808 0.000000
4914.159726 0.000000
4914.206643 0.000000
4914.253561 0.000000
4914.300478 0.000000
4914.347396 0.000000
4914.394313 0.000000
4914.441231 0.000000
4914.488148 0.000000
4914.535066 0.000000
4914.581983 0.000000
4914.628901 0.000000
4914.675818 0.000000
4914.722736 0.000000
4914.769653 0.000000
4914.816571 0.000000
4914.863488 0.000000
4914.910406 0.000000
4914.957323 0.000000
4915.004241 0.000000
4915.051158 0.000000
4915.098076 0.000000
4915.144993 0.000000
4915.191911 0.000000
4915.238828 0.000000
4915.285746 0.000000
4915.332664 0.000000
4915.379581 0.000000
4915.426499 0.000000
4915.473416 0.000000
4915.520334 0.000000
4915.567251 0.000000
4915.614169 0.000000
4915.661086 0.000000
4915.708004 0.000000
4915.754921 0.000000
4915.801839 0.000000
4915.848756 0.000000
4915.895674 0.000000
4915.942591 0.000000
4915.989509 0.000000
4916.036426 0.000000
4916.083344 0.000000
4916.130261 0.000000
4916.177179 0.000000
4916.224096 0.000000
4916.271014 0.000000
4916.317931 0.000000
4916.364849 0.000000
4916.411766 0.000000
4916.458684 0.000000
4916.505602 0.000000
4916.552519 0.000000
4916.599437 0.000000
4916.646354 0.000000
4916.693272 0.000000
4916.740189 0.000000
4916.787107 0.000000
4916.834024 0.000000
4916.880942 0.000000
4916.927859 0.000000
4916.974777 0.000000
4917.021694 0.000000
4917.068612 0.000000
4917.115529 0.000000
4917.162447 0.000000
4917.209364 0.000000
4917.256282 0.000000
4917.303199 0.000000
4917.350117 0.000000
4917.397034 0.000000
4917.443952 0.000000
4917.490869 0.000000
4917.537787 0.000000
4917.584704 0.000000
4917.631622 0.000000
4917.678539 0.000000
4917.725457 0.000000
4917.772375 0.000000
4917.819292 0.000000
4917.866210 0.000000
4917.913127 0.000000
4917.960045 0.000000
4918.006962 0.000000
4918.053880 0.000000
4918.100797 0.000000
4918.147715 0.000000
4918.194632 0.000000
4918.241550 0.000000
4918.288467 0.000000
4918.335385 0.000000
4918.382302 0.000000
4918.429220 0.000000
4918.476137 0.000000
4918.523055 0.000000
4918.569972 0.000000
4918.616890 0.000000
4918.663807 0.000000
4918.710725 0.000000
4918.757642 0.000000
4918.804560 0.000000
4918.851477 0.000000
4918.898395 0.000000
4918.945312 0.000000
4918.992230 0.000000
4919.039148 0.000000
4919.086065 0.000000
4919.132983 0.000000
4919.179900 0.000000
4919.226818 0.000000
4919.273735 0.000000
4919.320653 0.000000
4919.367570 0.000000
4919.414488 0.000000
4919.461405 0.000000
4919.508323 0.000000
4919.555240 0.000000
4919.602158 0.000000
4919.649075 0.000000
4919.695993 0.000000
4919.742910 0.000000
4919.789828 0.000000
4919.836745 0.000000
4919.883663 0.000000
4919.930580 0.000000
4919.977498 0.000000
4920.024415 0.000000
4920.071333 0.000000
4920.118250 0.000000
4920.165168 0.000000
4920.212086 0.000000
4920.259003 0.000000
4920.305921 0.000000
4920.352838 0.000000
4920.399756 0.000000
4920.446673 0.000000
4920.493591 0.000000
4920.540508 0.000000
4920.587426 0.000000
4920.634343 0.000000
4920.681261 0.000000
4920.728178 0.000000
4920.775096 0.000000
4920.822013 0.000000
4920.868931 0.000000
4920.915848 0.000000
4920.962766 0.000000
4921.009683 0.000000
4921.056601 0.000000
4921.103518 0.000000
4921.150436 0.000000
4921.197353 0.000000
4921.244271 0.000000
4921.291188 0.000000
4921.338106 0.000000
4921.385023 0.000000
4921.431941 0.000000
4921.478859 0.000000
4921.525776 0.000000
4921.572694 0.000000
4921.619611 0.000000
4921.666529 0.000000
4921.713446 0.000000
4921.760364 0.000000
4921.807281 0.000000
4921.854199 0.000000
4921.901116 0.000000
4921.948034 0.000000
4921.994951 0.000000
4922.041869 0.000000
4922.088786 0.000000
4922.135704 0.000000
4922.182621 0.000000
4922.229539 0.000000
4922.276456 0.000000
4922.323374 0.000000
4922.370291 0.000000
4922.417209 0.000000
4922.464126 0.000000
4922.511044 0.000000
4922.557961 0.000000
4922.604879 0.000000
4922.651797 0.000000
4922.698714 0.000000
4922.745632 0.000000
4922.792549 0.000000
4922.839467 0.000000
4922.886384 0.000000
4922.933302 0.000000
4922.980219 0.000000
4923.027137 0.000000
4923.074054 0.000000
4923.120972 0.000000
4923.167889 0.000000
4923.214807 0.000000
4923.261724 0.000000
4923.308642 0.000000
4923.355559 0.000000
4923.402477 0.000000
4923.449394 0.000000
4923.496312 0.000000
4923.543229 0.000000
4923.590147 0.000000
4923.637064 0.000000
4923.683982 0.000000
4923.730899 0.000000
4923.777817 0.000000
4923.824734 0.000000
4923.871652 0.000000
4923.918570 0.000000
4923.965487 0.000000
4924.012405 0.000000
4924.059322 0.000000
4924.106240 0.000000
4924.153157 0.000000
4924.200075 0.000000
4924.246992 0.000000
4924.293910 0.000000
4924.340827 0.000000
4924.387745 0.000000
4924.434662 0.000000
4924.481580 0.000000
4924.528497 0.000000
4924.575415 0.000000
4924.622332 0.000000
4924.669250 0.000000
4924.716167 0.000000
4924.763085 0.000000
4924.810002 0.000000
4924.856920 0.000000
4924.903837 0.000000
4924.950755 0.000000
4924.997672 0.000000
4925.044590 0.000000
4925.091507 0.000000
4925.138425 0.000000
4925.185343 0.000000
4925.232260 0.000000
4925.279178 0.000000
4925.326095 0.000000
4925.373013 0.000000
4925.419930 0.000000
4925.466848 0.000000
4925.513765 0.000000
4925.560683 0.000000
4925.607600 0.000000
4925.654518 0.000000
4925.701435 0.000000
4925.748353 0.000000
4925.795270 0.000000
4925.842188 0.000000
4925.889105 0.000000
4925.936023 0.000000
4925.982940 0.000000
4926.029858 0.000000
4926.076775 0.000000
4926.123693 0.000000
4926.170610 0.000000
4926.217528 0.000000
4926.264445 0.000000
4926.311363 0.000000
4926.358281 0.000000
4926.405198 0.000000
4926.452116 0.000000
4926.499033 0.000000
4926.545951 0.000000
4926.592868 0.000000
4926.639786 0.000000
4926.686703 0.000000
4926.733621 0.000000
4926.780538 0.000000
4926.827456 0.000000
4926.874373 0.000000
4926.921291 0.000000
4926.968208 0.000000
4927.015126 0.000000
4927.062043 0.000000
4927.108961 0.000000
4927.155878 0.000000
4927.202796 0.000000
4927.249713 0.000000
4927.296631 0.000000
4927.343548 0.000000
4927.390466 0.000000
4927.437383 0.000000
4927.484301 0.000000
4927.531218 0.000000
4927.578136 0.000000
4927.625054 0.000000
4927.671971 0.000000
4927.718889 0.000000
4927.765806 0.000000
4927.812724 0.000000
4927.859641 0.000000
4927.906559 0.000000
4927.953476 0.000000
4928.000394 0.000000
4928.047311 0.000000
4928.094229 0.000000
4928.141146 0.000000
4928.188064 0.000000
4928.234981 0.000000
4928.281899 0.000000
4928.328816 0.000000
4928.375734 0.000000
4928.422651 0.000000
4928.469569 0.000000
4928.516486 0.000000
4928.563404 0.000000
4928.610321 0.000000
4928.657239 0.000000
4928.704156 0.000000
4928.751074 0.000000
4928.797991 0.000000
4928.844909 0.000000
4928.891827 0.000000
4928.938744 0.000000
4928.985662 0.000000
4929.032579 0.000000
4929.079497 0.000000
4929.126414 0.000000
4929.173332 0.000000
4929.220249 0.000000
4929.267167 0.000000
4929.314084 0.000000
4929.361002 0.000000
4929.407919 0.000000
4929.454837 0.000000
4929.501754 0.000000
4929.548672 0.000000
4929.595589 0.000000
4929.642507 0.000000
4929.689424 0.000000
4929.736342 0.000000
4929.783259 0.000000
4929.830177 0.000000
4929.877094 0.000000
4929.924012 0.000000
4929.970929 0.000000
4930.017847 0.000000
4930.064765 0.000000
4930.111682 0.000000
4930.158600 0.000000
4930.205517 0.000000
4930.252435 0.000000
4930.299352 0.000000
4930.346270 0.000000
4930.393187 0.000000
4930.440105 0.000000
4930.487022 0.000000
4930.533940 0.000000
4930.580857 0.000000
4930.627775 0.000000
4930.674692 0.000000
4930.721610 0.000000
4930.768527 0.000000
4930.815445 0.000000
4930.862362 0.000000
4930.909280 0.000000
4930.956197 0.000000
4931.003115 0.000000
4931.050032 0.000000
4931.096950 0.000000
4931.143867 0.000000
4931.190785 0.000000
4931.237702 0.000000
4931.284620 0.000000
4931.331538 0.000000
4931.378455 0.000000
4931.425373 0.000000
4931.472290 0.000000
4931.519208 0.000000
4931.566125 0.000000
4931.613043 0.000000
4931.659960 0.000000
4931.706878 0.000000
4931.753795 0.000000
4931.800713 0.000000
4931.847630 0.000000
4931.894548 0.000000
4931.941465 0.000000
4931.988383 0.000000
4932.035300 0.000000
4932.082218 0.000000
4932.129135 0.000000
4932.176053 0.000000
4932.222970 0.000000
4932.269888 0.000000
4932.316805 0.000000
4932.363723 0.000000
4932.410640 0.000000
4932.457558 0.000000
4932.504475 0.000000
4932.551393 0.000000
4932.598311 0.000000
4932.645228 0.000000
4932.692146 0.000000
4932.739063 0.000000
4932.785981 0.000000
4932.832898 0.000000
4932.879816 0.000000
4932.926733 0.000000
4932.973651 0.000000
4933.020568 0.000000
4933.067486 0.000000
4933.114403 0.000000
4933.161321 0.000000
4933.208238 0.000000
4933.255156 0.000000
4933.302073 0.000000
4933.348991 0.000000
4933.395908 0.000000
4933.442826 0.000000
4933.489743 0.000000
4933.536661 0.000000
4933.583578 0.000000
4933.630496 0.000000
4933.677413 0.000000
4933.724331 0.000000
4933.771249 0.000000
4933.818166 0.000000
4933.865084 0.000000
4933.912001 0.000000
4933.958919 0.000000
4934.005836 0.000000
4934.052754 0.000000
4934.099671 0.000000
4934.146589 0.000000
4934.193506 0.000000
4934.240424 0.000000
4934.287341 0.000000
4934.334259 0.000000
4934.381176 0.000000
4934.428094 0.000000
4934.475011 0.000000
4934.521929 0.000000
4934.568846 0.000000
4934.615764 0.000000
4934.662681 0.000000
4934.709599 0.000000
4934.756516 0.000000
4934.803434 0.000000
4934.850351 0.000000
4934.897269 0.000000
4934.944186 0.000000
4934.991104 0.000000
4935.038022 0.000000
4935.084939 0.000000
4935.131857 0.000000
4935.178774 0.000000
4935.225692 0.000000
4935.272609 0.000000
4935.319527 0.000000
4935.366444 0.000000
4935.413362 0.000000
4935.460279 0.000000
4935.507197 0.000000
4935.554114 0.000000
4935.601032 0.000000
4935.647949 0.000000
4935.694867 0.000000
4935.741784 0.000000
4935.788702 0.000000
4935.835619 0.000000
4935.882537 0.000000
4935.929454 0.000000
4935.976372 0.000000
4936.023289 0.000000
4936.070207 0.000000
4936.117124 0.000000
4936.164042 0.000000
4936.210959 0.000000
4936.257877 0.000000
4936.304795 0.000000
4936.351712 0.000000
4936.398630 0.000000
4936.445547 0.000000
4936.492465 0.000000
4936.539382 0.000000
4936.586300 0.000000
4936.633217 0.000000
4936.680135 0.000000
4936.727052 0.000000
4936.773970 0.000000
4936.820887 0.000000
4936.867805 0.000000
4936.914722 0.000000
4936.961640 0.000000
4937.008557 0.000000
4937.055475 0.000000
4937.102392 0.000000
4937.149310 0.000000
4937.196227 0.000000
4937.243145 0.000000
4937.290062 0.000000
4937.336980 0.000000
4937.383897 0.000000
4937.430815 0.000000
4937.477733 0.000000
4937.524650 0.000000
4937.571568 0.000000
4937.618485 0.000000
4937.665403 0.000000
4937.712320 0.000000
4937.759238 0.000000
4937.806155 0.000000
4937.853073 0.000000
4937.899990 0.000000
4937.946908 0.000000
4937.993825 0.000000
4938.040743 0.000000
4938.087660 0.000000
4938.134578 0.000000
4938.181495 0.000000
4938.228413 0.000000
4938.275330 0.000000
4938.322248 0.000000
4938.369165 0.000000
4938.416083 0.000000
4938.463000 0.000000
4938.509918 0.000000
4938.556835 0.000000
4938.603753 0.000000
4938.650670 0.000000
4938.697588 0.000000
4938.744506 0.000000
4938.791423 0.000000
4938.838341 0.000000
4938.885258 0.000000
4938.932176 0.000000
4938.979093 0.000000
4939.026011 0.000000
4939.072928 0.000000
4939.119846 0.000000
4939.166763 0.000000
4939.213681 0.000000
4939.260598 0.000000
4939.307516 0.000000
4939.354433 0.000000
4939.401351 0.000000
4939.448268 0.000000
4939.495186 0.000000
4939.542103 0.000000
4939.589021 0.000000
4939.635938 0.000000
4939.682856 0.000000
4939.729773 0.000000
4939.776691 0.000000
4939.823608 0.000000
4939.870526 0.000000
4939.917443 0.000000
4939.964361 0.000000
4940.011279 0.000000
4940.058196 0.000000
4940.105114 0.000000
4940.152031 0.000000
4940.198949 0.000000
4940.245866 0.000000
4940.292784 0.000000
4940.339701 0.000000
4940.386619 0.000000
4940.433536 0.000000
4940.480454 0.000000
4940.527371 0.000000
4940.574289 0.000000
4940.621206 0.000000
4940.668124 0.000000
4940.715041 0.000000
4940.761959 0.000000
4940.808876 0.000000
4940.855794 0.000000
4940.902711 0.000000
4940.949629 0.000000
4940.996546 0.000000
4941.043464 0.000000
4941.090381 0.000000
4941.137299 0.000000
4941.184217 0.000000
4941.231134 0.000000
4941.278052 0.000000
4941.324969 0.000000
4941.371887 0.000000
4941.418804 0.000000
4941.465722 0.000000
4941.512639 0.000000
4941.559557 0.000000
4941.606474 0.000000
4941.653392 0.000000
4941.700309 0.000000
4941.747227 0.000000
4941.794144 0.000000
4941.841062 0.000000
4941.887979 0.000000
4941.934897 0.000000
4941.981814 0.000000
4942.028732 0.000000
4942.075649 0.000000
4942.122567 0.000000
4942.169484 0.000000
4942.216402 0.000000
4942.263319 0.000000
4942.310237 0.000000
4942.357154 0.000000
4942.404072 0.000000
4942.450990 0.000000
4942.497907 0.000000
4942.544825 0.000000
4942.591742 0.000000
4942.638660 0.000000
4942.685577 0.000000
4942.732495 0.000000
4942.779412 0.000000
4942.826330 0.000000
4942.873247 0.000000
4942.920165 0.000000
4942.967082 0.000000
4943.014000 0.000000
4943.060917 0.000000
4943.107835 0.000000
4943.154752 0.000000
4943.201670 0.000000
4943.248587 0.000000
4943.295505 0.000000
4943.342422 0.000000
4943.389340 0.000000
4943.436257 0.000000
4943.483175 0.000000
4943.530092 0.000000
4943.577010 0.000000
4943.623927 0.000000
4943.670845 0.000000
4943.717763 0.000000
4943.764680 0.000000
4943.811598 0.000000
4943.858515 0.000000
4943.905433 0.000000
4943.952350 0.000000
4943.999268 0.000000
4944.046185 0.000000
4944.093103 0.000000
4944.140020 0.000000
4944.186938 0.000000
4944.233855 0.000000
4944.280773 0.000000
4944.327690 0.000000
4944.374608 0.000000
4944.421525 0.000000
4944.468443 0.000000
4944.515360 0.000000
4944.562278 0.000000
4944.609195 0.000000
4944.656113 0.000000
4944.703030 0.000000
4944.749948 0.000000
4944.796865 0.000000
4944.843783 0.000000
4944.890701 0.000000
4944.937618 0.000000
4944.984536 0.000000
4945.031453 0.000000
4945.078371 0.000000
4945.125288 0.000000
4945.172206 0.000000
4945.219123 0.000000
4945.266041 0.000000
4945.312958 0.000000
4945.359876 0.000000
4945.406793 0.000000
4945.453711 0.000000
4945.500628 0.000000
4945.547546 0.000000
4945.594463 0.000000
4945.641381 0.000000
4945.688298 0.000000
4945.735216 0.000000
4945.782133 0.000000
4945.829051 0.000000
4945.875968 0.000000
4945.922886 0.000000
4945.969803 0.000000
4946.016721 0.000000
4946.063638 0.000000
4946.110556 0.000000
4946.157474 0.000000
4946.204391 0.000000
4946.251309 0.000000
4946.298226 0.000000
4946.345144 0.000000
4946.392061 0.000000
4946.438979 0.000000
4946.485896 0.000000
4946.532814 0.000000
4946.579731 0.000000
4946.626649 0.000000
4946.673566 0.000000
4946.720484 0.000000
4946.767401 0.000000
4946.814319 0.000000
4946.861236 0.000000
4946.908154 0.000000
4946.955071 0.000000
4947.001989 0.000000
4947.048906 0.000000
4947.095824 0.000000
4947.142741 0.000000
4947.189659 0.000000
4947.236576 0.000000
4947.283494 0.000000
4947.330411 0.000000
4947.377329 0.000000
4947.424247 0.000000
4947.471164 0.000000
4947.518082 0.000000
4947.564999 0.000000
4947.611917 0.000000
4947.658834 0.000000
4947.705752 0.000000
4947.752669 0.000000
4947.799587 0.000000
4947.846504 0.000000
4947.893422 0.000000
4947.940339 0.000000
4947.987257 0.000000
4948.034174 0.000000
4948.081092 0.000000
4948.128009 0.000000
4948.174927 0.000000
4948.221844 0.000000
4948.268762 0.000000
4948.315679 0.000000
4948.362597 0.000000
4948.409514 0.000000
4948.456432 0.000000
4948.503349 0.000000
4948.550267 0.000000
4948.597185 0.000000
4948.644102 0.000000
4948.691020 0.000000
4948.737937 0.000000
4948.784855 0.000000
4948.831772 0.000000
4948.878690 0.000000
4948.925607 0.000000
4948.972525 0.000000
4949.019442 0.000000
4949.066360 0.000000
4949.113277 0.000000
4949.160195 0.000000
4949.207112 0.000000
4949.254030 0.000000
4949.300947 0.000000
4949.347865 0.000000
4949.394782 0.000000
4949.441700 0.000000
4949.488617 0.000000
4949.535535 0.000000
4949.582452 0.000000
4949.629370 0.000000
4949.676287 0.000000
4949.723205 0.000000
4949.770122 0.000000
4949.817040 0.000000
4949.863958 0.000000
4949.910875 0.000000
4949.957793 0.000000
4950.004710 0.000000
4950.051628 0.000000
4950.098545 0.000000
4950.145463 0.000000
4950.192380 0.000000
4950.239298 0.000000
4950.286215 0.000000
4950.333133 0.000000
4950.380050 0.000000
4950.426968 0.000000
4950.473885 0.000000
4950.520803 0.000000
4950.567720 0.000000
4950.614638 0.000000
4950.661555 0.000000
4950.708473 0.000000
4950.755390 0.000000
4950.802308 0.000000
4950.849225 0.000000
4950.896143 0.000000
4950.943060 0.000000
4950.989978 0.000000
4951.036895 0.000000
4951.083813 0.000000
4951.130731 0.000000
4951.177648 0.000000
4951.224566 0.000000
4951.271483 0.000000
4951.318401 0.000000
4951.365318 0.000000
4951.412236 0.000000
4951.459153 0.000000
4951.506071 0.000000
4951.552988 0.000000
4951.599906 0.000000
4951.646823 0.000000
4951.693741 0.000000
4951.740658 0.000000
4951.787576 0.000000
4951.834493 0.000000
4951.881411 0.000000
4951.928328 0.000000
4951.975246 0.000000
4952.022163 0.000000
4952.069081 0.000000
4952.115998 0.000000
4952.162916 0.000000
4952.209833 0.000000
4952.256751 0.000000
4952.303669 0.000000
4952.350586 0.000000
4952.397504 0.000000
4952.444421 0.000000
4952.491339 0.000000
4952.538256 0.000000
4952.585174 0.000000
4952.632091 0.000000
4952.679009 0.000000
4952.725926 0.000000
4952.772844 0.000000
4952.819761 0.000000
4952.866679 0.000000
4952.913596 0.000000
4952.960514 0.000000
4953.007431 0.000000
4953.054349 0.000000
4953.101266 0.000000
4953.148184 0.000000
4953.195101 0.000000
4953.242019 0.000000
4953.288936 0.000000
4953.335854 0.000000
4953.382771 0.000000
4953.429689 0.000000
4953.476606 0.000000
4953.523524 0.000000
4953.570442 0.000000
4953.617359 0.000000
4953.664277 0.000000
4953.711194 0.000000
4953.758112 0.000000
4953.805029 0.000000
4953.851947 0.000000
4953.898864 0.000000
4953.945782 0.000000
4953.992699 0.000000
4954.039617 0.000000
4954.086534 0.000000
4954.133452 0.000000
4954.180369 0.000000
4954.227287 0.000000
4954.274204 0.000000
4954.321122 0.000000
4954.368039 0.000000
4954.414957 0.000000
4954.461874 0.000000
4954.508792 0.000000
4954.555709 0.000000
4954.602627 0.000000
4954.649544 0.000000
4954.696462 0.000000
4954.743379 0.000000
4954.790297 0.000000
4954.837215 0.000000
4954.884132 0.000000
4954.931050 0.000000
4954.977967 0.000000
4955.024885 0.000000
4955.071802 0.000000
4955.118720 0.000000
4955.165637 0.000000
4955.212555 0.000000
4955.259472 0.000000
4955.306390 0.000000
4955.353307 0.000000
4955.400225 0.000000
4955.447142 0.000000
4955.494060 0.000000
4955.540977 0.000000
4955.587895 0.000000
4955.634812 0.000000
4955.681730 0.000000
4955.728647 0.000000
4955.775565 0.000000
4955.822482 0.000000
4955.869400 0.000000
4955.916317 0.000000
4955.963235 0.000000
4956.010153 0.000000
4956.057070 0.000000
4956.103988 0.000000
4956.150905 0.000000
4956.197823 0.000000
4956.244740 0.000000
4956.291658 0.000000
4956.338575 0.000000
4956.385493 0.000000
4956.432410 0.000000
4956.479328 0.000000
4956.526245 0.000000
4956.573163 0.000000
4956.620080 0.000000
4956.666998 0.000000
4956.713915 0.000000
4956.760833 0.000000
4956.807750 0.000000
4956.854668 0.000000
4956.901585 0.000000
4956.948503 0.000000
4956.995420 0.000000
4957.042338 0.000000
4957.089255 0.000000
4957.136173 0.000000
4957.183090 0.000000
4957.230008 0.000000
4957.276926 0.000000
4957.323843 0.000000
4957.370761 0.000000
4957.417678 0.000000
4957.464596 0.000000
4957.511513 0.000000
4957.558431 0.000000
4957.605348 0.000000
4957.652266 0.000000
4957.699183 0.000000
4957.746101 0.000000
4957.793018 0.000000
4957.839936 0.000000
4957.886853 0.000000
4957.933771 0.000000
4957.980688 0.000000
4958.027606 0.000000
4958.074523 0.000000
4958.121441 0.000000
4958.168358 0.000000
4958.215276 0.000000
4958.262193 0.000000
4958.309111 0.000000
4958.356028 0.000000
4958.402946 0.000000
4958.449863 0.000000
4958.496781 0.000000
4958.543699 0.000000
4958.590616 0.000000
4958.637534 0.000000
4958.684451 0.000000
4958.731369 0.000000
4958.778286 0.000000
4958.825204 0.000000
4958.872121 0.000000
4958.919039 0.000000
4958.965956 0.000000
4959.012874 0.000000
4959.059791 0.000000
4959.106709 0.000000
4959.153626 0.000000
4959.200544 0.000000
4959.247461 0.000000
4959.294379 0.000000
4959.341296 0.000000
4959.388214 0.000000
4959.435131 0.000000
4959.482049 0.000000
4959.528966 0.000000
4959.575884 0.000000
4959.622801 0.000000
4959.669719 0.000000
4959.716637 0.000000
4959.763554 0.000000
4959.810472 0.000000
4959.857389 0.000000
4959.904307 0.000000
4959.951224 0.000000
4959.998142 0.000000
4960.045059 0.000000
4960.091977 0.000000
4960.138894 0.000000
4960.185812 0.000000
4960.232729 0.000000
4960.279647 0.000000
4960.326564 0.000000
4960.373482 0.000000
4960.420399 0.000000
4960.467317 0.000000
4960.514234 0.000000
4960.561152 0.000000
4960.608069 0.000000
4960.654987 0.000000
4960.701904 0.000000
4960.748822 0.000000
4960.795739 0.000000
4960.842657 0.000000
4960.889574 0.000000
4960.936492 0.000000
4960.983410 0.000000
4961.030327 0.000000
4961.077245 0.000000
4961.124162 0.000000
4961.171080 0.000000
4961.217997 0.000000
4961.264915 0.000000
4961.311832 0.000000
4961.358750 0.000000
4961.405667 0.000000
4961.452585 0.000000
4961.499502 0.000000
4961.546420 0.000000
4961.593337 0.000000
4961.640255 0.000000
4961.687172 0.000000
4961.734090 0.000000
4961.781007 0.000000
4961.827925 0.000000
4961.874842 0.000000
4961.921760 0.000000
4961.968677 0.000000
4962.015595 0.000000
4962.062512 0.000000
4962.109430 0.000000
4962.156348 0.000000
4962.203265 0.000000
4962.250183 0.000000
4962.297100 0.000000
4962.344018 0.000000
4962.390935 0.000000
4962.437853 0.000000
4962.484770 0.000000
4962.531688 0.000000
4962.578605 0.000000
4962.625523 0.000000
4962.672440 0.000000
4962.719358 0.000000
4962.766275 0.000000
4962.813193 0.000000
4962.860110 0.000000
4962.907028 0.000000
4962.953945 0.000000
4963.000863 0.000000
4963.047780 0.000000
4963.094698 0.000000
4963.141615 0.000000
4963.188533 0.000000
4963.235450 0.000000
4963.282368 0.000000
4963.329285 0.000000
4963.376203 0.000000
4963.423121 0.000000
4963.470038 0.000000
4963.516956 0.000000
4963.563873 0.000000
4963.610791 0.000000
4963.657708 0.000000
4963.704626 0.000000
4963.751543 0.000000
4963.798461 0.000000
4963.845378 0.000000
4963.892296 0.000000
4963.939213 0.000000
4963.986131 0.000000
4964.033048 0.000000
4964.079966 0.000000
4964.126883 0.000000
4964.173801 0.000000
4964.220718 0.000000
4964.267636 0.000000
4964.314553 0.000000
4964.361471 0.000000
4964.408388 0.000000
4964.455306 0.000000
4964.502223 0.000000
4964.549141 0.000000
4964.596058 0.000000
4964.642976 0.000000
4964.689894 0.000000
4964.736811 0.000000
4964.783729 0.000000
4964.830646 0.000000
4964.877564 0.000000
4964.924481 0.000000
4964.971399 0.000000
4965.018316 0.000000
4965.065234 0.000000
4965.112151 0.000000
4965.159069 0.000000
4965.205986 0.000000
4965.252904 0.000000
4965.299821 0.000000
4965.346739 0.000000
4965.393656 0.000000
4965.440574 0.000000
4965.487491 0.000000
4965.534409 0.000000
4965.581326 0.000000
4965.628244 0.000000
4965.675161 0.000000
4965.722079 0.000000
4965.768996 0.000000
4965.815914 0.000000
4965.862832 0.000000
4965.909749 0.000000
4965.956667 0.000000
4966.003584 0.000000
4966.050502 0.000000
4966.097419 0.000000
4966.144337 0.000000
4966.191254 0.000000
4966.238172 0.000000
4966.285089 0.000000
4966.332007 0.000000
4966.378924 0.000000
4966.425842 0.000000
4966.472759 0.000000
4966.519677 0.000000
4966.566594 0.000000
4966.613512 0.000000
4966.660429 0.000000
4966.707347 0.000000
4966.754264 0.000000
4966.801182 0.000000
4966.848099 0.000000
4966.895017 0.000000
4966.941934 0.000000
4966.988852 0.000000
4967.035769 0.000000
4967.082687 0.000000
4967.129605 0.000000
4967.176522 0.000000
4967.223440 0.000000
4967.270357 0.000000
4967.317275 0.000000
4967.364192 0.000000
4967.411110 0.000000
4967.458027 0.000000
4967.504945 0.000000
4967.551862 0.000000
4967.598780 0.000000
4967.645697 0.000000
4967.692615 0.000000
4967.739532 0.000000
4967.786450 0.000000
4967.833367 0.000000
4967.880285 0.000000
4967.927202 0.000000
4967.974120 0.000000
4968.021037 0.000000
4968.067955 0.000000
4968.114872 0.000000
4968.161790 0.000000
4968.208707 0.000000
4968.255625 0.000000
4968.302542 0.000000
4968.349460 0.000000
4968.396378 0.000000
4968.443295 0.000000
4968.490213 0.000000
4968.537130 0.000000
4968.584048 0.000000
4968.630965 0.000000
4968.677883 0.000000
4968.724800 0.000000
4968.771718 0.000000
4968.818635 0.000000
4968.865553 0.000000
4968.912470 0.000000
4968.959388 0.000000
4969.006305 0.000000
4969.053223 0.000000
4969.100140 0.000000
4969.147058 0.000000
4969.193975 0.000000
4969.240893 0.000000
4969.287810 0.000000
4969.334728 0.000000
4969.381645 0.000000
4969.428563 0.000000
4969.475480 0.000000
4969.522398 0.000000
4969.569316 0.000000
4969.616233 0.000000
4969.663151 0.000000
4969.710068 0.000000
4969.756986 0.000000
4969.803903 0.000000
4969.850821 0.000000
4969.897738 0.000000
4969.944656 0.000000
4969.991573 0.000000
4970.038491 0.000000
4970.085408 0.000000
4970.132326 0.000000
4970.179243 0.000000
4970.226161 0.000000
4970.273078 0.000000
4970.319996 0.000000
4970.366913 0.000000
4970.413831 0.000000
4970.460748 0.000000
4970.507666 0.000000
4970.554583 0.000000
4970.601501 0.000000
4970.648418 0.000000
4970.695336 0.000000
4970.742253 0.000000
4970.789171 0.000000
4970.836089 0.000000
4970.883006 0.000000
4970.929924 0.000000
4970.976841 0.000000
4971.023759 0.000000
4971.070676 0.000000
4971.117594 0.000000
4971.164511 0.000000
4971.211429 0.000000
4971.258346 0.000000
4971.305264 0.000000
4971.352181 0.000000
4971.399099 0.000000
4971.446016 0.000000
4971.492934 0.000000
4971.539851 0.000000
4971.586769 0.000000
4971.633686 0.000000
4971.680604 0.000000
4971.727521 0.000000
4971.774439 0.000000
4971.821356 0.000000
4971.868274 0.000000
4971.915191 0.000000
4971.962109 0.000000
4972.009026 0.000000
4972.055944 0.000000
4972.102862 0.000000
4972.149779 0.000000
4972.196697 0.000000
4972.243614 0.000000
4972.290532 0.000000
4972.337449 0.000000
4972.384367 0.000000
4972.431284 0.000000
4972.478202 0.000000
4972.525119 0.000000
4972.572037 0.000000
4972.618954 0.000000
4972.665872 0.000000
4972.712789 0.000000
4972.759707 0.000000
4972.806624 0.000000
4972.853542 0.000000
4972.900459 0.000000
4972.947377 0.000000
4972.994294 0.000000
4973.041212 0.000000
4973.088129 0.000000
4973.135047 0.000000
4973.181964 0.000000
4973.228882 0.000000
4973.275800 0.000000
4973.322717 0.000000
4973.369635 0.000000
4973.416552 0.000000
4973.463470 0.000000
4973.510387 0.000000
4973.557305 0.000000
4973.604222 0.000001
4973.651140 0.000001
4973.698057 0.000001
4973.744975 0.000001
4973.791892 0.000001
4973.838810 0.000001
4973.885727 0.000001
4973.932645 0.000001
4973.979562 0.000001
4974.026480 0.000001
4974.073397 0.000001
4974.120315 0.000001
4974.167232 0.000001
4974.214150 0.000001
4974.261067 0.000001
4974.307985 0.000001
4974.354902 0.000001
4974.401820 0.000001
4974.448737 0.000001
4974.495655 0.000001
4974.542573 0.000001
4974.589490 0.000001
4974.636408 0.000001
4974.683325 0.000001
4974.730243 0.000001
4974.777160 0.000001
4974.824078 0.000001
4974.870995 0.000001
4974.917913 0.000002
4974.964830 0.000002
4975.011748 0.000002
4975.058665 0.000002
4975.105583 0.000002
4975.152500 0.000002
4975.199418 0.000002
4975.246335 0.000002
4975.293253 0.000002
4975.340170 0.000002
4975.387088 0.000002
4975.434005 0.000002
4975.480923 0.000002
4975.527840 0.000002
4975.574758 0.000003
4975.621675 0.000003
4975.668593 0.000003
4975.715510 0.000003
4975.762428 0.000003
4975.809346 0.000003
4975.856263 0.000003
4975.903181 0.000003
4975.950098 0.000003
4975.997016 0.000004
4976.043933 0.000004
4976.090851 0.000004
4976.137768 0.000004
4976.184686 0.000004
4976.231603 0.000004
4976.278521 0.000004
4976.325438 0.000005
4976.372356 0.000005
4976.419273 0.000005
4976.466191 0.000005
4976.513108 0.000005
4976.560026 0.000006
4976.606943 0.000006
4976.653861 0.000006
4976.700778 0.000006
4976.747696 0.000006
4976.794613 0.000007
4976.841531 0.000007
4976.888448 0.000007
4976.935366 0.000007
4976.982284 0.000008
4977.029201 0.000008
4977.076119 0.000008
4977.123036 0.000009
4977.169954 0.000009
4977.216871 0.000009
4977.263789 0.000009
4977.310706 0.000010
4977.357624 0.000010
4977.404541 0.000011
4977.451459 0.000011
4977.498376 0.000011
4977.545294 0.000012
4977.592211 0.000012
4977.639129 0.000012
4977.686046 0.000013
4977.732964 0.000013
4977.779881 0.000014
4977.826799 0.000014
4977.873716 0.000015
4977.920634 0.000015
4977.967551 0.000016
4978.014469 0.000016
4978.061386 0.000017
4978.108304 0.000018
4978.155221 0.000018
4978.202139 0.000019
4978.249057 0.000019
4978.295974 0.000020
4978.342892 0.000021
4978.389809 0.000022
4978.436727 0.000022
4978.483644 0.000023
4978.530562 0.000024
4978.577479 0.000025
4978.624397 0.000025
4978.671314 0.000026
4978.718232 0.000027
4978.765149 0.000028
4978.812067 0.000029
4978.858984 0.000030
4978.905902 0.000031
4978.952819 0.000032
4978.999737 0.000033
4979.046654 0.000034
4979.093572 0.000035
4979.140489 0.000037
4979.187407 0.000038
4979.234324 0.000039
4979.281242 0.000040
4979.328159 0.000042
4979.375077 0.000043
4979.421994 0.000045
4979.468912 0.000046
4979.515830 0.000047
4979.562747 0.000049
4979.609665 0.000051
4979.656582 0.000052
4979.703500 0.000054
4979.750417 0.000056
4979.797335 0.000058
4979.844252 0.000059
4979.891170 0.000061
4979.938087 0.000063
4979.985005 0.000065
4980.031922 0.000067
4980.078840 0.000070
4980.125757 0.000072
4980.172675 0.000074
4980.219592 0.000076
4980.266510 0.000079
4980.313427 0.000081
4980.360345 0.000084
4980.407262 0.000087
4980.454180 0.000089
4980.501097 0.000092
4980.548015 0.000095
4980.594932 0.000098
4980.641850 0.000101
4980.688768 0.000104
4980.735685 0.000108
4980.782603 0.000111
4980.829520 0.000114
4980.876438 0.000118
4980.923355 0.000121
4980.970273 0.000125
4981.017190 0.000129
4981.064108 0.000133
4981.111025 0.000137
4981.157943 0.000141
4981.204860 0.000146
4981.251778 0.000150
4981.298695 0.000155
4981.345613 0.000159
4981.392530 0.000164
4981.439448 0.000169
4981.486365 0.000174
4981.533283 0.000179
4981.580200 0.000185
4981.627118 0.000190
4981.674035 0.000196
4981.720953 0.000202
4981.767870 0.000208
4981.814788 0.000214
4981.861705 0.000220
4981.908623 0.000227
4981.955541 0.000234
4982.002458 0.000241
4982.049376 0.000248
4982.096293 0.000255
4982.143211 0.000262
4982.190128 0.000270
4982.237046 0.000278
4982.283963 0.000286
4982.330881 0.000294
4982.377798 0.000303
4982.424716 0.000312
4982.471633 0.000321
4982.518551 0.000330
4982.565468 0.000339
4982.612386 0.000349
4982.659303 0.000359
4982.706221 0.000369
4982.753138 0.000380
4982.800056 0.000391
4982.846973 0.000402
4982.893891 0.000413
4982.940808 0.000425
4982.987726 0.000437
4983.034643 0.000449
4983.081561 0.000462
4983.128478 0.000475
4983.175396 0.000488
4983.222314 0.000502
4983.269231 0.000516
4983.316149 0.000530
4983.363066 0.000545
4983.409984 0.000560
4983.456901 0.000575
4983.503819 0.000591
4983.550736 0.000607
4983.597654 0.000624
4983.644571 0.000641
4983.691489 0.000658
4983.738406 0.000676
4983.785324 0.000695
4983.832241 0.000714
4983.879159 0.000733
4983.926076 0.000753
4983.972994 0.000773
4984.019911 0.000794
4984.066829 0.000815
4984.113746 0.000837
4984.160664 0.000859
4984.207581 0.000882
4984.254499 0.000905
4984.301416 0.000929
4984.348334 0.000954
4984.395252 0.000979
4984.442169 0.001005
4984.489087 0.001031
4984.536004 0.001058
4984.582922 0.001086
4984.629839 0.001114
4984.676757 0.001143
4984.723674 0.001173
4984.770592 0.001203
4984.817509 0.001234
4984.864427 0.001266
4984.911344 0.001299
4984.958262 0.001332
4985.005179 0.001366
4985.052097 0.001401
4985.099014 0.001436
4985.145932 0.001473
4985.192849 0.001510
4985.239767 0.001548
4985.286684 0.001587
4985.333602 0.001627
4985.380519 0.001668
4985.427437 0.001710
4985.474354 0.001753
4985.521272 0.001796
4985.568189 0.001841
4985.615107 0.001886
4985.662025 0.001933
4985.708942 0.001981
4985.755860 0.002029
4985.802777 0.002079
4985.849695 0.002130
4985.896612 0.002182
4985.943530 0.002235
4985.990447 0.002290
4986.037365 0.002345
4986.084282 0.002402
4986.131200 0.002460
4986.178117 0.002519
4986.225035 0.002579
4986.271952 0.002641
4986.318870 0.002704
4986.365787 0.002769
4986.412705 0.002834
4986.459622 0.002901
4986.506540 0.002970
4986.553457 0.003040
4986.600375 0.003111
4986.647292 0.003184
4986.694210 0.003259
4986.741127 0.003335
4986.788045 0.003412
4986.834962 0.003492
4986.881880 0.003572
4986.928798 0.003655
4986.975715 0.003739
4987.022633 0.003825
4987.069550 0.003912
4987.116468 0.004002
4987.163385 0.004093
4987.210303 0.004186
4987.257220 0.004280
4987.304138 0.004377
4987.351055 0.004476
4987.397973 0.004576
4987.444890 0.004679
4987.491808 0.004783
4987.538725 0.004890
4987.585643 0.004999
4987.632560 0.005110
4987.679478 0.005222
4987.726395 0.005338
4987.773313 0.005455
4987.820230 0.005574
4987.867148 0.005696
4987.914065 0.005820
4987.960983 0.005947
4988.007900 0.006076
4988.054818 0.006207
4988.101736 0.006341
4988.148653 0.006477
4988.195571 0.006616
4988.242488 0.006758
4988.289406 0.006902
4988.336323 0.007048
4988.383241 0.007198
4988.430158 0.007350
4988.477076 0.007505
4988.523993 0.007662
4988.570911 0.007823
4988.617828 0.007986
4988.664746 0.008152
4988.711663 0.008322
4988.758581 0.008494
4988.805498 0.008669
4988.852416 0.008848
4988.899333 0.009029
4988.946251 0.009214
4988.993168 0.009402
4989.040086 0.009593
4989.087003 0.009788
4989.133921 0.009986
4989.180838 0.010187
4989.227756 0.010392
4989.274673 0.010600
4989.321591 0.010812
4989.368509 0.011027
4989.415426 0.011246
4989.462344 0.011469
4989.509261 0.011695
4989.556179 0.011925
4989.603096 0.012159
4989.650014 0.012397
4989.696931 0.012638
4989.743849 0.012884
4989.790766 0.013133
4989.837684 0.013387
4989.884601 0.013645
4989.931519 0.013906
4989.978436 0.014172
4990.025354 0.014443
4990.072271 0.014717
4990.119189 0.014996
4990.166106 0.015279
4990.213024 0.015567
4990.259941 0.015859
4990.306859 0.016155
4990.353776 0.016456
4990.400694 0.016762
4990.447611 0.017073
4990.494529 0.017388
4990.541446 0.017708
4990.588364 0.018032
4990.635282 0.018362
4990.682199 0.018696
4990.729117 0.019036
4990.776034 0.019380
4990.822952 0.019730
4990.869869 0.020085
4990.916787 0.020444
4990.963704 0.020809
4991.010622 0.021180
4991.057539 0.021555
4991.104457 0.021936
4991.151374 0.022322
4991.198292 0.022714
4991.245209 0.023111
4991.292127 0.023514
4991.339044 0.023922
4991.385962 0.024336
4991.432879 0.024756
4991.479797 0.025182
4991.526714 0.025613
4991.573632 0.026050
4991.620549 0.026493
4991.667467 0.026942
4991.714384 0.027397
4991.761302 0.027858
4991.808220 0.028325
4991.855137 0.028798
4991.902055 0.029277
4991.948972 0.029762
4991.995890 0.030254
4992.042807 0.030752
4992.089725 0.031256
4992.136642 0.031767
4992.183560 0.032284
4992.230477 0.032808
4992.277395 0.033338
4992.324312 0.033875
4992.371230 0.034418
4992.418147 0.034968
4992.465065 0.035524
4992.511982 0.036087
4992.558900 0.036657
4992.605817 0.037234
4992.652735 0.037818
4992.699652 0.038408
4992.746570 0.039006
4992.793487 0.039610
4992.840405 0.040221
4992.887322 0.040839
4992.934240 0.041465
4992.981157 0.042097
4993.028075 0.042736
4993.074993 0.043383
4993.121910 0.044037
4993.168828 0.044698
4993.215745 0.045366
4993.262663 0.046041
4993.309580 0.046724
4993.356498 0.047414
4993.403415 0.048111
4993.450333 0.048816
4993.497250 0.049528
4993.544168 0.050247
4993.591085 0.050974
4993.638003 0.051708
4993.684920 0.052450
4993.731838 0.053199
4993.778755 0.053956
4993.825673 0.054720
4993.872590 0.055492
4993.919508 0.056271
4993.966425 0.057058
4994.013343 0.057852
4994.060260 0.058654
4994.107178 0.059464
4994.154095 0.060281
4994.201013 0.061105
4994.247930 0.061938
4994.294848 0.062778
4994.341766 0.063625
4994.388683 0.064480
4994.435601 0.065343
4994.482518 0.066213
4994.529436 0.067091
4994.576353 0.067976
4994.623271 0.068869
4994.670188 0.069770
4994.717106 0.070678
4994.764023 0.071594
4994.810941 0.072517
4994.857858 0.073448
4994.904776 0.074386
4994.951693 0.075332
4994.998611 0.076285
4995.045528 0.077246
4995.092446 0.078214
4995.139363 0.079190
4995.186281 0.080173
4995.233198 0.081164
4995.280116 0.082161
4995.327033 0.083167
4995.373951 0.084179
4995.420868 0.085199
4995.467786 0.086225
4995.514704 0.087259
4995.561621 0.088301
4995.608539 0.089349
4995.655456 0.090404
4995.702374 0.091467
4995.749291 0.092536
4995.796209 0.093612
4995.843126 0.094695
4995.890044 0.095785
4995.936961 0.096882
4995.983879 0.097986
4996.030796 0.099096
4996.077714 0.100212
4996.124631 0.101336
4996.171549 0.102466
4996.218466 0.103602
4996.265384 0.104745
4996.312301 0.105893
4996.359219 0.107049
4996.406136 0.108210
4996.453054 0.109377
4996.499971 0.110551
4996.546889 0.111730
4996.593806 0.112915
4996.640724 0.114106
4996.687641 0.115303
4996.734559 0.116506
4996.781477 0.117713
4996.828394 0.118927
4996.875312 0.120145
4996.922229 0.121369
4996.969147 0.122599
4997.016064 0.123833
4997.062982 0.125072
4997.109899 0.126316
4997.156817 0.127565
4997.203734 0.128819
4997.250652 0.130077
4997.297569 0.131340
4997.344487 0.132607
4997.391404 0.133878
4997.438322 0.135154
4997.485239 0.136434
4997.532157 0.137717
4997.579074 0.139005
4997.625992 0.140296
4997.672909 0.141591
4997.719827 0.142889
4997.766744 0.144190
4997.813662 0.145495
4997.860579 0.146803
4997.907497 0.148114
4997.954414 0.149428
4998.001332 0.150744
4998.048250 0.152064
4998.095167 0.153385
4998.142085 0.154709
4998.189002 0.156036
4998.235920 0.157364
4998.282837 0.158694
4998.329755 0.160026
4998.376672 0.161360
4998.423590 0.162695
4998.470507 0.164032
4998.517425 0.165370
4998.564342 0.166710
4998.611260 0.168050
4998.658177 0.169391
4998.705095 0.170733
4998.752012 0.172075
4998.798930 0.173418
4998.845847 0.174761
4998.892765 0.176104
4998.939682 0.177447
4998.986600 0.178791
4999.033517 0.180133
4999.080435 0.181476
4999.127352 0.182818
4999.174270 0.184159
4999.221188 0.185499
4999.268105 0.186839
4999.315023 0.188177
4999.361940 0.189514
4999.408858 0.190850
4999.455775 0.192184
4999.502693 0.193517
4999.549610 0.194847
4999.596528 0.196176
4999.643445 0.197503
4999.690363 0.198828
4999.737280 0.200150
4999.784198 0.201470
4999.831115 0.202787
4999.878033 0.204102
4999.924950 0.205414
4999.971868 0.206723
5000.018785 0.208029
5000.065703 0.209332
5000.112620 0.210632
5000.159538 0.211928
5000.206455 0.213221
5000.253373 0.214510
5000.300290 0.215796
5000.347208 0.217078
5000.394125 0.218357
5000.441043 0.219631
5000.487961 0.220902
5000.534878 0.222168
5000.581796 0.223431
5000.628713 0.224689
5000.675631 0.225943
5000.722548 0.227194
5000.769466 0.228439
5000.816383 0.229681
5000.863301 0.230918
5000.910218 0.232151
5000.957136 0.233380
5001.004053 0.234604
5001.050971 0.235824
5001.097888 0.237040
5001.144806 0.238251
5001.191723 0.239458
5001.238641 0.240661
5001.285558 0.241860
5001.332476 0.243054
5001.379393 0.244245
5001.426311 0.245431
5001.473228 0.246614
5001.520146 0.247792
5001.567063 0.248967
5001.613981 0.250139
5001.660898 0.251306
5001.707816 0.252471
5001.754734 0.253632
5001.801651 0.254790
5001.848569 0.255945
5001.895486 0.257098
5001.942404 0.258248
5001.989321 0.259395
5002.036239 0.260541
5002.083156 0.261684
5002.130074 0.262826
5002.176991 0.263966
5002.223909 0.265106
5002.270826 0.266244
5002.317744 0.267382
5002.364661 0.268519
5002.411579 0.269656
5002.458496 0.270794
5002.505414 0.271932
5002.552331 0.273071
5002.599249 0.274211
5002.646166 0.275353
5002.693084 0.276498
5002.740001 0.277644
5002.786919 0.278794
5002.833836 0.279946
5002.880754 0.281102
5002.927672 0.282263
5002.974589 0.283428
5003.021507 0.284598
5003.068424 0.285773
5003.115342 0.286954
5003.162259 0.288142
5003.209177 0.289336
5003.256094 0.290538
5003.303012 0.291748
5003.349929 0.292966
5003.396847 0.294193
5003.443764 0.295430
5003.490682 0.296676
5003.537599 0.297933
5003.584517 0.299201
5003.631434 0.300480
5003.678352 0.301771
5003.725269 0.303075
5003.772187 0.304392
5003.819104 0.305723
5003.866022 0.307068
5003.912939 0.308428
5003.959857 0.309803
5004.006774 0.311194
5004.053692 0.312601
5004.100609 0.314025
5004.147527 0.315467
5004.194445 0.316926
5004.241362 0.318403
5004.288280 0.319899
5004.335197 0.321415
5004.382115 0.322950
5004.429032 0.324505
5004.475950 0.326081
5004.522867 0.327678
5004.569785 0.329296
5004.616702 0.330936
5004.663620 0.332598
5004.710537 0.334282
5004.757455 0.335989
5004.804372 0.337719
5004.851290 0.339472
5004.898207 0.341248
5004.945125 0.343048
5004.992042 0.344872
5005.038960 0.346719
5005.085877 0.348590
5005.132795 0.350486
5005.179712 0.352405
5005.226630 0.354348
5005.273547 0.356315
5005.320465 0.358306
5005.367383 0.360321
5005.414300 0.362359
5005.461218 0.364420
5005.508135 0.366505
5005.555053 0.368612
5005.601970 0.370741
5005.648888 0.372892
5005.695805 0.375065
5005.742723 0.377259
5005.789640 0.379474
5005.836558 0.381708
5005.883475 0.383961
5005.930393 0.386233
5005.977310 0.388523
5006.024228 0.390830
5006.071145 0.393152
5006.118063 0.395490
5006.164980 0.397843
5006.211898 0.400208
5006.258815 0.402586
5006.305733 0.404975
5006.352650 0.407374
5006.399568 0.409782
5006.446485 0.412197
5006.493403 0.414618
5006.540320 0.417044
5006.587238 0.419473
5006.634156 0.421905
5006.681073 0.424336
5006.727991 0.426767
5006.774908 0.429195
5006.821826 0.431618
5006.868743 0.434036
5006.915661 0.436445
5006.962578 0.438845
5007.009496 0.441234
5007.056413 0.443610
5007.103331 0.445970
5007.150248 0.448314
5007.197166 0.450639
5007.244083 0.452942
5007.291001 0.455223
5007.337918 0.457479
5007.384836 0.459709
5007.431753 0.461909
5007.478671 0.464078
5007.525588 0.466214
5007.572506 0.468315
5007.619423 0.470379
5007.666341 0.472403
5007.713258 0.474385
5007.760176 0.476324
5007.807093 0.478217
5007.854011 0.480062
5007.900929 0.481857
5007.947846 0.483600
5007.994764 0.485289
5008.041681 0.486922
5008.088599 0.488496
5008.135516 0.490010
5008.182434 0.491462
5008.229351 0.492849
5008.276269 0.494171
5008.323186 0.495424
5008.370104 0.496607
5008.417021 0.497718
5008.463939 0.498756
5008.510856 0.499719
5008.557774 0.500604
5008.604691 0.501411
5008.651609 0.502138
5008.698526 0.502783
5008.745444 0.503345
5008.792361 0.503822
5008.839279 0.504214
5008.886196 0.504518
5008.933114 0.504734
5008.980031 0.504861
5009.026949 0.504897
5009.073867 0.504841
5009.120784 0.504694
5009.167702 0.504453
5009.214619 0.504118
5009.261537 0.503688
5009.308454 0.503163
5009.355372 0.502543
5009.402289 0.501826
5009.449207 0.501013
5009.496124 0.500104
5009.543042 0.499097
5009.589959 0.497994
5009.636877 0.496794
5009.683794 0.495497
5009.730712 0.494104
5009.777629 0.492614
5009.824547 0.491029
5009.871464 0.489348
5009.918382 0.487573
5009.965299 0.485703
5010.012217 0.483740
5010.059134 0.481684
5010.106052 0.479536
5010.152969 0.477298
5010.199887 0.474970
5010.246804 0.472553
5010.293722 0.470049
5010.340640 0.467459
5010.387557 0.464784
5010.434475 0.462026
5010.481392 0.459186
5010.528310 0.456267
5010.575227 0.453268
5010.622145 0.450193
5010.669062 0.447042
5010.715980 0.443819
5010.762897 0.440524
5010.809815 0.437160
5010.856732 0.433728
5010.903650 0.430231
5010.950567 0.426671
5010.997485 0.423050
5011.044402 0.419369
5011.091320 0.415632
5011.138237 0.411841
5011.185155 0.407997
5011.232072 0.404103
5011.278990 0.400162
5011.325907 0.396175
5011.372825 0.392146
5011.419742 0.388075
5011.466660 0.383967
5011.513577 0.379823
5011.560495 0.375646
5011.607413 0.371438
5011.654330 0.367201
5011.701248 0.362939
5011.748165 0.358652
5011.795083 0.354345
5011.842000 0.350018
5011.888918 0.345675
5011.935835 0.341318
5011.982753 0.336948
5012.029670 0.332570
5012.076588 0.328184
5012.123505 0.323793
5012.170423 0.319399
5012.217340 0.315005
5012.264258 0.310613
5012.311175 0.306224
5012.358093 0.301841
5012.405010 0.297466
5012.451928 0.293101
5012.498845 0.288748
5012.545763 0.284408
5012.592680 0.280085
5012.639598 0.275778
5012.686515 0.271492
5012.733433 0.267226
5012.780351 0.262983
5012.827268 0.258764
5012.874186 0.254572
5012.921103 0.250406
5012.968021 0.246270
5013.014938 0.242164
5013.061856 0.238090
5013.108773 0.234049
5013.155691 0.230043
5013.202608 0.226071
5013.249526 0.222137
5013.296443 0.218240
5013.343361 0.214382
5013.390278 0.210563
5013.437196 0.206785
5013.484113 0.203049
5013.531031 0.199354
5013.577948 0.195703
5013.624866 0.192096
5013.671783 0.188533
5013.718701 0.185014
5013.765618 0.181542
5013.812536 0.178115
5013.859453 0.174734
5013.906371 0.171400
5013.953288 0.168114
5014.000206 0.164874
5014.047124 0.161682
5014.094041 0.158538
5014.140959 0.155442
5014.187876 0.152394
5014.234794 0.149394
5014.281711 0.146442
5014.328629 0.143538
5014.375546 0.140682
5014.422464 0.137874
5014.469381 0.135113
5014.516299 0.132401
5014.563216 0.129735
5014.610134 0.127117
5014.657051 0.124546
5014.703969 0.122021
5014.750886 0.119543
5014.797804 0.117110
5014.844721 0.114723
5014.891639 0.112381
5014.938556 0.110084
5014.985474 0.107831
5015.032391 0.105622
5015.079309 0.103457
5015.126226 0.101334
5015.173144 0.099253
5015.220061 0.097215
5015.266979 0.095217
5015.313897 0.093260
5015.360814 0.091344
5015.407732 0.089467
5015.454649 0.087629
5015.501567 0.085829
5015.548484 0.084067
5015.595402 0.082342
5015.642319 0.080654
5015.689237 0.079001
5015.736154 0.077384
5015.783072 0.075802
5015.829989 0.074254
5015.876907 0.072739
5015.923824 0.071256
5015.970742 0.069806
5016.017659 0.068388
5016.064577 0.067000
5016.111494 0.065643
5016.158412 0.064316
5016.205329 0.063017
5016.252247 0.061747
5016.299164 0.060505
5016.346082 0.059290
5016.392999 0.058102
5016.439917 0.056940
5016.486835 0.055803
5016.533752 0.054691
5016.580670 0.053604
5016.627587 0.052540
5016.674505 0.051500
5016.721422 0.050482
5016.768340 0.049487
5016.815257 0.048513
5016.862175 0.047561
5016.909092 0.046629
5016.956010 0.045717
5017.002927 0.044825
5017.049845 0.043952
5017.096762 0.043097
5017.143680 0.042261
5017.190597 0.041443
5017.237515 0.040643
5017.284432 0.039859
5017.331350 0.039091
5017.378267 0.038340
5017.425185 0.037605
5017.472102 0.036885
5017.519020 0.036179
5017.565937 0.035489
5017.612855 0.034812
5017.659772 0.034150
5017.706690 0.033501
5017.753608 0.032865
5017.800525 0.032242
5017.847443 0.031631
5017.894360 0.031033
5017.941278 0.030447
5017.988195 0.029872
5018.035113 0.029308
5018.082030 0.028756
5018.128948 0.028215
5018.175865 0.027684
5018.222783 0.027163
5018.269700 0.026652
5018.316618 0.026152
5018.363535 0.025660
5018.410453 0.025178
5018.457370 0.024706
5018.504288 0.024242
5018.551205 0.023787
5018.598123 0.023340
5018.645040 0.022902
5018.691958 0.022471
5018.738875 0.022049
5018.785793 0.021635
5018.832710 0.021228
5018.879628 0.020828
5018.926545 0.020436
5018.973463 0.020051
5019.020381 0.019673
5019.067298 0.019302
5019.114216 0.018938
5019.161133 0.018579
5019.208051 0.018228
5019.254968 0.017883
5019.301886 0.017543
5019.348803 0.017210
5019.395721 0.016883
5019.442638 0.016562
5019.489556 0.016246
5019.536473 0.015936
5019.583391 0.015631
5019.630308 0.015332
5019.677226 0.015037
5019.724143 0.014749
5019.771061 0.014465
5019.817978 0.014186
5019.864896 0.013912
5019.911813 0.013643
5019.958731 0.013378
5020.005648 0.013118
5020.052566 0.012863
5020.099483 0.012612
5020.146401 0.012366
5020.193319 0.012123
5020.240236 0.011886
5020.287154 0.011652
5020.334071 0.011422
5020.380989 0.011197
5020.427906 0.010975
5020.474824 0.010757
5020.521741 0.010544
5020.568659 0.010333
5020.615576 0.010127
5020.662494 0.009924
5020.709411 0.009725
5020.756329 0.009530
5020.803246 0.009337
5020.850164 0.009149
5020.897081 0.008963
5020.943999 0.008781
5020.990916 0.008603
5021.037834 0.008427
5021.084751 0.008255
5021.131669 0.008085
5021.178586 0.007919
5021.225504 0.007756
5021.272421 0.007595
5021.319339 0.007438
5021.366256 0.007284
5021.413174 0.007132
5021.460092 0.006983
5021.507009 0.006837
5021.553927 0.006694
5021.600844 0.006553
5021.647762 0.006415
5021.694679 0.006279
5021.741597 0.006146
5021.788514 0.006015
5021.835432 0.005887
5021.882349 0.005761
5021.929267 0.005638
5021.976184 0.005517
5022.023102 0.005398
5022.070019 0.005282
5022.116937 0.005167
5022.163854 0.005055
5022.210772 0.004945
5022.257689 0.004837
5022.304607 0.004732
5022.351524 0.004628
5022.398442 0.004526
5022.445359 0.004426
5022.492277 0.004329
5022.539194 0.004233
5022.586112 0.004139
5022.633029 0.004047
5022.679947 0.003956
5022.726865 0.003868
5022.773782 0.003781
5022.820700 0.003696
5022.867617 0.003613
5022.914535 0.003531
5022.961452 0.003451
5023.008370 0.003373
5023.055287 0.003296
5023.102205 0.003221
5023.149122 0.003147
5023.196040 0.003075
5023.242957 0.003004
5023.289875 0.002935
5023.336792 0.002867
5023.383710 0.002800
5023.430627 0.002735
5023.477545 0.002672
5023.524462 0.002609
5023.571380 0.002548
5023.618297 0.002488
5023.665215 0.002430
5023.712132 0.002373
5023.759050 0.002317
5023.805967 0.002262
5023.852885 0.002208
5023.899803 0.002155
5023.946720 0.002104
5023.993638 0.002054
5024.040555 0.002004
5024.087473 0.001956
5024.134390 0.001909
5024.181308 0.001863
5024.228225 0.001818
5024.275143 0.001774
5024.322060 0.001730
5024.368978 0.001688
5024.415895 0.001647
5024.462813 0.001607
5024.509730 0.001567
5024.556648 0.001529
5024.603565 0.001491
5024.650483 0.001454
5024.697400 0.001418
5024.744318 0.001383
5024.791235 0.001348
5024.838153 0.001315
5024.885070 0.001282
5024.931988 0.001249
5024.978905 0.001218
5025.025823 0.001187
5025.072740 0.001157
5025.119658 0.001128
5025.166576 0.001099
5025.213493 0.001071
5025.260411 0.001044
5025.307328 0.001017
5025.354246 0.000991
5025.401163 0.000966
5025.448081 0.000941
5025.494998 0.000917
5025.541916 0.000893
5025.588833 0.000870
5025.635751 0.000847
5025.682668 0.000825
5025.729586 0.000804
5025.776503 0.000783
5025.823421 0.000762
5025.870338 0.000742
5025.917256 0.000723
5025.964173 0.000704
5026.011091 0.000685
5026.058008 0.000667
5026.104926 0.000649
5026.151843 0.000632
5026.198761 0.000615
5026.245678 0.000599
5026.292596 0.000583
5026.339513 0.000567
5026.386431 0.000552
5026.433349 0.000537
5026.480266 0.000523
5026.527184 0.000508
5026.574101 0.000495
5026.621019 0.000481
5026.667936 0.000468
5026.714854 0.000455
5026.761771 0.000443
5026.808689 0.000431
5026.855606 0.000419
5026.902524 0.000407
5026.949441 0.000396
5026.996359 0.000385
5027.043276 0.000375
5027.090194 0.000364
5027.137111 0.000354
5027.184029 0.000344
5027.230946 0.000335
5027.277864 0.000325
5027.324781 0.000316
5027.371699 0.000307
5027.418616 0.000299
5027.465534 0.000290
5027.512451 0.000282
5027.559369 0.000274
5027.606287 0.000266
5027.653204 0.000259
5027.700122 0.000251
5027.747039 0.000244
5027.793957 0.000237
5027.840874 0.000230
5027.887792 0.000224
5027.934709 0.000217
5027.981627 0.000211
5028.028544 0.000205
5028.075462 0.000199
5028.122379 0.000193
5028.169297 0.000187
5028.216214 0.000182
5028.263132 0.000177
5028.310049 0.000172
5028.356967 0.000167
5028.403884 0.000162
5028.450802 0.000157
5028.497719 0.000152
5028.544637 0.000148
5028.591554 0.000143
5028.638472 0.000139
5028.685389 0.000135
5028.732307 0.000131
5028.779224 0.000127
5028.826142 0.000123
5028.873060 0.000120
5028.919977 0.000116
5028.966895 0.000112
5029.013812 0.000109
5029.060730 0.000106
5029.107647 0.000103
5029.154565 0.000100
5029.201482 0.000096
5029.248400 0.000094
5029.295317 0.000091
5029.342235 0.000088
5029.389152 0.000085
5029.436070 0.000083
5029.482987 0.000080
5029.529905 0.000078
5029.576822 0.000075
5029.623740 0.000073
5029.670657 0.000071
5029.717575 0.000068
5029.764492 0.000066
5029.811410 0.000064
5029.858327 0.000062
5029.905245 0.000060
5029.952162 0.000058
5029.999080 0.000057
5030.045997 0.000055
5030.092915 0.000053
5030.139833 0.000051
5030.186750 0.000050
5030.233668 0.000048
5030.280585 0.000047
5030.327503 0.000045
5030.374420 0.000044
5030.421338 0.000042
5030.468255 0.000041
5030.515173 0.000040
5030.562090 0.000038
5030.609008 0.000037
5030.655925 0.000036
5030.702843 0.000035
5030.749760 0.000034
5030.796678 0.000033
5030.843595 0.000032
5030.890513 0.000031
5030.937430 0.000030
5030.984348 0.000029
5031.031265 0.000028
5031.078183 0.000027
5031.125100 0.000026
5031.172018 0.000025
5031.218935 0.000024
5031.265853 0.000023
5031.312771 0.000023
5031.359688 0.000022
5031.406606 0.000021
5031.453523 0.000020
5031.500441 0.000020
5031.547358 0.000019
5031.594276 0.000019
5031.641193 0.000018
5031.688111 0.000017
5031.735028 0.000017
5031.781946 0.000016
5031.828863 0.000016
5031.875781 0.000015
5031.922698 0.000015
5031.969616 0.000014
5032.016533 0.000014
5032.063451 0.000013
5032.110368 0.000013
5032.157286 0.000012
5032.204203 0.000012
5032.251121 0.000011
5032.298038 0.000011
5032.344956 0.000011
5032.391873 0.000010
5032.438791 0.000010
5032.485708 0.000010
5032.532626 0.000009
5032.579544 0.000009
5032.626461 0.000009
5032.673379 0.000008
5032.720296 0.000008
5032.767214 0.000008
5032.814131 0.000008
5032.861049 0.000007
5032.907966 0.000007
5032.954884 0.000007
5033.001801 0.000007
5033.048719 0.000006
5033.095636 0.000006
5033.142554 0.000006
5033.189471 0.000006
5033.236389 0.000005
5033.283306 0.000005
5033.330224 0.000005
5033.377141 0.000005
5033.424059 0.000005
5033.470976 0.000005
5033.517894 0.000004
5033.564811 0.000004
5033.611729 0.000004
5033.658646 0.000004
5033.705564 0.000004
5033.752481 0.000004
5033.799399 0.000004
5033.846317 0.000003
5033.893234 0.000003
5033.940152 0.000003
5033.987069 0.000003
5034.033987 0.000003
5034.080904 0.000003
5034.127822 0.000003
5034.174739 0.000003
5034.221657 0.000003
5034.268574 0.000002
5034.315492 0.000002
5034.362409 0.000002
5034.409327 0.000002
5034.456244 0.000002
5034.503162 0.000002
5034.550079 0.000002
5034.596997 0.000002
5034.643914 0.000002
5034.690832 0.000002
5034.737749 0.000002
5034.784667 0.000002
5034.831584 0.000002
5034.878502 0.000001
5034.925419 0.000001
5034.972337 0.000001
5035.019255 0.000001
5035.066172 0.000001
5035.113090 0.000001
5035.160007 0.000001
5035.206925 0.000001
5035.253842 0.000001
5035.300760 0.000001
5035.347677 0.000001
5035.394595 0.000001
5035.441512 0.000001
5035.488430 0.000001
5035.535347 0.000001
5035.582265 0.000001
5035.629182 0.000001
5035.676100 0.000001
5035.723017 0.000001
5035.769935 0.000001
5035.816852 0.000001
5035.863770 0.000001
5035.910687 0.000001
5035.957605 0.000001
5036.004522 0.000001
5036.051440 0.000001
5036.098357 0.000001
5036.145275 0.000001
5036.192192 0.000001
5036.239110 0.000000
5036.286028 0.000000
5036.332945 0.000000
5036.379863 0.000000
5036.426780 0.000000
5036.473698 0.000000
5036.520615 0.000000
5036.567533 0.000000
5036.614450 0.000000
5036.661368 0.000000
5036.708285 0.000000
5036.755203 0.000000
5036.802120 0.000000
5036.849038 0.000000
5036.895955 0.000000
5036.942873 0.000000
5036.989790 0.000000
5037.036708 0.000000
5037.083625 0.000000
5037.130543 0.000000
5037.177460 0.000000
5037.224378 0.000000
5037.271295 0.000000
5037.318213 0.000000
5037.365130 0.000000
5037.412048 0.000000
5037.458965 0.000000
5037.505883 0.000000
5037.552801 0.000000
5037.599718 0.000000
5037.646636 0.000000
5037.693553 0.000000
5037.740471 0.000000
5037.787388 0.000000
5037.834306 0.000000
5037.881223 0.000000
5037.928141 0.000000
5037.975058 0.000000
5038.021976 0.000000
5038.068893 0.000000
5038.115811 0.000000
5038.162728 0.000000
5038.209646 0.000000
5038.256563 0.000000
5038.303481 0.000000
5038.350398 0.000000
5038.397316 0.000000
5038.444233 0.000000
5038.491151 0.000000
5038.538068 0.000000
5038.584986 0.000000
5038.631903 0.000000
5038.678821 0.000000
5038.725739 0.000000
5038.772656 0.000000
5038.819574 0.000000
5038.866491 0.000000
5038.913409 0.000000
5038.960326 0.000000
5039.007244 0.000000
5039.054161 0.000000
5039.101079 0.000000
5039.147996 0.000000
5039.194914 0.000000
5039.241831 0.000000
5039.288749 0.000000
5039.335666 0.000000
5039.382584 0.000000
5039.429501 0.000000
5039.476419 0.000000
5039.523336 0.000000
5039.570254 0.000000
5039.617171 0.000000
5039.664089 0.000000
5039.711006 0.000000
5039.757924 0.000000
5039.804841 0.000000
5039.851759 0.000000
5039.898676 0.000000
5039.945594 0.000000
5039.992512 0.000000
5040.039429 0.000000
5040.086347 0.000000
5040.133264 0.000000
5040.180182 0.000000
5040.227099 0.000000
5040.274017 0.000000
5040.320934 0.000000
5040.367852 0.000000
5040.414769 0.000000
5040.461687 0.000000
5040.508604 0.000000
5040.555522 0.000000
5040.602439 0.000000
5040.649357 0.000000
5040.696274 0.000000
5040.743192 0.000000
5040.790109 0.000000
5040.837027 0.000000
5040.883944 0.000000
5040.930862 0.000000
5040.977779 0.000000
5041.024697 0.000000
5041.071614 0.000000
5041.118532 0.000000
5041.165449 0.000000
5041.212367 0.000000
5041.259285 0.000000
5041.306202 0.000000
5041.353120 0.000000
5041.400037 0.000000
5041.446955 0.000000
5041.493872 0.000000
5041.540790 0.000000
5041.587707 0.000000
5041.634625 0.000000
5041.681542 0.000000
5041.728460 0.000000
5041.775377 0.000000
5041.822295 0.000000
5041.869212 0.000000
5041.916130 0.000000
5041.963047 0.000000
5042.009965 0.000000
5042.056882 0.000000
5042.103800 0.000000
5042.150717 0.000000
5042.197635 0.000000
5042.244552 0.000000
5042.291470 0.000000
5042.338387 0.000000
5042.385305 0.000000
5042.432223 0.000000
5042.479140 0.000000
5042.526058 0.000000
5042.572975 0.000000
5042.619893 0.000000
5042.666810 0.000000
5042.713728 0.000000
5042.760645 0.000000
5042.807563 0.000000
5042.854480 0.000000
5042.901398 0.000000
5042.948315 0.000000
5042.995233 0.000000
5043.042150 0.000000
5043.089068 0.000000
5043.135985 0.000000
5043.182903 0.000000
5043.229820 0.000000
5043.276738 0.000000
5043.323655 0.000000
5043.370573 0.000000
5043.417490 0.000000
5043.464408 0.000000
5043.511325 0.000000
5043.558243 0.000000
5043.605160 0.000000
5043.652078 0.000000
5043.698996 0.000000
5043.745913 0.000000
5043.792831 0.000000
5043.839748 0.000000
5043.886666 0.000000
5043.933583 0.000000
5043.980501 0.000000
5044.027418 0.000000
5044.074336 0.000000
5044.121253 0.000000
5044.168171 0.000000
5044.215088 0.000000
5044.262006 0.000000
5044.308923 0.000000
5044.355841 0.000000
5044.402758 0.000000
5044.449676 0.000000
5044.496593 0.000000
5044.543511 0.000000
5044.590428 0.000000
5044.637346 0.000000
5044.684263 0.000000
5044.731181 0.000000
5044.778098 0.000000
5044.825016 0.000000
5044.871934 0.000000
5044.918851 0.000000
5044.965769 0.000000
5045.012686 0.000000
5045.059604 0.000000
5045.106521 0.000000
5045.153439 0.000000
5045.200356 0.000000
5045.247274 0.000000
5045.294191 0.000000
5045.341109 0.000000
5045.388026 0.000000
5045.434944 0.000000
5045.481861 0.000000
5045.528779 0.000000
5045.575696 0.000000
5045.622614 0.000000
5045.669531 0.000000
5045.716449 0.000000
5045.763366 0.000000
5045.810284 0.000000
5045.857201 0.000000
5045.904119 0.000000
5045.951036 0.000000
5045.997954 0.000000
5046.044871 0.000000
5046.091789 0.000000
5046.138707 0.000000
5046.185624 0.000000
5046.232542 0.000000
5046.279459 0.000000
5046.326377 0.000000
5046.373294 0.000000
5046.420212 0.000000
5046.467129 0.000000
5046.514047 0.000000
5046.560964 0.000000
5046.607882 0.000000
5046.654799 0.000000
5046.701717 0.000000
5046.748634 0.000000
5046.795552 0.000000
5046.842469 0.000000
5046.889387 0.000000
5046.936304 0.000000
5046.983222 0.000000
5047.030139 0.000000
5047.077057 0.000000
5047.123974 0.000000
5047.170892 0.000000
5047.217809 0.000000
5047.264727 0.000000
5047.311644 0.000000
5047.358562 0.000000
5047.405480 0.000000
5047.452397 0.000000
5047.499315 0.000000
5047.546232 0.000000
5047.593150 0.000000
5047.640067 0.000000
5047.686985 0.000000
5047.733902 0.000000
5047.780820 0.000000
5047.827737 0.000000
5047.874655 0.000000
5047.921572 0.000000
5047.968490 0.000000
5048.015407 0.000000
5048.062325 0.000000
5048.109242 0.000000
5048.156160 0.000000
5048.203077 0.000000
5048.249995 0.000000
5048.296912 0.000000
5048.343830 0.000000
5048.390747 0.000000
5048.437665 0.000000
5048.484582 0.000000
5048.531500 0.000000
5048.578418 0.000000
5048.625335 0.000000
5048.672253 0.000000
5048.719170 0.000000
5048.766088 0.000000
5048.813005 0.000000
5048.859923 0.000000
5048.906840 0.000000
5048.953758 0.000000
5049.000675 0.000000
5049.047593 0.000000
5049.094510 0.000000
5049.141428 0.000000
5049.188345 0.000000
5049.235263 0.000000
5049.282180 0.000000
5049.329098 0.000000
5049.376015 0.000000
5049.422933 0.000000
5049.469850 0.000000
5049.516768 0.000000
5049.563685 0.000000
5049.610603 0.000000
5049.657520 0.000000
5049.704438 0.000000
5049.751355 0.000000
5049.798273 0.000000
5049.845191 0.000000
5049.892108 0.000000
5049.939026 0.000000
5049.985943 0.000000
5050.032861 0.000000
5050.079778 0.000000
5050.126696 0.000000
5050.173613 0.000000
5050.220531 0.000000
5050.267448 0.000000
5050.314366 0.000000
5050.361283 0.000000
5050.408201 0.000000
5050.455118 0.000000
5050.502036 0.000000
5050.548953 0.000000
5050.595871 0.000000
5050.642788 0.000000
5050.689706 0.000000
5050.736623 0.000000
5050.783541 0.000000
5050.830458 0.000000
5050.877376 0.000000
5050.924293 0.000000
5050.971211 0.000000
5051.018128 0.000000
5051.065046 0.000000
5051.111964 0.000000
5051.158881 0.000000
5051.205799 0.000000
5051.252716 0.000000
5051.299634 0.000000
5051.346551 0.000000
5051.393469 0.000000
5051.440386 0.000000
5051.487304 0.000000
5051.534221 0.000000
5051.581139 0.000000
5051.628056 0.000000
5051.674974 0.000000
5051.721891 0.000000
5051.768809 0.000000
5051.815726 0.000000
5051.862644 0.000000
5051.909561 0.000000
5051.956479 0.000000
5052.003396 0.000000
5052.050314 0.000000
5052.097231 0.000000
5052.144149 0.000000
5052.191066 0.000000
5052.237984 0.000000
5052.284902 0.000000
5052.331819 0.000000
5052.378737 0.000000
5052.425654 0.000000
5052.472572 0.000000
5052.519489 0.000000
5052.566407 0.000000
5052.613324 0.000000
5052.660242 0.000000
5052.707159 0.000000
5052.754077 0.000000
5052.800994 0.000000
5052.847912 0.000000
5052.894829 0.000000
5052.941747 0.000000
5052.988664 0.000000
5053.035582 0.000000
5053.082499 0.000000
5053.129417 0.000000
5053.176334 0.000000
5053.223252 0.000000
5053.270169 0.000000
5053.317087 0.000000
5053.364004 0.000000
5053.410922 0.000000
5053.457839 0.000000
5053.504757 0.000000
5053.551675 0.000000
5053.598592 0.000000
5053.645510 0.000000
5053.692427 0.000000
5053.739345 0.000000
5053.786262 0.000000
5053.833180 0.000000
5053.880097 0.000000
5053.927015 0.000000
5053.973932 0.000000
5054.020850 0.000000
5054.067767 0.000000
5054.114685 0.000000
5054.161602 0.000000
5054.208520 0.000000
5054.255437 0.000000
5054.302355 0.000000
5054.349272 0.000000
5054.396190 0.000000
5054.443107 0.000000
5054.490025 0.000000
5054.536942 0.000000
5054.583860 0.000000
5054.630777 0.000000
5054.677695 0.000000
5054.724612 0.000000
5054.771530 0.000000
5054.818448 0.000000
5054.865365 0.000000
5054.912283 0.000000
5054.959200 0.000000
5055.006118 0.000000
5055.053035 0.000000
5055.099953 0.000000
5055.146870 0.000000
5055.193788 0.000000
5055.240705 0.000000
5055.287623 0.000000
5055.334540 0.000000
5055.381458 0.000000
5055.428375 0.000000
5055.475293 0.000000
5055.522210 0.000000
5055.569128 0.000000
5055.616045 0.000000
5055.662963 0.000000
5055.709880 0.000000
5055.756798 0.000000
5055.803715 0.000000
5055.850633 0.000000
5055.897550 0.000000
5055.944468 0.000000
5055.991386 0.000000
5056.038303 0.000000
5056.085221 0.000000
5056.132138 0.000000
5056.179056 0.000000
5056.225973 0.000000
5056.272891 0.000000
5056.319808 0.000000
5056.366726 0.000000
5056.413643 0.000000
5056.460561 0.000000
5056.507478 0.000000
5056.554396 0.000000
5056.601313 0.000000
5056.648231 0.000000
5056.695148 0.000000
5056.742066 0.000000
5056.788983 0.000000
5056.835901 0.000000
5056.882818 0.000000
5056.929736 0.000000
5056.976653 0.000000
5057.023571 0.000000
5057.070488 0.000000
5057.117406 0.000000
5057.164323 0.000000
5057.211241 0.000000
5057.258159 0.000000
5057.305076 0.000000
5057.351994 0.000000
5057.398911 0.000000
5057.445829 0.000000
5057.492746 0.000000
5057.539664 0.000000
5057.586581 0.000000
5057.633499 0.000000
5057.680416 0.000000
5057.727334 0.000000
5057.774251 0.000000
5057.821169 0.000000
5057.868086 0.000000
5057.915004 0.000000
5057.961921 0.000000
5058.008839 0.000000
5058.055756 0.000000
5058.102674 0.000000
5058.149591 0.000000
5058.196509 0.000000
5058.243426 0.000000
5058.290344 0.000000
5058.337261 0.000000
5058.384179 0.000000
5058.431096 0.000000
5058.478014 0.000000
5058.524932 0.000000
5058.571849 0.000000
5058.618767 0.000000
5058.665684 0.000000
5058.712602 0.000000
5058.759519 0.000000
5058.806437 0.000000
5058.853354 0.000000
5058.900272 0.000000
5058.947189 0.000000
5058.994107 0.000000
5059.041024 0.000000
5059.087942 0.000000
5059.134859 0.000000
5059.181777 0.000000
5059.228694 0.000000
5059.275612 0.000000
5059.322529 0.000000
5059.369447 0.000000
5059.416364 0.000000
5059.463282 0.000000
5059.510199 0.000000
5059.557117 0.000000
5059.604034 0.000000
5059.650952 0.000000
5059.697870 0.000000
5059.744787 0.000000
5059.791705 0.000000
5059.838622 0.000000
5059.885540 0.000000
5059.932457 0.000000
5059.979375 0.000000
5060.026292 0.000000
5060.073210 0.000000
5060.120127 0.000000
5060.167045 0.000000
5060.213962 0.000000
5060.260880 0.000000
5060.307797 0.000000
5060.354715 0.000000
5060.401632 0.000000
5060.448550 0.000000
5060.495467 0.000000
5060.542385 0.000000
5060.589302 0.000000
5060.636220 0.000000
5060.683137 0.000000
5060.730055 0.000000
5060.776972 0.000000
5060.823890 0.000000
5060.870807 0.000000
5060.917725 0.000000
5060.964643 0.000000
5061.011560 0.000000
5061.058478 0.000000
5061.105395 0.000000
5061.152313 0.000000
5061.199230 0.000000
5061.246148 0.000000
5061.293065 0.000000
5061.339983 0.000000
5061.386900 0.000000
5061.433818 0.000000
5061.480735 0.000000
5061.527653 0.000000
5061.574570 0.000000
5061.621488 0.000000
5061.668405 0.000000
5061.715323 0.000000
5061.762240 0.000000
5061.809158 0.000000
5061.856075 0.000000
5061.902993 0.000000
5061.949910 0.000000
5061.996828 0.000000
5062.043745 0.000000
5062.090663 0.000000
5062.137580 0.000000
5062.184498 0.000000
5062.231416 0.000000
5062.278333 0.000000
5062.325251 0.000000
5062.372168 0.000000
5062.419086 0.000000
5062.466003 0.000000
5062.512921 0.000000
5062.559838 0.000000
5062.606756 0.000000
5062.653673 0.000000
5062.700591 0.000000
5062.747508 0.000000
5062.794426 0.000000
5062.841343 0.000000
5062.888261 0.000000
5062.935178 0.000000
5062.982096 0.000000
5063.029013 0.000000
5063.075931 0.000000
5063.122848 0.000000
5063.169766 0.000000
5063.216683 0.000000
5063.263601 0.000000
5063.310518 0.000000
5063.357436 0.000000
5063.404354 0.000000
5063.451271 0.000000
5063.498189 0.000000
5063.545106 0.000000
5063.592024 0.000000
5063.638941 0.000000
5063.685859 0.000000
5063.732776 0.000000
5063.779694 0.000000
5063.826611 0.000000
5063.873529 0.000000
5063.920446 0.000000
5063.967364 0.000000
5064.014281 0.000000
5064.061199 0.000000
5064.108116 0.000000
5064.155034 0.000000
5064.201951 0.000000
5064.248869 0.000000
5064.295786 0.000000
5064.342704 0.000000
5064.389621 0.000000
5064.436539 0.000000
5064.483456 0.000000
5064.530374 0.000000
5064.577291 0.000000
5064.624209 0.000000
5064.671127 0.000000
5064.718044 0.000000
5064.764962 0.000000
5064.811879 0.000000
5064.858797 0.000000
5064.905714 0.000000
5064.952632 0.000000
5064.999549 0.000000
5065.046467 0.000000
5065.093384 0.000000
5065.140302 0.000000
5065.187219 0.000000
5065.234137 0.000000
5065.281054 0.000000
5065.327972 0.000000
5065.374889 0.000000
5065.421807 0.000000
5065.468724 0.000000
5065.515642 0.000000
5065.562559 0.000000
5065.609477 0.000000
5065.656394 0.000000
5065.703312 0.000000
5065.750229 0.000000
5065.797147 0.000000
5065.844064 0.000000
5065.890982 0.000000
5065.937900 0.000000
5065.984817 0.000000
5066.031735 0.000000
5066.078652 0.000000
5066.125570 0.000000
5066.172487 0.000000
5066.219405 0.000000
5066.266322 0.000000
5066.313240 0.000000
5066.360157 0.000000
5066.407075 0.000000
5066.453992 0.000000
5066.500910 0.000000
5066.547827 0.000000
5066.594745 0.000000
5066.641662 0.000000
5066.688580 0.000000
5066.735497 0.000000
5066.782415 0.000000
5066.829332 0.000000
5066.876250 0.000000
5066.923167 0.000000
5066.970085 0.000000
5067.017002 0.000000
5067.063920 0.000000
5067.110838 0.000000
5067.157755 0.000000
5067.204673 0.000000
5067.251590 0.000000
5067.298508 0.000000
5067.345425 0.000000
5067.392343 0.000000
5067.439260 0.000000
5067.486178 0.000000
5067.533095 0.000000
5067.580013 0.000000
5067.626930 0.000000
5067.673848 0.000000
5067.720765 0.000000
5067.767683 0.000000
5067.814600 0.000000
5067.861518 0.000000
5067.908435 0.000000
5067.955353 0.000000
5068.002270 0.000000
5068.049188 0.000000
5068.096105 0.000000
5068.143023 0.000000
5068.189940 0.000000
5068.236858 0.000000
5068.283775 0.000000
5068.330693 0.000000
5068.377611 0.000000
5068.424528 0.000000
5068.471446 0.000000
5068.518363 0.000000
5068.565281 0.000000
5068.612198 0.000000
5068.659116 0.000000
5068.706033 0.000000
5068.752951 0.000000
5068.799868 0.000000
5068.846786 0.000000
5068.893703 0.000000
5068.940621 0.000000
5068.987538 0.000000
5069.034456 0.000000
5069.081373 0.000000
5069.128291 0.000000
5069.175208 0.000000
5069.222126 0.000000
5069.269043 0.000000
5069.315961 0.000000
5069.362878 0.000000
5069.409796 0.000000
5069.456713 0.000000
5069.503631 0.000000
5069.550548 0.000000
5069.597466 0.000000
5069.644384 0.000000
5069.691301 0.000000
5069.738219 0.000000
5069.785136 0.000000
5069.832054 0.000000
5069.878971 0.000000
5069.925889 0.000000
5069.972806 0.000000
