4900.028188 0.000000
4900.075167 0.000000
4900.122146 0.000000
4900.169125 0.000000
4900.216104 0.000000
4900.263084 0.000000
4900.310063 0.000000
4900.357042 0.000000
4900.404021 0.000000
4900.451001 0.000000
4900.497980 0.000000
4900.544959 0.000000
4900.591938 0.000000
4900.638918 0.000000
4900.685897 0.000000
4900.732876 0.000000
4900.779855 0.000000
4900.826835 0.000000
4900.873814 0.000000
4900.920793 0.000000
4900.967772 0.000000
4901.014751 0.000000
4901.061731 0.000000
4901.108710 0.000000
4901.155689 0.000000
4901.202668 0.000000
4901.249648 0.000000
4901.296627 0.000000
4901.343606 0.000000
4901.390585 0.000000
4901.437565 0.000000
4901.484544 0.000000
4901.531523 0.000000
4901.578502 0.000000
4901.625482 0.000000
4901.672461 0.000000
4901.719440 0.000000
4901.766419 0.000000
4901.813398 0.000000
4901.860378 0.000000
4901.907357 0.000000
4901.954336 0.000000
4902.001315 0.000000
4902.048295 0.000000
4902.095274 0.000000
4902.142253 0.000000
4902.189232 0.000000
4902.236212 0.000000
4902.283191 0.000000
4902.330170 0.000000
4902.377149 0.000000
4902.424129 0.000000
4902.471108 0.000000
4902.518087 0.000000
4902.565066 0.000000
4902.612045 0.000000
4902.659025 0.000000
4902.706004 0.000000
4902.752983 0.000000
4902.799962 0.000000
4902.846942 0.000000
4902.893921 0.000000
4902.940900 0.000000
4902.987879 0.000000
4903.034859 0.000000
4903.081838 0.000000
4903.128817 0.000000
4903.175796 0.000000
4903.222776 0.000000
4903.269755 0.000000
4903.316734 0.000000
4903.363713 0.000000
4903.410692 0.000000
4903.457672 0.000000
4903.504651 0.000000
4903.551630 0.000000
4903.598609 0.000000
4903.645589 0.000000
4903.692568 0.000000
4903.739547 0.000000
4903.786526 0.000000
4903.833506 0.000000
4903.880485 0.000000
4903.927464 0.000000
4903.974443 0.000000
4904.021423 0.000000
4904.068402 0.000000
4904.115381 0.000000
4904.162360 0.000000
4904.209339 0.000000
4904.256319 0.000000
4904.303298 0.000000
4904.350277 0.000000
4904.397256 0.000000
4904.444236 0.000000
4904.491215 0.000000
4904.538194 0.000000
4904.585173 0.000000
4904.632153 0.000000
4904.679132 0.000000
4904.726111 0.000000
4904.773090 0.000000
4904.820070 0.000000
4904.867049 0.000000
4904.914028 0.000000
4904.961007 0.000000
4905.007986 0.000000
4905.054966 0.000000
4905.101945 0.000000
4905.148924 0.000000
4905.195903 0.000000
4905.242883 0.000000
4905.289862 0.000000
4905.336841 0.000000
4905.383820 0.000000
4905.430800 0.000000
4905.477779 0.000000
4905.524758 0.000000
4905.571737 0.000000
4905.618717 0.000000
4905.665696 0.000000
4905.712675 0.000000
4905.759654 0.000000
4905.806633 0.000000
4905.853613 0.000000
4905.900592 0.000000
4905.947571 0.000000
4905.994550 0.000000
4906.041530 0.000000
4906.088509 0.000000
4906.135488 0.000000
4906.182467 0.000000
4906.229447 0.000000
4906.276426 0.000000
4906.323405 0.000000
4906.370384 0.000000
4906.417364 0.000000
4906.464343 0.000000
4906.511322 0.000000
4906.558301 0.000000
4906.605280 0.000000
4906.652260 0.000000
4906.699239 0.000000
4906.746218 0.000000
4906.793197 0.000000
4906.840177 0.000000
4906.887156 0.000000
4906.934135 0.000000
4906.981114 0.000000
4907.028094 0.000000
4907.075073 0.000000
4907.122052 0.000000
4907.169031 0.000000
4907.216011 0.000000
4907.262990 0.000000
4907.309969 0.000000
4907.356948 0.000000
4907.403927 0.000000
4907.450907 0.000000
4907.497886 0.000000
4907.544865 0.000000
4907.591844 0.000000
4907.638824 0.000000
4907.685803 0.000000
4907.732782 0.000000
4907.779761 0.000000
4907.826741 0.000000
4907.873720 0.000000
4907.920699 0.000000
4907.967678 0.000000
4908.014658 0.000000
4908.061637 0.000000
4908.108616 0.000000
4908.155595 0.000000
4908.202574 0.000000
4908.249554 0.000000
4908.296533 0.000000
4908.343512 0.000000
4908.390491 0.000000
4908.437471 0.000000
4908.484450 0.000000
4908.531429 0.000000
4908.578408 0.000000
4908.625388 0.000000
4908.672367 0.000000
4908.719346 0.000000
4908.766325 0.000000
4908.813305 0.000000
4908.860284 0.000000
4908.907263 0.000000
4908.954242 0.000000
4909.001221 0.000000
4909.048201 0.000000
4909.095180 0.000000
4909.142159 0.000000
4909.189138 0.000000
4909.236118 0.000000
4909.283097 0.000000
4909.330076 0.000000
4909.377055 0.000000
4909.424035 0.000000
4909.471014 0.000000
4909.517993 0.000000
4909.564972 0.000000
4909.611952 0.000000
4909.658931 0.000000
4909.705910 0.000000
4909.752889 0.000000
4909.799868 0.000000
4909.846848 0.000000
4909.893827 0.000000
4909.940806 0.000000
4909.987785 0.000000
4910.034765 0.000000
4910.081744 0.000000
4910.128723 0.000000
4910.175702 0.000000
4910.222682 0.000000
4910.269661 0.000000
4910.316640 0.000000
4910.363619 0.000000
4910.410599 0.000000
4910.457578 0.000000
4910.504557 0.000000
4910.551536 0.000000
4910.598515 0.000000
4910.645495 0.000000
4910.692474 0.000000
4910.739453 0.000000
4910.786432 0.000000
4910.833412 0.000000
4910.880391 0.000000
4910.927370 0.000000
4910.974349 0.000000
4911.021329 0.000000
4911.068308 0.000000
4911.115287 0.000000
4911.162266 0.000000
4911.209246 0.000000
4911.256225 0.000000
4911.303204 0.000000
4911.350183 0.000000
4911.397162 0.000000
4911.444142 0.000000
4911.491121 0.000000
4911.538100 0.000000
4911.585079 0.000000
4911.632059 0.000000
4911.679038 0.000000
4911.726017 0.000000
4911.772996 0.000000
4911.819976 0.000000
4911.866955 0.000000
4911.913934 0.000000
4911.960913 0.000000
4912.007893 0.000000
4912.054872 0.000000
4912.101851 0.000000
4912.148830 0.000000
4912.195809 0.000000
4912.242789 0.000000
4912.289768 0.000000
4912.336747 0.000000
4912.383726 0.000000
4912.430706 0.000000
4912.477685 0.000000
4912.524664 0.000000
4912.571643 0.000000
4912.618623 0.000000
4912.665602 0.000000
4912.712581 0.000000
4912.759560 0.000000
4912.806540 0.000000
4912.853519 0.000000
4912.900498 0.000000
4912.947477 0.000000
4912.994456 0.000000
4913.041436 0.000000
4913.088415 0.000000
4913.135394 0.000000
4913.182373 0.000000
4913.229353 0.000000
4913.276332 0.000000
4913.323311 0.000000
4913.370290 0.000000
4913.417270 0.000000
4913.464249 0.000000
4913.511228 0.000000
4913.558207 0.000000
4913.605187 0.000000
4913.652166 0.000000
4913.699145 0.000000
4913.746124 0.000000
4913.793103 0.000000
4913.840083 0.000000
4913.887062 0.000000
4913.934041 0.000000
4913.981020 0.000000
4914.028000 0.000000
4914.074979 0.000000
4914.121958 0.000000
4914.168937 0.000000
4914.215917 0.000000
4914.262896 0.000000
4914.309875 0.000000
4914.356854 0.000000
4914.403834 0.000000
4914.450813 0.000000
4914.497792 0.000000
4914.544771 0.000000
4914.591750 0.000000
4914.638730 0.000000
4914.685709 0.000000
4914.732688 0.000000
4914.779667 0.000000
4914.826647 0.000000
4914.873626 0.000000
4914.920605 0.000000
4914.967584 0.000000
4915.014564 0.000000
4915.061543 0.000000
4915.108522 0.000000
4915.155501 0.000000
4915.202481 0.000000
4915.249460 0.000000
4915.296439 0.000000
4915.343418 0.000000
4915.390397 0.000000
4915.437377 0.000000
4915.484356 0.000000
4915.531335 0.000000
4915.578314 0.000000
4915.625294 0.000000
4915.672273 0.000000
4915.719252 0.000000
4915.766231 0.000000
4915.813211 0.000000
4915.860190 0.000000
4915.907169 0.000000
4915.954148 0.000000
4916.001128 0.000000
4916.048107 0.000000
4916.095086 0.000000
4916.142065 0.000000
4916.189044 0.000000
4916.236024 0.000000
4916.283003 0.000000
4916.329982 0.000000
4916.376961 0.000000
4916.423941 0.000000
4916.470920 0.000000
4916.517899 0.000000
4916.564878 0.000000
4916.611858 0.000000
4916.658837 0.000000
4916.705816 0.000000
4916.752795 0.000000
4916.799774 0.000000
4916.846754 0.000000
4916.893733 0.000000
4916.940712 0.000000
4916.987691 0.000000
4917.034671 0.000000
4917.081650 0.000000
4917.128629 0.000000
4917.175608 0.000000
4917.222588 0.000000
4917.269567 0.000000
4917.316546 0.000000
4917.363525 0.000000
4917.410505 0.000000
4917.457484 0.000000
4917.504463 0.000000
4917.551442 0.000000
4917.598421 0.000000
4917.645401 0.000000
4917.692380 0.000000
4917.739359 0.000000
4917.786338 0.000000
4917.833318 0.000000
4917.880297 0.000000
4917.927276 0.000000
4917.974255 0.000000
4918.021235 0.000000
4918.068214 0.000000
4918.115193 0.000000
4918.162172 0.000000
4918.209152 0.000000
4918.256131 0.000000
4918.303110 0.000000
4918.350089 0.000000
4918.397068 0.000000
4918.444048 0.000000
4918.491027 0.000000
4918.538006 0.000000
4918.584985 0.000000
4918.631965 0.000000
4918.678944 0.000000
4918.725923 0.000000
4918.772902 0.000000
4918.819882 0.000000
4918.866861 0.000000
4918.913840 0.000000
4918.960819 0.000000
4919.007799 0.000000
4919.054778 0.000000
4919.101757 0.000000
4919.148736 0.000000
4919.195715 0.000000
4919.242695 0.000000
4919.289674 0.000000
4919.336653 0.000000
4919.383632 0.000000
4919.430612 0.000000
4919.477591 0.000000
4919.524570 0.000000
4919.571549 0.000000
4919.618529 0.000000
4919.665508 0.000000
4919.712487 0.000000
4919.759466 0.000000
4919.806446 0.000000
4919.853425 0.000000
4919.900404 0.000000
4919.947383 0.000000
4919.994362 0.000000
4920.041342 0.000000
4920.088321 0.000000
4920.135300 0.000000
4920.182279 0.000000
4920.229259 0.000000
4920.276238 0.000000
4920.323217 0.000000
4920.370196 0.000000
4920.417176 0.000000
4920.464155 0.000000
4920.511134 0.000000
4920.558113 0.000000
4920.605093 0.000000
4920.652072 0.000000
4920.699051 0.000000
4920.746030 0.000000
4920.793009 0.000000
4920.839989 0.000000
4920.886968 0.000000
4920.933947 0.000000
4920.980926 0.000000
4921.027906 0.000000
4921.074885 0.000000
4921.121864 0.000000
4921.168843 0.000000
4921.215823 0.000000
4921.262802 0.000000
4921.309781 0.000000
4921.356760 0.000000
4921.403740 0.000000
4921.450719 0.000000
4921.497698 0.000000
4921.544677 0.000000
4921.591656 0.000000
4921.638636 0.000000
4921.685615 0.000000
4921.732594 0.000000
4921.779573 0.000000
4921.826553 0.000000
4921.873532 0.000000
4921.920511 0.000000
4921.967490 0.000000
4922.014470 0.000000
4922.061449 0.000000
4922.108428 0.000000
4922.155407 0.000000
4922.202387 0.000000
4922.249366 0.000000
4922.296345 0.000000
4922.343324 0.000000
4922.390303 0.000000
4922.437283 0.000000
4922.484262 0.000000
4922.531241 0.000000
4922.578220 0.000000
4922.625200 0.000000
4922.672179 0.000000
4922.719158 0.000000
4922.766137 0.000000
4922.813117 0.000000
4922.860096 0.000000
4922.907075 0.000000
4922.954054 0.000000
4923.001034 0.000000
4923.048013 0.000000
4923.094992 0.000000
4923.141971 0.000000
4923.188950 0.000000
4923.235930 0.000000
4923.282909 0.000000
4923.329888 0.000000
4923.376867 0.000000
4923.423847 0.000000
4923.470826 0.000000
4923.517805 0.000000
4923.564784 0.000000
4923.611764 0.000000
4923.658743 0.000000
4923.705722 0.000000
4923.752701 0.000000
4923.799681 0.000000
4923.846660 0.000000
4923.893639 0.000000
4923.940618 0.000000
4923.987597 0.000000
4924.034577 0.000000
4924.081556 0.000000
4924.128535 0.000000
4924.175514 0.000000
4924.222494 0.000000
4924.269473 0.000000
4924.316452 0.000000
4924.363431 0.000000
4924.410411 0.000000
4924.457390 0.000000
4924.504369 0.000000
4924.551348 0.000000
4924.598328 0.000000
4924.645307 0.000000
4924.692286 0.000000
4924.739265 0.000000
4924.786244 0.000000
4924.833224 0.000000
4924.880203 0.000000
4924.927182 0.000000
4924.974161 0.000000
4925.021141 0.000000
4925.068120 0.000000
4925.115099 0.000000
4925.162078 0.000000
4925.209058 0.000000
4925.256037 0.000000
4925.303016 0.000000
4925.349995 0.000000
4925.396975 0.000000
4925.443954 0.000000
4925.490933 0.000000
4925.537912 0.000000
4925.584891 0.000000
4925.631871 0.000000
4925.678850 0.000000
4925.725829 0.000000
4925.772808 0.000000
4925.819788 0.000000
4925.866767 0.000000
4925.913746 0.000000
4925.960725 0.000000
4926.007705 0.000000
4926.054684 0.000000
4926.101663 0.000000
4926.148642 0.000000
4926.195622 0.000000
4926.242601 0.000000
4926.289580 0.000000
4926.336559 0.000000
4926.383538 0.000000
4926.430518 0.000000
4926.477497 0.000000
4926.524476 0.000000
4926.571455 0.000000
4926.618435 0.000000
4926.665414 0.000000
4926.712393 0.000000
4926.759372 0.000000
4926.806352 0.000000
4926.853331 0.000000
4926.900310 0.000000
4926.947289 0.000000
4926.994269 0.000000
4927.041248 0.000000
4927.088227 0.000000
4927.135206 0.000000
4927.182185 0.000000
4927.229165 0.000000
4927.276144 0.000000
4927.323123 0.000000
4927.370102 0.000000
4927.417082 0.000000
4927.464061 0.000000
4927.511040 0.000000
4927.558019 0.000000
4927.604999 0.000000
4927.651978 0.000000
4927.698957 0.000000
4927.745936 0.000000
4927.792916 0.000000
4927.839895 0.000000
4927.886874 0.000000
4927.933853 0.000000
4927.980832 0.000000
4928.027812 0.000000
4928.074791 0.000000
4928.121770 0.000000
4928.168749 0.000000
4928.215729 0.000000
4928.262708 0.000000
4928.309687 0.000000
4928.356666 0.000000
4928.403646 0.000000
4928.450625 0.000000
4928.497604 0.000000
4928.544583 0.000000
4928.591563 0.000000
4928.638542 0.000000
4928.685521 0.000000
4928.732500 0.000000
4928.779479 0.000000
4928.826459 0.000000
4928.873438 0.000000
4928.920417 0.000000
4928.967396 0.000000
4929.014376 0.000000
4929.061355 0.000000
4929.108334 0.000000
4929.155313 0.000000
4929.202293 0.000000
4929.249272 0.000000
4929.296251 0.000000
4929.343230 0.000000
4929.390210 0.000000
4929.437189 0.000000
4929.484168 0.000000
4929.531147 0.000000
4929.578126 0.000000
4929.625106 0.000000
4929.672085 0.000000
4929.719064 0.000000
4929.766043 0.000000
4929.813023 0.000000
4929.860002 0.000000
4929.906981 0.000000
4929.953960 0.000000
4930.000940 0.000000
4930.047919 0.000000
4930.094898 0.000000
4930.141877 0.000000
4930.188857 0.000000
4930.235836 0.000000
4930.282815 0.000000
4930.329794 0.000000
4930.376773 0.000000
4930.423753 0.000000
4930.470732 0.000000
4930.517711 0.000000
4930.564690 0.000000
4930.611670 0.000000
4930.658649 0.000000
4930.705628 0.000000
4930.752607 0.000000
4930.799587 0.000000
4930.846566 0.000000
4930.893545 0.000000
4930.940524 0.000000
4930.987504 0.000000
4931.034483 0.000000
4931.081462 0.000000
4931.128441 0.000000
4931.175420 0.000000
4931.222400 0.000000
4931.269379 0.000000
4931.316358 0.000000
4931.363337 0.000000
4931.410317 0.000000
4931.457296 0.000000
4931.504275 0.000000
4931.551254 0.000000
4931.598234 0.000000
4931.645213 0.000000
4931.692192 0.000000
4931.739171 0.000000
4931.786151 0.000000
4931.833130 0.000000
4931.880109 0.000000
4931.927088 0.000000
4931.974067 0.000000
4932.021047 0.000000
4932.068026 0.000000
4932.115005 0.000000
4932.161984 0.000000
4932.208964 0.000000
4932.255943 0.000000
4932.302922 0.000000
4932.349901 0.000000
4932.396881 0.000000
4932.443860 0.000000
4932.490839 0.000000
4932.537818 0.000000
4932.584798 0.000000
4932.631777 0.000000
4932.678756 0.000000
4932.725735 0.000000
4932.772714 0.000000
4932.819694 0.000000
4932.866673 0.000000
4932.913652 0.000000
4932.960631 0.000000
4933.007611 0.000000
4933.054590 0.000000
4933.101569 0.000000
4933.148548 0.000000
4933.195528 0.000000
4933.242507 0.000000
4933.289486 0.000000
4933.336465 0.000000
4933.383445 0.000000
4933.430424 0.000000
4933.477403 0.000000
4933.524382 0.000000
4933.571361 0.000000
4933.618341 0.000000
4933.665320 0.000000
4933.712299 0.000000
4933.759278 0.000000
4933.806258 0.000000
4933.853237 0.000000
4933.900216 0.000000
4933.947195 0.000000
4933.994175 0.000000
4934.041154 0.000000
4934.088133 0.000000
4934.135112 0.000000
4934.182092 0.000000
4934.229071 0.000000
4934.276050 0.000000
4934.323029 0.000000
4934.370008 0.000000
4934.416988 0.000000
4934.463967 0.000000
4934.510946 0.000000
4934.557925 0.000000
4934.604905 0.000000
4934.651884 0.000000
4934.698863 0.000000
4934.745842 0.000000
4934.792822 0.000000
4934.839801 0.000000
4934.886780 0.000000
4934.933759 0.000000
4934.980739 0.000000
4935.027718 0.000000
4935.074697 0.000000
4935.121676 0.000000
4935.168655 0.000000
4935.215635 0.000000
4935.262614 0.000000
4935.309593 0.000000
4935.356572 0.000000
4935.403552 0.000000
4935.450531 0.000000
4935.497510 0.000000
4935.544489 0.000000
4935.591469 0.000000
4935.638448 0.000000
4935.685427 0.000000
4935.732406 0.000000
4935.779386 0.000000
4935.826365 0.000000
4935.873344 0.000000
4935.920323 0.000000
4935.967302 0.000000
4936.014282 0.000000
4936.061261 0.000000
4936.108240 0.000000
4936.155219 0.000000
4936.202199 0.000000
4936.249178 0.000000
4936.296157 0.000000
4936.343136 0.000000
4936.390116 0.000000
4936.437095 0.000000
4936.484074 0.000000
4936.531053 0.000000
4936.578033 0.000000
4936.625012 0.000000
4936.671991 0.000000
4936.718970 0.000000
4936.765949 0.000000
4936.812929 0.000000
4936.859908 0.000000
4936.906887 0.000000
4936.953866 0.000000
4937.000846 0.000000
4937.047825 0.000000
4937.094804 0.000000
4937.141783 0.000000
4937.188763 0.000000
4937.235742 0.000000
4937.282721 0.000000
4937.329700 0.000000
4937.376680 0.000000
4937.423659 0.000000
4937.470638 0.000000
4937.517617 0.000000
4937.564596 0.000000
4937.611576 0.000000
4937.658555 0.000000
4937.705534 0.000000
4937.752513 0.000000
4937.799493 0.000000
4937.846472 0.000000
4937.893451 0.000000
4937.940430 0.000000
4937.987410 0.000000
4938.034389 0.000000
4938.081368 0.000000
4938.128347 0.000000
4938.175327 0.000000
4938.222306 0.000000
4938.269285 0.000000
4938.316264 0.000000
4938.363243 0.000000
4938.410223 0.000000
4938.457202 0.000000
4938.504181 0.000000
4938.551160 0.000000
4938.598140 0.000000
4938.645119 0.000000
4938.692098 0.000000
4938.739077 0.000000
4938.786057 0.000000
4938.833036 0.000000
4938.880015 0.000000
4938.926994 0.000000
4938.973974 0.000000
4939.020953 0.000000
4939.067932 0.000000
4939.114911 0.000000
4939.161890 0.000000
4939.208870 0.000000
4939.255849 0.000000
4939.302828 0.000000
4939.349807 0.000000
4939.396787 0.000000
4939.443766 0.000000
4939.490745 0.000000
4939.537724 0.000000
4939.584704 0.000000
4939.631683 0.000000
4939.678662 0.000000
4939.725641 0.000000
4939.772621 0.000000
4939.819600 0.000000
4939.866579 0.000000
4939.913558 0.000000
4939.960537 0.000000
4940.007517 0.000000
4940.054496 0.000000
4940.101475 0.000000
4940.148454 0.000000
4940.195434 0.000000
4940.242413 0.000000
4940.289392 0.000000
4940.336371 0.000000
4940.383351 0.000000
4940.430330 0.000000
4940.477309 0.000000
4940.524288 0.000000
4940.571267 0.000000
4940.618247 0.000000
4940.665226 0.000000
4940.712205 0.000000
4940.759184 0.000000
4940.806164 0.000000
4940.853143 0.000000
4940.900122 0.000000
4940.947101 0.000000
4940.994081 0.000000
4941.041060 0.000000
4941.088039 0.000000
4941.135018 0.000000
4941.181998 0.000000
4941.228977 0.000000
4941.275956 0.000000
4941.322935 0.000000
4941.369914 0.000000
4941.416894 0.000000
4941.463873 0.000000
4941.510852 0.000000
4941.557831 0.000000
4941.604811 0.000000
4941.651790 0.000000
4941.698769 0.000000
4941.745748 0.000000
4941.792728 0.000000
4941.839707 0.000000
4941.886686 0.000000
4941.933665 0.000000
4941.980645 0.000000
4942.027624 0.000000
4942.074603 0.000000
4942.121582 0.000000
4942.168561 0.000000
4942.215541 0.000000
4942.262520 0.000000
4942.309499 0.000000
4942.356478 0.000000
4942.403458 0.000000
4942.450437 0.000000
4942.497416 0.000000
4942.544395 0.000000
4942.591375 0.000000
4942.638354 0.000000
4942.685333 0.000000
4942.732312 0.000000
4942.779292 0.000000
4942.826271 0.000000
4942.873250 0.000000
4942.920229 0.000000
4942.967208 0.000000
4943.014188 0.000000
4943.061167 0.000000
4943.108146 0.000000
4943.155125 0.000000
4943.202105 0.000000
4943.249084 0.000000
4943.296063 0.000000
4943.343042 0.000000
4943.390022 0.000000
4943.437001 0.000000
4943.483980 0.000000
4943.530959 0.000000
4943.577939 0.000000
4943.624918 0.000000
4943.671897 0.000000
4943.718876 0.000000
4943.765855 0.000000
4943.812835 0.000000
4943.859814 0.000000
4943.906793 0.000000
4943.953772 0.000000
4944.000752 0.000000
4944.047731 0.000000
4944.094710 0.000000
4944.141689 0.000000
4944.188669 0.000000
4944.235648 0.000000
4944.282627 0.000000
4944.329606 0.000000
4944.376586 0.000000
4944.423565 0.000000
4944.470544 0.000000
4944.517523 0.000000
4944.564502 0.000000
4944.611482 0.000000
4944.658461 0.000000
4944.705440 0.000000
4944.752419 0.000000
4944.799399 0.000000
4944.846378 0.000000
4944.893357 0.000000
4944.940336 0.000000
4944.987316 0.000000
4945.034295 0.000000
4945.081274 0.000000
4945.128253 0.000000
4945.175233 0.000000
4945.222212 0.000000
4945.269191 0.000000
4945.316170 0.000000
4945.363149 0.000000
4945.410129 0.000000
4945.457108 0.000000
4945.504087 0.000000
4945.551066 0.000000
4945.598046 0.000000
4945.645025 0.000000
4945.692004 0.000000
4945.738983 0.000000
4945.785963 0.000000
4945.832942 0.000000
4945.879921 0.000000
4945.926900 0.000000
4945.973880 0.000000
4946.020859 0.000000
4946.067838 0.000000
4946.114817 0.000000
4946.161796 0.000000
4946.208776 0.000000
4946.255755 0.000000
4946.302734 0.000000
4946.349713 0.000000
4946.396693 0.000000
4946.443672 0.000000
4946.490651 0.000000
4946.537630 0.000000
4946.584610 0.000000
4946.631589 0.000000
4946.678568 0.000000
4946.725547 0.000000
4946.772527 0.000000
4946.819506 0.000000
4946.866485 0.000000
4946.913464 0.000000
4946.960443 0.000000
4947.007423 0.000000
4947.054402 0.000000
4947.101381 0.000000
4947.148360 0.000000
4947.195340 0.000000
4947.242319 0.000000
4947.289298 0.000000
4947.336277 0.000000
4947.383257 0.000000
4947.430236 0.000000
4947.477215 0.000000
4947.524194 0.000000
4947.571174 0.000000
4947.618153 0.000000
4947.665132 0.000000
4947.712111 0.000000
4947.759090 0.000000
4947.806070 0.000000
4947.853049 0.000000
4947.900028 0.000000
4947.947007 0.000000
4947.993987 0.000000
4948.040966 0.000000
4948.087945 0.000000
4948.134924 0.000000
4948.181904 0.000000
4948.228883 0.000000
4948.275862 0.000000
4948.322841 0.000000
4948.369821 0.000000
4948.416800 0.000000
4948.463779 0.000000
4948.510758 0.000000
4948.557737 0.000000
4948.604717 0.000000
4948.651696 0.000000
4948.698675 0.000000
4948.745654 0.000000
4948.792634 0.000000
4948.839613 0.000000
4948.886592 0.000000
4948.933571 0.000000
4948.980551 0.000000
4949.027530 0.000000
4949.074509 0.000000
4949.121488 0.000000
4949.168468 0.000000
4949.215447 0.000000
4949.262426 0.000000
4949.309405 0.000000
4949.356384 0.000000
4949.403364 0.000000
4949.450343 0.000000
4949.497322 0.000000
4949.544301 0.000000
4949.591281 0.000000
4949.638260 0.000000
4949.685239 0.000000
4949.732218 0.000000
4949.779198 0.000000
4949.826177 0.000000
4949.873156 0.000000
4949.920135 0.000000
4949.967115 0.000000
4950.014094 0.000000
4950.061073 0.000000
4950.108052 0.000000
4950.155031 0.000000
4950.202011 0.000000
4950.248990 0.000000
4950.295969 0.000000
4950.342948 0.000000
4950.389928 0.000000
4950.436907 0.000000
4950.483886 0.000000
4950.530865 0.000000
4950.577845 0.000000
4950.624824 0.000000
4950.671803 0.000000
4950.718782 0.000000
4950.765762 0.000000
4950.812741 0.000000
4950.859720 0.000000
4950.906699 0.000000
4950.953678 0.000000
4951.000658 0.000000
4951.047637 0.000000
4951.094616 0.000000
4951.141595 0.000000
4951.188575 0.000000
4951.235554 0.000000
4951.282533 0.000000
4951.329512 0.000000
4951.376492 0.000000
4951.423471 0.000000
4951.470450 0.000000
4951.517429 0.000000
4951.564409 0.000000
4951.611388 0.000000
4951.658367 0.000000
4951.705346 0.000000
4951.752325 0.000000
4951.799305 0.000000
4951.846284 0.000000
4951.893263 0.000000
4951.940242 0.000000
4951.987222 0.000000
4952.034201 0.000000
4952.081180 0.000000
4952.128159 0.000000
4952.175139 0.000000
4952.222118 0.000000
4952.269097 0.000000
4952.316076 0.000000
4952.363056 0.000000
4952.410035 0.000000
4952.457014 0.000000
4952.503993 0.000000
4952.550972 0.000000
4952.597952 0.000000
4952.644931 0.000000
4952.691910 0.000000
4952.738889 0.000000
4952.785869 0.000000
4952.832848 0.000000
4952.879827 0.000000
4952.926806 0.000000
4952.973786 0.000000
4953.020765 0.000000
4953.067744 0.000000
4953.114723 0.000000
4953.161703 0.000000
4953.208682 0.000000
4953.255661 0.000000
4953.302640 0.000000
4953.349619 0.000000
4953.396599 0.000000
4953.443578 0.000000
4953.490557 0.000000
4953.537536 0.000000
4953.584516 0.000000
4953.631495 0.000000
4953.678474 0.000000
4953.725453 0.000000
4953.772433 0.000000
4953.819412 0.000000
4953.866391 0.000000
4953.913370 0.000000
4953.960350 0.000000
4954.007329 0.000000
4954.054308 0.000000
4954.101287 0.000000
4954.148266 0.000000
4954.195246 0.000000
4954.242225 0.000000
4954.289204 0.000000
4954.336183 0.000000
4954.383163 0.000000
4954.430142 0.000000
4954.477121 0.000000
4954.524100 0.000000
4954.571080 0.000000
4954.618059 0.000000
4954.665038 0.000000
4954.712017 0.000000
4954.758997 0.000000
4954.805976 0.000000
4954.852955 0.000000
4954.899934 0.000000
4954.946913 0.000000
4954.993893 0.000000
4955.040872 0.000000
4955.087851 0.000000
4955.134830 0.000000
4955.181810 0.000000
4955.228789 0.000000
4955.275768 0.000000
4955.322747 0.000000
4955.369727 0.000000
4955.416706 0.000000
4955.463685 0.000000
4955.510664 0.000000
4955.557644 0.000000
4955.604623 0.000000
4955.651602 0.000000
4955.698581 0.000000
4955.745560 0.000000
4955.792540 0.000000
4955.839519 0.000000
4955.886498 0.000000
4955.933477 0.000000
4955.980457 0.000000
4956.027436 0.000000
4956.074415 0.000000
4956.121394 0.000000
4956.168374 0.000000
4956.215353 0.000000
4956.262332 0.000000
4956.309311 0.000000
4956.356291 0.000000
4956.403270 0.000000
4956.450249 0.000000
4956.497228 0.000000
4956.544207 0.000000
4956.591187 0.000000
4956.638166 0.000000
4956.685145 0.000000
4956.732124 0.000000
4956.779104 0.000000
4956.826083 0.000000
4956.873062 0.000000
4956.920041 0.000000
4956.967021 0.000000
4957.014000 0.000000
4957.060979 0.000000
4957.107958 0.000000
4957.154938 0.000000
4957.201917 0.000000
4957.248896 0.000000
4957.295875 0.000000
4957.342854 0.000000
4957.389834 0.000000
4957.436813 0.000000
4957.483792 0.000000
4957.530771 0.000000
4957.577751 0.000000
4957.624730 0.000000
4957.671709 0.000000
4957.718688 0.000000
4957.765668 0.000000
4957.812647 0.000000
4957.859626 0.000000
4957.906605 0.000000
4957.953585 0.000000
4958.000564 0.000000
4958.047543 0.000000
4958.094522 0.000000
4958.141501 0.000000
4958.188481 0.000000
4958.235460 0.000000
4958.282439 0.000000
4958.329418 0.000000
4958.376398 0.000000
4958.423377 0.000000
4958.470356 0.000000
4958.517335 0.000000
4958.564315 0.000000
4958.611294 0.000000
4958.658273 0.000000
4958.705252 0.000000
4958.752232 0.000000
4958.799211 0.000000
4958.846190 0.000000
4958.893169 0.000000
4958.940148 0.000000
4958.987128 0.000000
4959.034107 0.000000
4959.081086 0.000000
4959.128065 0.000000
4959.175045 0.000000
4959.222024 0.000000
4959.269003 0.000000
4959.315982 0.000000
4959.362962 0.000000
4959.409941 0.000000
4959.456920 0.000000
4959.503899 0.000000
4959.550879 0.000000
4959.597858 0.000000
4959.644837 0.000000
4959.691816 0.000000
4959.738795 0.000000
4959.785775 0.000000
4959.832754 0.000000
4959.879733 0.000000
4959.926712 0.000000
4959.973692 0.000000
4960.020671 0.000000
4960.067650 0.000000
4960.114629 0.000000
4960.161609 0.000000
4960.208588 0.000000
4960.255567 0.000000
4960.302546 0.000000
4960.349526 0.000000
4960.396505 0.000000
4960.443484 0.000000
4960.490463 0.000000
4960.537442 0.000000
4960.584422 0.000000
4960.631401 0.000000
4960.678380 0.000000
4960.725359 0.000000
4960.772339 0.000000
4960.819318 0.000000
4960.866297 0.000000
4960.913276 0.000000
4960.960256 0.000000
4961.007235 0.000000
4961.054214 0.000000
4961.101193 0.000000
4961.148173 0.000000
4961.195152 0.000000
4961.242131 0.000000
4961.289110 0.000000
4961.336089 0.000000
4961.383069 0.000000
4961.430048 0.000000
4961.477027 0.000000
4961.524006 0.000000
4961.570986 0.000000
4961.617965 0.000000
4961.664944 0.000000
4961.711923 0.000000
4961.758903 0.000000
4961.805882 0.000000
4961.852861 0.000000
4961.899840 0.000000
4961.946820 0.000001
4961.993799 0.000001
4962.040778 0.000001
4962.087757 0.000001
4962.134736 0.000001
4962.181716 0.000001
4962.228695 0.000001
4962.275674 0.000001
4962.322653 0.000001
4962.369633 0.000001
4962.416612 0.000001
4962.463591 0.000001
4962.510570 0.000001
4962.557550 0.000001
4962.604529 0.000001
4962.651508 0.000001
4962.698487 0.000001
4962.745467 0.000001
4962.792446 0.000001
4962.839425 0.000001
4962.886404 0.000001
4962.933383 0.000001
4962.980363 0.000001
4963.027342 0.000001
4963.074321 0.000001
4963.121300 0.000001
4963.168280 0.000001
4963.215259 0.000001
4963.262238 0.000001
4963.309217 0.000001
4963.356197 0.000001
4963.403176 0.000001
4963.450155 0.000001
4963.497134 0.000001
4963.544114 0.000001
4963.591093 0.000001
4963.638072 0.000001
4963.685051 0.000001
4963.732030 0.000001
4963.779010 0.000001
4963.825989 0.000001
4963.872968 0.000001
4963.919947 0.000002
4963.966927 0.000002
4964.013906 0.000002
4964.060885 0.000002
4964.107864 0.000002
4964.154844 0.000002
4964.201823 0.000002
4964.248802 0.000002
4964.295781 0.000002
4964.342760 0.000002
4964.389740 0.000002
4964.436719 0.000002
4964.483698 0.000002
4964.530677 0.000002
4964.577657 0.000002
4964.624636 0.000002
4964.671615 0.000002
4964.718594 0.000002
4964.765574 0.000002
4964.812553 0.000002
4964.859532 0.000002
4964.906511 0.000003
4964.953491 0.000003
4965.000470 0.000003
4965.047449 0.000003
4965.094428 0.000003
4965.141407 0.000003
4965.188387 0.000003
4965.235366 0.000003
4965.282345 0.000003
4965.329324 0.000003
4965.376304 0.000003
4965.423283 0.000003
4965.470262 0.000003
4965.517241 0.000003
4965.564221 0.000004
4965.611200 0.000004
4965.658179 0.000004
4965.705158 0.000004
4965.752138 0.000004
4965.799117 0.000004
4965.846096 0.000004
4965.893075 0.000004
4965.940054 0.000004
4965.987034 0.000004
4966.034013 0.000005
4966.080992 0.000005
4966.127971 0.000005
4966.174951 0.000005
4966.221930 0.000005
4966.268909 0.000005
4966.315888 0.000005
4966.362868 0.000005
4966.409847 0.000005
4966.456826 0.000006
4966.503805 0.000006
4966.550785 0.000006
4966.597764 0.000006
4966.644743 0.000006
4966.691722 0.000006
4966.738701 0.000006
4966.785681 0.000007
4966.832660 0.000007
4966.879639 0.000007
4966.926618 0.000007
4966.973598 0.000007
4967.020577 0.000007
4967.067556 0.000008
4967.114535 0.000008
4967.161515 0.000008
4967.208494 0.000008
4967.255473 0.000008
4967.302452 0.000009
4967.349432 0.000009
4967.396411 0.000009
4967.443390 0.000009
4967.490369 0.000009
4967.537348 0.000010
4967.584328 0.000010
4967.631307 0.000010
4967.678286 0.000010
4967.725265 0.000011
4967.772245 0.000011
4967.819224 0.000011
4967.866203 0.000011
4967.913182 0.000012
4967.960162 0.000012
4968.007141 0.000012
4968.054120 0.000012
4968.101099 0.000013
4968.148079 0.000013
4968.195058 0.000013
4968.242037 0.000014
4968.289016 0.000014
4968.335995 0.000014
4968.382975 0.000015
4968.429954 0.000015
4968.476933 0.000015
4968.523912 0.000016
4968.570892 0.000016
4968.617871 0.000016
4968.664850 0.000017
4968.711829 0.000017
4968.758809 0.000017
4968.805788 0.000018
4968.852767 0.000018
4968.899746 0.000019
4968.946726 0.000019
4968.993705 0.000019
4969.040684 0.000020
4969.087663 0.000020
4969.134642 0.000021
4969.181622 0.000021
4969.228601 0.000022
4969.275580 0.000022
4969.322559 0.000023
4969.369539 0.000023
4969.416518 0.000024
4969.463497 0.000024
4969.510476 0.000025
4969.557456 0.000025
4969.604435 0.000026
4969.651414 0.000026
4969.698393 0.000027
4969.745373 0.000028
4969.792352 0.000028
4969.839331 0.000029
4969.886310 0.000029
4969.933289 0.000030
4969.980269 0.000031
4970.027248 0.000031
4970.074227 0.000032
4970.121206 0.000033
4970.168186 0.000034
4970.215165 0.000034
4970.262144 0.000035
4970.309123 0.000036
4970.356103 0.000036
4970.403082 0.000037
4970.450061 0.000038
4970.497040 0.000039
4970.544020 0.000040
4970.590999 0.000041
4970.637978 0.000041
4970.684957 0.000042
4970.731936 0.000043
4970.778916 0.000044
4970.825895 0.000045
4970.872874 0.000046
4970.919853 0.000047
4970.966833 0.000048
4971.013812 0.000049
4971.060791 0.000050
4971.107770 0.000051
4971.154750 0.000052
4971.201729 0.000053
4971.248708 0.000054
4971.295687 0.000056
4971.342667 0.000057
4971.389646 0.000058
4971.436625 0.000059
4971.483604 0.000060
4971.530583 0.000062
4971.577563 0.000063
4971.624542 0.000064
4971.671521 0.000066
4971.718500 0.000067
4971.765480 0.000068
4971.812459 0.000070
4971.859438 0.000071
4971.906417 0.000073
4971.953397 0.000074
4972.000376 0.000076
4972.047355 0.000077
4972.094334 0.000079
4972.141314 0.000080
4972.188293 0.000082
4972.235272 0.000084
4972.282251 0.000085
4972.329230 0.000087
4972.376210 0.000089
4972.423189 0.000091
4972.470168 0.000093
4972.517147 0.000094
4972.564127 0.000096
4972.611106 0.000098
4972.658085 0.000100
4972.705064 0.000102
4972.752044 0.000104
4972.799023 0.000106
4972.846002 0.000109
4972.892981 0.000111
4972.939961 0.000113
4972.986940 0.000115
4973.033919 0.000117
4973.080898 0.000120
4973.127877 0.000122
4973.174857 0.000125
4973.221836 0.000127
4973.268815 0.000130
4973.315794 0.000132
4973.362774 0.000135
4973.409753 0.000137
4973.456732 0.000140
4973.503711 0.000143
4973.550691 0.000146
4973.597670 0.000148
4973.644649 0.000151
4973.691628 0.000154
4973.738608 0.000157
4973.785587 0.000160
4973.832566 0.000163
4973.879545 0.000167
4973.926524 0.000170
4973.973504 0.000173
4974.020483 0.000176
4974.067462 0.000180
4974.114441 0.000183
4974.161421 0.000187
4974.208400 0.000190
4974.255379 0.000194
4974.302358 0.000198
4974.349338 0.000201
4974.396317 0.000205
4974.443296 0.000209
4974.490275 0.000213
4974.537255 0.000217
4974.584234 0.000221
4974.631213 0.000226
4974.678192 0.000230
4974.725171 0.000234
4974.772151 0.000239
4974.819130 0.000243
4974.866109 0.000248
4974.913088 0.000252
4974.960068 0.000257
4975.007047 0.000262
4975.054026 0.000267
4975.101005 0.000272
4975.147985 0.000277
4975.194964 0.000282
4975.241943 0.000287
4975.288922 0.000292
4975.335902 0.000298
4975.382881 0.000303
4975.429860 0.000309
4975.476839 0.000314
4975.523818 0.000320
4975.570798 0.000326
4975.617777 0.000332
4975.664756 0.000338
4975.711735 0.000344
4975.758715 0.000350
4975.805694 0.000357
4975.852673 0.000363
4975.899652 0.000370
4975.946632 0.000377
4975.993611 0.000383
4976.040590 0.000390
4976.087569 0.000397
4976.134549 0.000404
4976.181528 0.000412
4976.228507 0.000419
4976.275486 0.000427
4976.322465 0.000434
4976.369445 0.000442
4976.416424 0.000450
4976.463403 0.000458
4976.510382 0.000466
4976.557362 0.000474
4976.604341 0.000482
4976.651320 0.000491
4976.698299 0.000500
4976.745279 0.000508
4976.792258 0.000517
4976.839237 0.000526
4976.886216 0.000536
4976.933196 0.000545
4976.980175 0.000554
4977.027154 0.000564
4977.074133 0.000574
4977.121112 0.000584
4977.168092 0.000594
4977.215071 0.000604
4977.262050 0.000615
4977.309029 0.000625
4977.356009 0.000636
4977.402988 0.000647
4977.449967 0.000658
4977.496946 0.000669
4977.543926 0.000681
4977.590905 0.000692
4977.637884 0.000704
4977.684863 0.000716
4977.731843 0.000728
4977.778822 0.000741
4977.825801 0.000753
4977.872780 0.000766
4977.919759 0.000779
4977.966739 0.000792
4978.013718 0.000805
4978.060697 0.000819
4978.107676 0.000832
4978.154656 0.000846
4978.201635 0.000860
4978.248614 0.000875
4978.295593 0.000889
4978.342573 0.000904
4978.389552 0.000919
4978.436531 0.000934
4978.483510 0.000949
4978.530490 0.000965
4978.577469 0.000981
4978.624448 0.000997
4978.671427 0.001013
4978.718406 0.001030
4978.765386 0.001047
4978.812365 0.001064
4978.859344 0.001081
4978.906323 0.001099
4978.953303 0.001116
4979.000282 0.001134
4979.047261 0.001153
4979.094240 0.001171
4979.141220 0.001190
4979.188199 0.001209
4979.235178 0.001229
4979.282157 0.001248
4979.329137 0.001268
4979.376116 0.001289
4979.423095 0.001309
4979.470074 0.001330
4979.517053 0.001351
4979.564033 0.001372
4979.611012 0.001394
4979.657991 0.001416
4979.704970 0.001438
4979.751950 0.001461
4979.798929 0.001484
4979.845908 0.001507
4979.892887 0.001531
4979.939867 0.001554
4979.986846 0.001579
4980.033825 0.001603
4980.080804 0.001628
4980.127784 0.001653
4980.174763 0.001679
4980.221742 0.001705
4980.268721 0.001731
4980.315700 0.001757
4980.362680 0.001784
4980.409659 0.001812
4980.456638 0.001839
4980.503617 0.001867
4980.550597 0.001896
4980.597576 0.001924
4980.644555 0.001954
4980.691534 0.001983
4980.738514 0.002013
4980.785493 0.002043
4980.832472 0.002074
4980.879451 0.002105
4980.926431 0.002137
4980.973410 0.002169
4981.020389 0.002201
4981.067368 0.002234
4981.114347 0.002267
4981.161327 0.002301
4981.208306 0.002335
4981.255285 0.002369
4981.302264 0.002404
4981.349244 0.002440
4981.396223 0.002475
4981.443202 0.002512
4981.490181 0.002548
4981.537161 0.002586
4981.584140 0.002623
4981.631119 0.002662
4981.678098 0.002700
4981.725078 0.002739
4981.772057 0.002779
4981.819036 0.002819
4981.866015 0.002859
4981.912994 0.002901
4981.959974 0.002942
4982.006953 0.002984
4982.053932 0.003027
4982.100911 0.003070
4982.147891 0.003114
4982.194870 0.003158
4982.241849 0.003203
4982.288828 0.003248
4982.335808 0.003294
4982.382787 0.003340
4982.429766 0.003387
4982.476745 0.003434
4982.523725 0.003482
4982.570704 0.003531
4982.617683 0.003580
4982.664662 0.003630
4982.711641 0.003680
4982.758621 0.003731
4982.805600 0.003783
4982.852579 0.003835
4982.899558 0.003888
4982.946538 0.003941
4982.993517 0.003995
4983.040496 0.004050
4983.087475 0.004105
4983.134455 0.004161
4983.181434 0.004217
4983.228413 0.004274
4983.275392 0.004332
4983.322372 0.004390
4983.369351 0.004450
4983.416330 0.004509
4983.463309 0.004570
4983.510288 0.004631
4983.557268 0.004693
4983.604247 0.004755
4983.651226 0.004818
4983.698205 0.004882
4983.745185 0.004947
4983.792164 0.005012
4983.839143 0.005078
4983.886122 0.005145
4983.933102 0.005212
4983.980081 0.005280
4984.027060 0.005349
4984.074039 0.005419
4984.121019 0.005490
4984.167998 0.005561
4984.214977 0.005633
4984.261956 0.005705
4984.308935 0.005779
4984.355915 0.005853
4984.402894 0.005928
4984.449873 0.006004
4984.496852 0.006081
4984.543832 0.006158
4984.590811 0.006236
4984.637790 0.006315
4984.684769 0.006395
4984.731749 0.006476
4984.778728 0.006557
4984.825707 0.006640
4984.872686 0.006723
4984.919666 0.006807
4984.966645 0.006892
4985.013624 0.006978
4985.060603 0.007064
4985.107582 0.007152
4985.154562 0.007240
4985.201541 0.007329
4985.248520 0.007419
4985.295499 0.007510
4985.342479 0.007602
4985.389458 0.007695
4985.436437 0.007789
4985.483416 0.007883
4985.530396 0.007979
4985.577375 0.008075
4985.624354 0.008173
4985.671333 0.008271
4985.718313 0.008371
4985.765292 0.008471
4985.812271 0.008572
4985.859250 0.008674
4985.906229 0.008777
4985.953209 0.008881
4986.000188 0.008986
4986.047167 0.009092
4986.094146 0.009200
4986.141126 0.009308
4986.188105 0.009417
4986.235084 0.009527
4986.282063 0.009638
4986.329043 0.009750
4986.376022 0.009863
4986.423001 0.009977
4986.469980 0.010092
4986.516960 0.010208
4986.563939 0.010325
4986.610918 0.010444
4986.657897 0.010563
4986.704876 0.010683
4986.751856 0.010805
4986.798835 0.010927
4986.845814 0.011051
4986.892793 0.011175
4986.939773 0.011301
4986.986752 0.011428
4987.033731 0.011556
4987.080710 0.011685
4987.127690 0.011815
4987.174669 0.011946
4987.221648 0.012078
4987.268627 0.012212
4987.315607 0.012346
4987.362586 0.012482
4987.409565 0.012619
4987.456544 0.012756
4987.503523 0.012896
4987.550503 0.013036
4987.597482 0.013177
4987.644461 0.013320
4987.691440 0.013463
4987.738420 0.013608
4987.785399 0.013754
4987.832378 0.013901
4987.879357 0.014049
4987.926337 0.014199
4987.973316 0.014349
4988.020295 0.014501
4988.067274 0.014654
4988.114253 0.014808
4988.161233 0.014964
4988.208212 0.015120
4988.255191 0.015278
4988.302170 0.015437
4988.349150 0.015597
4988.396129 0.015759
4988.443108 0.015921
4988.490087 0.016085
4988.537067 0.016250
4988.584046 0.016416
4988.631025 0.016584
4988.678004 0.016753
4988.724984 0.016922
4988.771963 0.017094
4988.818942 0.017266
4988.865921 0.017440
4988.912900 0.017615
4988.959880 0.017791
4989.006859 0.017968
4989.053838 0.018147
4989.100817 0.018326
4989.147797 0.018508
4989.194776 0.018690
4989.241755 0.018874
4989.288734 0.019058
4989.335714 0.019245
4989.382693 0.019432
4989.429672 0.019621
4989.476651 0.019811
4989.523631 0.020002
4989.570610 0.020194
4989.617589 0.020388
4989.664568 0.020583
4989.711547 0.020779
4989.758527 0.020977
4989.805506 0.021175
4989.852485 0.021375
4989.899464 0.021577
4989.946444 0.021779
4989.993423 0.021983
4990.040402 0.022188
4990.087381 0.022395
4990.134361 0.022602
4990.181340 0.022811
4990.228319 0.023021
4990.275298 0.023233
4990.322278 0.023446
4990.369257 0.023660
4990.416236 0.023875
4990.463215 0.024091
4990.510194 0.024309
4990.557174 0.024528
4990.604153 0.024749
4990.651132 0.024970
4990.698111 0.025193
4990.745091 0.025417
4990.792070 0.025642
4990.839049 0.025869
4990.886028 0.026097
4990.933008 0.026326
4990.979987 0.026556
4991.026966 0.026788
4991.073945 0.027021
4991.120925 0.027255
4991.167904 0.027490
4991.214883 0.027727
4991.261862 0.027965
4991.308841 0.028204
4991.355821 0.028444
4991.402800 0.028685
4991.449779 0.028928
4991.496758 0.029172
4991.543738 0.029417
4991.590717 0.029663
4991.637696 0.029911
4991.684675 0.030160
4991.731655 0.030409
4991.778634 0.030661
4991.825613 0.030913
4991.872592 0.031166
4991.919572 0.031421
4991.966551 0.031677
4992.013530 0.031934
4992.060509 0.032192
4992.107488 0.032451
4992.154468 0.032711
4992.201447 0.032973
4992.248426 0.033236
4992.295405 0.033500
4992.342385 0.033765
4992.389364 0.034031
4992.436343 0.034298
4992.483322 0.034566
4992.530302 0.034835
4992.577281 0.035106
4992.624260 0.035377
4992.671239 0.035650
4992.718219 0.035924
4992.765198 0.036199
4992.812177 0.036474
4992.859156 0.036751
4992.906135 0.037029
4992.953115 0.037308
4993.000094 0.037588
4993.047073 0.037869
4993.094052 0.038151
4993.141032 0.038434
4993.188011 0.038718
4993.234990 0.039003
4993.281969 0.039289
4993.328949 0.039575
4993.375928 0.039863
4993.422907 0.040152
4993.469886 0.040442
4993.516866 0.040732
4993.563845 0.041024
4993.610824 0.041316
4993.657803 0.041609
4993.704782 0.041903
4993.751762 0.042198
4993.798741 0.042494
4993.845720 0.042791
4993.892699 0.043089
4993.939679 0.043387
4993.986658 0.043686
4994.033637 0.043986
4994.080616 0.044287
4994.127596 0.044588
4994.174575 0.044891
4994.221554 0.045194
4994.268533 0.045498
4994.315513 0.045802
4994.362492 0.046107
4994.409471 0.046413
4994.456450 0.046720
4994.503429 0.047027
4994.550409 0.047335
4994.597388 0.047644
4994.644367 0.047953
4994.691346 0.048263
4994.738326 0.048574
4994.785305 0.048885
4994.832284 0.049196
4994.879263 0.049509
4994.926243 0.049822
4994.973222 0.050135
4995.020201 0.050449
4995.067180 0.050763
4995.114160 0.051078
4995.161139 0.051394
4995.208118 0.051710
4995.255097 0.052026
4995.302076 0.052343
4995.349056 0.052660
4995.396035 0.052978
4995.443014 0.053296
4995.489993 0.053614
4995.536973 0.053933
4995.583952 0.054252
4995.630931 0.054572
4995.677910 0.054892
4995.724890 0.055212
4995.771869 0.055533
4995.818848 0.055853
4995.865827 0.056174
4995.912807 0.056496
4995.959786 0.056817
4996.006765 0.057139
4996.053744 0.057461
4996.100723 0.057784
4996.147703 0.058106
4996.194682 0.058429
4996.241661 0.058752
4996.288640 0.059075
4996.335620 0.059398
4996.382599 0.059721
4996.429578 0.060045
4996.476557 0.060368
4996.523537 0.060692
4996.570516 0.061016
4996.617495 0.061339
4996.664474 0.061663
4996.711454 0.061987
4996.758433 0.062311
4996.805412 0.062635
4996.852391 0.062959
4996.899370 0.063283
4996.946350 0.063608
4996.993329 0.063932
4997.040308 0.064256
4997.087287 0.064580
4997.134267 0.064904
4997.181246 0.065229
4997.228225 0.065553
4997.275204 0.065877
4997.322184 0.066201
4997.369163 0.066525
4997.416142 0.066850
4997.463121 0.067174
4997.510101 0.067498
4997.557080 0.067822
4997.604059 0.068146
4997.651038 0.068471
4997.698017 0.068795
4997.744997 0.069119
4997.791976 0.069444
4997.838955 0.069768
4997.885934 0.070093
4997.932914 0.070417
4997.979893 0.070742
4998.026872 0.071067
4998.073851 0.071392
4998.120831 0.071718
4998.167810 0.072043
4998.214789 0.072369
4998.261768 0.072695
4998.308748 0.073021
4998.355727 0.073348
4998.402706 0.073675
4998.449685 0.074003
4998.496664 0.074331
4998.543644 0.074659
4998.590623 0.074989
4998.637602 0.075318
4998.684581 0.075649
4998.731561 0.075980
4998.778540 0.076312
4998.825519 0.076645
4998.872498 0.076979
4998.919478 0.077314
4998.966457 0.077650
4999.013436 0.077987
4999.060415 0.078326
4999.107395 0.078666
4999.154374 0.079007
4999.201353 0.079350
4999.248332 0.079694
4999.295311 0.080041
4999.342291 0.080389
4999.389270 0.080739
4999.436249 0.081092
4999.483228 0.081446
4999.530208 0.081804
4999.577187 0.082163
4999.624166 0.082526
4999.671145 0.082891
4999.718125 0.083259
4999.765104 0.083631
4999.812083 0.084005
4999.859062 0.084384
4999.906042 0.084766
4999.953021 0.085152
5000.000000 0.085542
5000.046979 0.085936
5000.093958 0.086335
5000.140938 0.086738
5000.187917 0.087147
5000.234896 0.087560
5000.281875 0.087979
5000.328855 0.088404
5000.375834 0.088835
5000.422813 0.089272
5000.469792 0.089715
5000.516772 0.090165
5000.563751 0.090622
5000.610730 0.091086
5000.657709 0.091558
5000.704689 0.092038
5000.751668 0.092526
5000.798647 0.093022
5000.845626 0.093528
5000.892605 0.094042
5000.939585 0.094566
5000.986564 0.095100
5001.033543 0.095644
5001.080522 0.096199
5001.127502 0.096764
5001.174481 0.097341
5001.221460 0.097930
5001.268439 0.098531
5001.315419 0.099144
5001.362398 0.099770
5001.409377 0.100409
5001.456356 0.101062
5001.503336 0.101729
5001.550315 0.102411
5001.597294 0.103108
5001.644273 0.103820
5001.691252 0.104548
5001.738232 0.105292
5001.785211 0.106053
5001.832190 0.106831
5001.879169 0.107627
5001.926149 0.108441
5001.973128 0.109273
5002.020107 0.110124
5002.067086 0.110995
5002.114066 0.111885
5002.161045 0.112796
5002.208024 0.113728
5002.255003 0.114681
5002.301983 0.115655
5002.348962 0.116652
5002.395941 0.117671
5002.442920 0.118714
5002.489899 0.119779
5002.536879 0.120869
5002.583858 0.121983
5002.630837 0.123122
5002.677816 0.124286
5002.724796 0.125475
5002.771775 0.126691
5002.818754 0.127932
5002.865733 0.129201
5002.912713 0.130497
5002.959692 0.131820
5003.006671 0.133171
5003.053650 0.134550
5003.100630 0.135957
5003.147609 0.137393
5003.194588 0.138858
5003.241567 0.140353
5003.288546 0.141877
5003.335526 0.143430
5003.382505 0.145014
5003.429484 0.146628
5003.476463 0.148272
5003.523443 0.149947
5003.570422 0.151652
5003.617401 0.153388
5003.664380 0.155155
5003.711360 0.156952
5003.758339 0.158781
5003.805318 0.160640
5003.852297 0.162530
5003.899277 0.164450
5003.946256 0.166402
5003.993235 0.168384
5004.040214 0.170396
5004.087193 0.172438
5004.134173 0.174511
5004.181152 0.176613
5004.228131 0.178745
5004.275110 0.180905
5004.322090 0.183095
5004.369069 0.185312
5004.416048 0.187558
5004.463027 0.189831
5004.510007 0.192132
5004.556986 0.194458
5004.603965 0.196811
5004.650944 0.199189
5004.697924 0.201591
5004.744903 0.204017
5004.791882 0.206467
5004.838861 0.208939
5004.885840 0.211432
5004.932820 0.213947
5004.979799 0.216481
5005.026778 0.219034
5005.073757 0.221606
5005.120737 0.224194
5005.167716 0.226798
5005.214695 0.229418
5005.261674 0.232051
5005.308654 0.234697
5005.355633 0.237354
5005.402612 0.240022
5005.449591 0.242698
5005.496571 0.245383
5005.543550 0.248074
5005.590529 0.250770
5005.637508 0.253470
5005.684487 0.256172
5005.731467 0.258875
5005.778446 0.261578
5005.825425 0.264278
5005.872404 0.266975
5005.919384 0.269667
5005.966363 0.272352
5006.013342 0.275028
5006.060321 0.277695
5006.107301 0.280351
5006.154280 0.282993
5006.201259 0.285620
5006.248238 0.288231
5006.295218 0.290824
5006.342197 0.293397
5006.389176 0.295948
5006.436155 0.298477
5006.483134 0.300980
5006.530114 0.303456
5006.577093 0.305904
5006.624072 0.308322
5006.671051 0.310708
5006.718031 0.313060
5006.765010 0.315377
5006.811989 0.317657
5006.858968 0.319898
5006.905948 0.322099
5006.952927 0.324258
5006.999906 0.326373
5007.046885 0.328443
5007.093865 0.330466
5007.140844 0.332440
5007.187823 0.334364
5007.234802 0.336237
5007.281781 0.338056
5007.328761 0.339821
5007.375740 0.341530
5007.422719 0.343181
5007.469698 0.344773
5007.516678 0.346305
5007.563657 0.347776
5007.610636 0.349184
5007.657615 0.350528
5007.704595 0.351806
5007.751574 0.353019
5007.798553 0.354164
5007.845532 0.355240
5007.892512 0.356247
5007.939491 0.357184
5007.986470 0.358049
5008.033449 0.358843
5008.080428 0.359564
5008.127408 0.360211
5008.174387 0.360784
5008.221366 0.361282
5008.268345 0.361705
5008.315325 0.362052
5008.362304 0.362323
5008.409283 0.362517
5008.456262 0.362634
5008.503242 0.362674
5008.550221 0.362637
5008.597200 0.362523
5008.644179 0.362331
5008.691159 0.362061
5008.738138 0.361715
5008.785117 0.361291
5008.832096 0.360790
5008.879075 0.360212
5008.926055 0.359558
5008.973034 0.358828
5009.020013 0.358022
5009.066992 0.357141
5009.113972 0.356186
5009.160951 0.355157
5009.207930 0.354054
5009.254909 0.352880
5009.301889 0.351633
5009.348868 0.350316
5009.395847 0.348929
5009.442826 0.347473
5009.489806 0.345949
5009.536785 0.344358
5009.583764 0.342702
5009.630743 0.340981
5009.677722 0.339196
5009.724702 0.337350
5009.771681 0.335443
5009.818660 0.333476
5009.865639 0.331451
5009.912619 0.329370
5009.959598 0.327233
5010.006577 0.325042
5010.053556 0.322799
5010.100536 0.320506
5010.147515 0.318163
5010.194494 0.315773
5010.241473 0.313336
5010.288453 0.310856
5010.335432 0.308333
5010.382411 0.305768
5010.429390 0.303165
5010.476369 0.300524
5010.523349 0.297847
5010.570328 0.295136
5010.617307 0.292393
5010.664286 0.289619
5010.711266 0.286816
5010.758245 0.283986
5010.805224 0.281131
5010.852203 0.278252
5010.899183 0.275351
5010.946162 0.272430
5010.993141 0.269491
5011.040120 0.266535
5011.087100 0.263563
5011.134079 0.260579
5011.181058 0.257583
5011.228037 0.254577
5011.275016 0.251563
5011.321996 0.248542
5011.368975 0.245516
5011.415954 0.242487
5011.462933 0.239456
5011.509913 0.236424
5011.556892 0.233394
5011.603871 0.230366
5011.650850 0.227343
5011.697830 0.224325
5011.744809 0.221314
5011.791788 0.218311
5011.838767 0.215318
5011.885747 0.212336
5011.932726 0.209367
5011.979705 0.206410
5012.026684 0.203469
5012.073663 0.200543
5012.120643 0.197634
5012.167622 0.194744
5012.214601 0.191872
5012.261580 0.189020
5012.308560 0.186190
5012.355539 0.183382
5012.402518 0.180596
5012.449497 0.177835
5012.496477 0.175098
5012.543456 0.172386
5012.590435 0.169701
5012.637414 0.167042
5012.684393 0.164411
5012.731373 0.161809
5012.778352 0.159234
5012.825331 0.156690
5012.872310 0.154175
5012.919290 0.151690
5012.966269 0.149236
5013.013248 0.146813
5013.060227 0.144422
5013.107207 0.142063
5013.154186 0.139735
5013.201165 0.137441
5013.248144 0.135178
5013.295124 0.132949
5013.342103 0.130753
5013.389082 0.128590
5013.436061 0.126460
5013.483040 0.124363
5013.530020 0.122300
5013.576999 0.120270
5013.623978 0.118274
5013.670957 0.116310
5013.717937 0.114381
5013.764916 0.112484
5013.811895 0.110620
5013.858874 0.108790
5013.905854 0.106992
5013.952833 0.105227
5013.999812 0.103494
5014.046791 0.101794
5014.093771 0.100125
5014.140750 0.098488
5014.187729 0.096883
5014.234708 0.095308
5014.281687 0.093765
5014.328667 0.092252
5014.375646 0.090769
5014.422625 0.089316
5014.469604 0.087892
5014.516584 0.086498
5014.563563 0.085132
5014.610542 0.083795
5014.657521 0.082485
5014.704501 0.081203
5014.751480 0.079948
5014.798459 0.078720
5014.845438 0.077518
5014.892418 0.076342
5014.939397 0.075191
5014.986376 0.074065
5015.033355 0.072963
5015.080334 0.071886
5015.127314 0.070832
5015.174293 0.069801
5015.221272 0.068793
5015.268251 0.067807
5015.315231 0.066843
5015.362210 0.065900
5015.409189 0.064978
5015.456168 0.064076
5015.503148 0.063195
5015.550127 0.062332
5015.597106 0.061489
5015.644085 0.060665
5015.691065 0.059858
5015.738044 0.059070
5015.785023 0.058299
5015.832002 0.057544
5015.878981 0.056806
5015.925961 0.056084
5015.972940 0.055378
5016.019919 0.054687
5016.066898 0.054011
5016.113878 0.053349
5016.160857 0.052702
5016.207836 0.052068
5016.254815 0.051447
5016.301795 0.050839
5016.348774 0.050244
5016.395753 0.049661
5016.442732 0.049090
5016.489712 0.048531
5016.536691 0.047982
5016.583670 0.047445
5016.630649 0.046918
5016.677628 0.046402
5016.724608 0.045895
5016.771587 0.045398
5016.818566 0.044910
5016.865545 0.044432
5016.912525 0.043962
5016.959504 0.043501
5017.006483 0.043048
5017.053462 0.042603
5017.100442 0.042166
5017.147421 0.041736
5017.194400 0.041314
5017.241379 0.040899
5017.288359 0.040490
5017.335338 0.040088
5017.382317 0.039693
5017.429296 0.039304
5017.476275 0.038921
5017.523255 0.038543
5017.570234 0.038172
5017.617213 0.037805
5017.664192 0.037444
5017.711172 0.037089
5017.758151 0.036738
5017.805130 0.036392
5017.852109 0.036050
5017.899089 0.035714
5017.946068 0.035381
5017.993047 0.035053
5018.040026 0.034729
5018.087006 0.034409
5018.133985 0.034093
5018.180964 0.033780
5018.227943 0.033471
5018.274922 0.033166
5018.321902 0.032864
5018.368881 0.032566
5018.415860 0.032271
5018.462839 0.031979
5018.509819 0.031690
5018.556798 0.031404
5018.603777 0.031121
5018.650756 0.030840
5018.697736 0.030563
5018.744715 0.030288
5018.791694 0.030016
5018.838673 0.029746
5018.885653 0.029479
5018.932632 0.029214
5018.979611 0.028952
5019.026590 0.028692
5019.073569 0.028434
5019.120549 0.028178
5019.167528 0.027925
5019.214507 0.027674
5019.261486 0.027425
5019.308466 0.027177
5019.355445 0.026932
5019.402424 0.026689
5019.449403 0.026448
5019.496383 0.026208
5019.543362 0.025971
5019.590341 0.025735
5019.637320 0.025501
5019.684300 0.025269
5019.731279 0.025039
5019.778258 0.024810
5019.825237 0.024583
5019.872216 0.024358
5019.919196 0.024135
5019.966175 0.023913
5020.013154 0.023692
5020.060133 0.023473
5020.107113 0.023256
5020.154092 0.023041
5020.201071 0.022827
5020.248050 0.022614
5020.295030 0.022403
5020.342009 0.022193
5020.388988 0.021985
5020.435967 0.021779
5020.482947 0.021574
5020.529926 0.021370
5020.576905 0.021168
5020.623884 0.020967
5020.670863 0.020768
5020.717843 0.020570
5020.764822 0.020373
5020.811801 0.020178
5020.858780 0.019984
5020.905760 0.019792
5020.952739 0.019601
5020.999718 0.019411
5021.046697 0.019222
5021.093677 0.019035
5021.140656 0.018850
5021.187635 0.018665
5021.234614 0.018482
5021.281594 0.018301
5021.328573 0.018120
5021.375552 0.017941
5021.422531 0.017763
5021.469510 0.017587
5021.516490 0.017411
5021.563469 0.017238
5021.610448 0.017065
5021.657427 0.016893
5021.704407 0.016723
5021.751386 0.016554
5021.798365 0.016387
5021.845344 0.016220
5021.892324 0.016055
5021.939303 0.015891
5021.986282 0.015729
5022.033261 0.015567
5022.080241 0.015407
5022.127220 0.015248
5022.174199 0.015090
5022.221178 0.014934
5022.268157 0.014779
5022.315137 0.014625
5022.362116 0.014472
5022.409095 0.014320
5022.456074 0.014169
5022.503054 0.014020
5022.550033 0.013872
5022.597012 0.013725
5022.643991 0.013579
5022.690971 0.013434
5022.737950 0.013291
5022.784929 0.013149
5022.831908 0.013008
5022.878888 0.012867
5022.925867 0.012729
5022.972846 0.012591
5023.019825 0.012454
5023.066804 0.012319
5023.113784 0.012185
5023.160763 0.012051
5023.207742 0.011919
5023.254721 0.011788
5023.301701 0.011658
5023.348680 0.011530
5023.395659 0.011402
5023.442638 0.011275
5023.489618 0.011150
5023.536597 0.011025
5023.583576 0.010902
5023.630555 0.010780
5023.677535 0.010659
5023.724514 0.010538
5023.771493 0.010419
5023.818472 0.010301
5023.865451 0.010184
5023.912431 0.010068
5023.959410 0.009953
5024.006389 0.009839
5024.053368 0.009727
5024.100348 0.009615
5024.147327 0.009504
5024.194306 0.009394
5024.241285 0.009285
5024.288265 0.009177
5024.335244 0.009071
5024.382223 0.008965
5024.429202 0.008860
5024.476182 0.008756
5024.523161 0.008653
5024.570140 0.008551
5024.617119 0.008450
5024.664098 0.008350
5024.711078 0.008251
5024.758057 0.008153
5024.805036 0.008055
5024.852015 0.007959
5024.898995 0.007864
5024.945974 0.007769
5024.992953 0.007676
5025.039932 0.007583
5025.086912 0.007491
5025.133891 0.007401
5025.180870 0.007311
5025.227849 0.007222
5025.274829 0.007133
5025.321808 0.007046
5025.368787 0.006960
5025.415766 0.006874
5025.462745 0.006789
5025.509725 0.006706
5025.556704 0.006623
5025.603683 0.006540
5025.650662 0.006459
5025.697642 0.006379
5025.744621 0.006299
5025.791600 0.006220
5025.838579 0.006142
5025.885559 0.006065
5025.932538 0.005988
5025.979517 0.005913
5026.026496 0.005838
5026.073476 0.005764
5026.120455 0.005690
5026.167434 0.005618
5026.214413 0.005546
5026.261392 0.005475
5026.308372 0.005405
5026.355351 0.005335
5026.402330 0.005266
5026.449309 0.005198
5026.496289 0.005131
5026.543268 0.005064
5026.590247 0.004999
5026.637226 0.004933
5026.684206 0.004869
5026.731185 0.004805
5026.778164 0.004742
5026.825143 0.004680
5026.872123 0.004618
5026.919102 0.004557
5026.966081 0.004497
5027.013060 0.004437
5027.060039 0.004378
5027.107019 0.004320
5027.153998 0.004262
5027.200977 0.004205
5027.247956 0.004149
5027.294936 0.004093
5027.341915 0.004038
5027.388894 0.003984
5027.435873 0.003930
5027.482853 0.003877
5027.529832 0.003824
5027.576811 0.003772
5027.623790 0.003721
5027.670770 0.003670
5027.717749 0.003620
5027.764728 0.003570
5027.811707 0.003521
5027.858686 0.003472
5027.905666 0.003424
5027.952645 0.003377
5027.999624 0.003330
5028.046603 0.003284
5028.093583 0.003238
5028.140562 0.003193
5028.187541 0.003149
5028.234520 0.003105
5028.281500 0.003061
5028.328479 0.003018
5028.375458 0.002976
5028.422437 0.002934
5028.469417 0.002892
5028.516396 0.002851
5028.563375 0.002811
5028.610354 0.002771
5028.657333 0.002731
5028.704313 0.002692
5028.751292 0.002654
5028.798271 0.002616
5028.845250 0.002578
5028.892230 0.002541
5028.939209 0.002504
5028.986188 0.002468
5029.033167 0.002432
5029.080147 0.002397
5029.127126 0.002362
5029.174105 0.002328
5029.221084 0.002294
5029.268064 0.002260
5029.315043 0.002227
5029.362022 0.002194
5029.409001 0.002162
5029.455980 0.002130
5029.502960 0.002099
5029.549939 0.002068
5029.596918 0.002037
5029.643897 0.002007
5029.690877 0.001977
5029.737856 0.001948
5029.784835 0.001919
5029.831814 0.001890
5029.878794 0.001861
5029.925773 0.001834
5029.972752 0.001806
5030.019731 0.001779
5030.066711 0.001752
5030.113690 0.001725
5030.160669 0.001699
5030.207648 0.001673
5030.254627 0.001648
5030.301607 0.001623
5030.348586 0.001598
5030.395565 0.001574
5030.442544 0.001549
5030.489524 0.001526
5030.536503 0.001502
5030.583482 0.001479
5030.630461 0.001456
5030.677441 0.001434
5030.724420 0.001411
5030.771399 0.001389
5030.818378 0.001368
5030.865358 0.001347
5030.912337 0.001326
5030.959316 0.001305
5031.006295 0.001284
5031.053274 0.001264
5031.100254 0.001244
5031.147233 0.001225
5031.194212 0.001205
5031.241191 0.001186
5031.288171 0.001168
5031.335150 0.001149
5031.382129 0.001131
5031.429108 0.001113
5031.476088 0.001095
5031.523067 0.001077
5031.570046 0.001060
5031.617025 0.001043
5031.664005 0.001026
5031.710984 0.001010
5031.757963 0.000994
5031.804942 0.000978
5031.851921 0.000962
5031.898901 0.000946
5031.945880 0.000931
5031.992859 0.000916
5032.039838 0.000901
5032.086818 0.000886
5032.133797 0.000872
5032.180776 0.000857
5032.227755 0.000843
5032.274735 0.000829
5032.321714 0.000816
5032.368693 0.000802
5032.415672 0.000789
5032.462652 0.000776
5032.509631 0.000763
5032.556610 0.000750
5032.603589 0.000738
5032.650568 0.000726
5032.697548 0.000714
5032.744527 0.000702
5032.791506 0.000690
5032.838485 0.000678
5032.885465 0.000667
5032.932444 0.000656
5032.979423 0.000645
5033.026402 0.000634
5033.073382 0.000623
5033.120361 0.000612
5033.167340 0.000602
5033.214319 0.000592
5033.261299 0.000582
5033.308278 0.000572
5033.355257 0.000562
5033.402236 0.000552
5033.449215 0.000543
5033.496195 0.000534
5033.543174 0.000524
5033.590153 0.000515
5033.637132 0.000507
5033.684112 0.000498
5033.731091 0.000489
5033.778070 0.000481
5033.825049 0.000472
5033.872029 0.000464
5033.919008 0.000456
5033.965987 0.000448
5034.012966 0.000440
5034.059946 0.000433
5034.106925 0.000425
5034.153904 0.000418
5034.200883 0.000410
5034.247862 0.000403
5034.294842 0.000396
5034.341821 0.000389
5034.388800 0.000382
5034.435779 0.000375
5034.482759 0.000369
5034.529738 0.000362
5034.576717 0.000356
5034.623696 0.000349
5034.670676 0.000343
5034.717655 0.000337
5034.764634 0.000331
5034.811613 0.000325
5034.858593 0.000319
5034.905572 0.000313
5034.952551 0.000308
5034.999530 0.000302
5035.046509 0.000297
5035.093489 0.000291
5035.140468 0.000286
5035.187447 0.000281
5035.234426 0.000276
5035.281406 0.000271
5035.328385 0.000266
5035.375364 0.000261
5035.422343 0.000256
5035.469323 0.000251
5035.516302 0.000247
5035.563281 0.000242
5035.610260 0.000238
5035.657240 0.000233
5035.704219 0.000229
5035.751198 0.000225
5035.798177 0.000221
5035.845156 0.000216
5035.892136 0.000212
5035.939115 0.000208
5035.986094 0.000205
5036.033073 0.000201
5036.080053 0.000197
5036.127032 0.000193
5036.174011 0.000190
5036.220990 0.000186
5036.267970 0.000183
5036.314949 0.000179
5036.361928 0.000176
5036.408907 0.000172
5036.455886 0.000169
5036.502866 0.000166
5036.549845 0.000163
5036.596824 0.000160
5036.643803 0.000157
5036.690783 0.000154
5036.737762 0.000151
5036.784741 0.000148
5036.831720 0.000145
5036.878700 0.000142
5036.925679 0.000139
5036.972658 0.000137
5037.019637 0.000134
5037.066617 0.000132
5037.113596 0.000129
5037.160575 0.000127
5037.207554 0.000124
5037.254533 0.000122
5037.301513 0.000119
5037.348492 0.000117
5037.395471 0.000115
5037.442450 0.000112
5037.489430 0.000110
5037.536409 0.000108
5037.583388 0.000106
5037.630367 0.000104
5037.677347 0.000102
5037.724326 0.000100
5037.771305 0.000098
5037.818284 0.000096
5037.865264 0.000094
5037.912243 0.000092
5037.959222 0.000090
5038.006201 0.000089
5038.053180 0.000087
5038.100160 0.000085
5038.147139 0.000083
5038.194118 0.000082
5038.241097 0.000080
5038.288077 0.000078
5038.335056 0.000077
5038.382035 0.000075
5038.429014 0.000074
5038.475994 0.000072
5038.522973 0.000071
5038.569952 0.000069
5038.616931 0.000068
5038.663911 0.000067
5038.710890 0.000065
5038.757869 0.000064
5038.804848 0.000063
5038.851827 0.000061
5038.898807 0.000060
5038.945786 0.000059
5038.992765 0.000058
5039.039744 0.000057
5039.086724 0.000055
5039.133703 0.000054
5039.180682 0.000053
5039.227661 0.000052
5039.274641 0.000051
5039.321620 0.000050
5039.368599 0.000049
5039.415578 0.000048
5039.462558 0.000047
5039.509537 0.000046
5039.556516 0.000045
5039.603495 0.000044
5039.650474 0.000043
5039.697454 0.000042
5039.744433 0.000041
5039.791412 0.000040
5039.838391 0.000040
5039.885371 0.000039
5039.932350 0.000038
5039.979329 0.000037
5040.026308 0.000036
5040.073288 0.000036
5040.120267 0.000035
5040.167246 0.000034
5040.214225 0.000033
5040.261205 0.000033
5040.308184 0.000032
5040.355163 0.000031
5040.402142 0.000031
5040.449121 0.000030
5040.496101 0.000029
5040.543080 0.000029
5040.590059 0.000028
5040.637038 0.000027
5040.684018 0.000027
5040.730997 0.000026
5040.777976 0.000026
5040.824955 0.000025
5040.871935 0.000025
5040.918914 0.000024
5040.965893 0.000024
5041.012872 0.000023
5041.059852 0.000023
5041.106831 0.000022
5041.153810 0.000022
5041.200789 0.000021
5041.247768 0.000021
5041.294748 0.000020
5041.341727 0.000020
5041.388706 0.000019
5041.435685 0.000019
5041.482665 0.000018
5041.529644 0.000018
5041.576623 0.000018
5041.623602 0.000017
5041.670582 0.000017
5041.717561 0.000017
5041.764540 0.000016
5041.811519 0.000016
5041.858499 0.000015
5041.905478 0.000015
5041.952457 0.000015
5041.999436 0.000014
5042.046415 0.000014
5042.093395 0.000014
5042.140374 0.000014
5042.187353 0.000013
5042.234332 0.000013
5042.281312 0.000013
5042.328291 0.000012
5042.375270 0.000012
5042.422249 0.000012
5042.469229 0.000012
5042.516208 0.000011
5042.563187 0.000011
5042.610166 0.000011
5042.657146 0.000011
5042.704125 0.000010
5042.751104 0.000010
5042.798083 0.000010
5042.845062 0.000010
5042.892042 0.000009
5042.939021 0.000009
5042.986000 0.000009
5043.032979 0.000009
5043.079959 0.000009
5043.126938 0.000008
5043.173917 0.000008
5043.220896 0.000008
5043.267876 0.000008
5043.314855 0.000008
5043.361834 0.000007
5043.408813 0.000007
5043.455793 0.000007
5043.502772 0.000007
5043.549751 0.000007
5043.596730 0.000007
5043.643709 0.000006
5043.690689 0.000006
5043.737668 0.000006
5043.784647 0.000006
5043.831626 0.000006
5043.878606 0.000006
5043.925585 0.000006
5043.972564 0.000005
5044.019543 0.000005
5044.066523 0.000005
5044.113502 0.000005
5044.160481 0.000005
5044.207460 0.000005
5044.254440 0.000005
5044.301419 0.000005
5044.348398 0.000005
5044.395377 0.000004
5044.442356 0.000004
5044.489336 0.000004
5044.536315 0.000004
5044.583294 0.000004
5044.630273 0.000004
5044.677253 0.000004
5044.724232 0.000004
5044.771211 0.000004
5044.818190 0.000004
5044.865170 0.000003
5044.912149 0.000003
5044.959128 0.000003
5045.006107 0.000003
5045.053087 0.000003
5045.100066 0.000003
5045.147045 0.000003
5045.194024 0.000003
5045.241003 0.000003
5045.287983 0.000003
5045.334962 0.000003
5045.381941 0.000003
5045.428920 0.000003
5045.475900 0.000003
5045.522879 0.000002
5045.569858 0.000002
5045.616837 0.000002
5045.663817 0.000002
5045.710796 0.000002
5045.757775 0.000002
5045.804754 0.000002
5045.851734 0.000002
5045.898713 0.000002
5045.945692 0.000002
5045.992671 0.000002
5046.039650 0.000002
5046.086630 0.000002
5046.133609 0.000002
5046.180588 0.000002
5046.227567 0.000002
5046.274547 0.000002
5046.321526 0.000002
5046.368505 0.000002
5046.415484 0.000002
5046.462464 0.000001
5046.509443 0.000001
5046.556422 0.000001
5046.603401 0.000001
5046.650381 0.000001
5046.697360 0.000001
5046.744339 0.000001
5046.791318 0.000001
5046.838297 0.000001
5046.885277 0.000001
5046.932256 0.000001
5046.979235 0.000001
5047.026214 0.000001
5047.073194 0.000001
5047.120173 0.000001
5047.167152 0.000001
5047.214131 0.000001
5047.261111 0.000001
5047.308090 0.000001
5047.355069 0.000001
5047.402048 0.000001
5047.449028 0.000001
5047.496007 0.000001
5047.542986 0.000001
5047.589965 0.000001
5047.636944 0.000001
5047.683924 0.000001
5047.730903 0.000001
5047.777882 0.000001
5047.824861 0.000001
5047.871841 0.000001
5047.918820 0.000001
5047.965799 0.000001
5048.012778 0.000001
5048.059758 0.000001
5048.106737 0.000001
5048.153716 0.000001
5048.200695 0.000001
5048.247675 0.000001
5048.294654 0.000001
5048.341633 0.000001
5048.388612 0.000001
5048.435591 0.000001
5048.482571 0.000000
5048.529550 0.000000
5048.576529 0.000000
5048.623508 0.000000
5048.670488 0.000000
5048.717467 0.000000
5048.764446 0.000000
5048.811425 0.000000
5048.858405 0.000000
5048.905384 0.000000
5048.952363 0.000000
5048.999342 0.000000
5049.046322 0.000000
5049.093301 0.000000
5049.140280 0.000000
5049.187259 0.000000
5049.234238 0.000000
5049.281218 0.000000
5049.328197 0.000000
5049.375176 0.000000
5049.422155 0.000000
5049.469135 0.000000
5049.516114 0.000000
5049.563093 0.000000
5049.610072 0.000000
5049.657052 0.000000
5049.704031 0.000000
5049.751010 0.000000
5049.797989 0.000000
5049.844969 0.000000
5049.891948 0.000000
5049.938927 0.000000
5049.985906 0.000000
5050.032885 0.000000
5050.079865 0.000000
5050.126844 0.000000
5050.173823 0.000000
5050.220802 0.000000
5050.267782 0.000000
5050.314761 0.000000
5050.361740 0.000000
5050.408719 0.000000
5050.455699 0.000000
5050.502678 0.000000
5050.549657 0.000000
5050.596636 0.000000
5050.643616 0.000000
5050.690595 0.000000
5050.737574 0.000000
5050.784553 0.000000
5050.831532 0.000000
5050.878512 0.000000
5050.925491 0.000000
5050.972470 0.000000
5051.019449 0.000000
5051.066429 0.000000
5051.113408 0.000000
5051.160387 0.000000
5051.207366 0.000000
5051.254346 0.000000
5051.301325 0.000000
5051.348304 0.000000
5051.395283 0.000000
5051.442263 0.000000
5051.489242 0.000000
5051.536221 0.000000
5051.583200 0.000000
5051.630179 0.000000
5051.677159 0.000000
5051.724138 0.000000
5051.771117 0.000000
5051.818096 0.000000
5051.865076 0.000000
5051.912055 0.000000
5051.959034 0.000000
5052.006013 0.000000
5052.052993 0.000000
5052.099972 0.000000
5052.146951 0.000000
5052.193930 0.000000
5052.240910 0.000000
5052.287889 0.000000
5052.334868 0.000000
5052.381847 0.000000
5052.428826 0.000000
5052.475806 0.000000
5052.522785 0.000000
5052.569764 0.000000
5052.616743 0.000000
5052.663723 0.000000
5052.710702 0.000000
5052.757681 0.000000
5052.804660 0.000000
5052.851640 0.000000
5052.898619 0.000000
5052.945598 0.000000
5052.992577 0.000000
5053.039557 0.000000
5053.086536 0.000000
5053.133515 0.000000
5053.180494 0.000000
5053.227473 0.000000
5053.274453 0.000000
5053.321432 0.000000
5053.368411 0.000000
5053.415390 0.000000
5053.462370 0.000000
5053.509349 0.000000
5053.556328 0.000000
5053.603307 0.000000
5053.650287 0.000000
5053.697266 0.000000
5053.744245 0.000000
5053.791224 0.000000
5053.838204 0.000000
5053.885183 0.000000
5053.932162 0.000000
5053.979141 0.000000
5054.026120 0.000000
5054.073100 0.000000
5054.120079 0.000000
5054.167058 0.000000
5054.214037 0.000000
5054.261017 0.000000
5054.307996 0.000000
5054.354975 0.000000
5054.401954 0.000000
5054.448934 0.000000
5054.495913 0.000000
5054.542892 0.000000
5054.589871 0.000000
5054.636851 0.000000
5054.683830 0.000000
5054.730809 0.000000
5054.777788 0.000000
5054.824767 0.000000
5054.871747 0.000000
5054.918726 0.000000
5054.965705 0.000000
5055.012684 0.000000
5055.059664 0.000000
5055.106643 0.000000
5055.153622 0.000000
5055.200601 0.000000
5055.247581 0.000000
5055.294560 0.000000
5055.341539 0.000000
5055.388518 0.000000
5055.435498 0.000000
5055.482477 0.000000
5055.529456 0.000000
5055.576435 0.000000
5055.623414 0.000000
5055.670394 0.000000
5055.717373 0.000000
5055.764352 0.000000
5055.811331 0.000000
5055.858311 0.000000
5055.905290 0.000000
5055.952269 0.000000
5055.999248 0.000000
5056.046228 0.000000
5056.093207 0.000000
5056.140186 0.000000
5056.187165 0.000000
5056.234145 0.000000
5056.281124 0.000000
5056.328103 0.000000
5056.375082 0.000000
5056.422061 0.000000
5056.469041 0.000000
5056.516020 0.000000
5056.562999 0.000000
5056.609978 0.000000
5056.656958 0.000000
5056.703937 0.000000
5056.750916 0.000000
5056.797895 0.000000
5056.844875 0.000000
5056.891854 0.000000
5056.938833 0.000000
5056.985812 0.000000
5057.032792 0.000000
5057.079771 0.000000
5057.126750 0.000000
5057.173729 0.000000
5057.220708 0.000000
5057.267688 0.000000
5057.314667 0.000000
5057.361646 0.000000
5057.408625 0.000000
5057.455605 0.000000
5057.502584 0.000000
5057.549563 0.000000
5057.596542 0.000000
5057.643522 0.000000
5057.690501 0.000000
5057.737480 0.000000
5057.784459 0.000000
5057.831439 0.000000
5057.878418 0.000000
5057.925397 0.000000
5057.972376 0.000000
5058.019355 0.000000
5058.066335 0.000000
5058.113314 0.000000
5058.160293 0.000000
5058.207272 0.000000
5058.254252 0.000000
5058.301231 0.000000
5058.348210 0.000000
5058.395189 0.000000
5058.442169 0.000000
5058.489148 0.000000
5058.536127 0.000000
5058.583106 0.000000
5058.630086 0.000000
5058.677065 0.000000
5058.724044 0.000000
5058.771023 0.000000
5058.818002 0.000000
5058.864982 0.000000
5058.911961 0.000000
5058.958940 0.000000
5059.005919 0.000000
5059.052899 0.000000
5059.099878 0.000000
5059.146857 0.000000
5059.193836 0.000000
5059.240816 0.000000
5059.287795 0.000000
5059.334774 0.000000
5059.381753 0.000000
5059.428733 0.000000
5059.475712 0.000000
5059.522691 0.000000
5059.569670 0.000000
5059.616649 0.000000
5059.663629 0.000000
5059.710608 0.000000
5059.757587 0.000000
5059.804566 0.000000
5059.851546 0.000000
5059.898525 0.000000
5059.945504 0.000000
5059.992483 0.000000
5060.039463 0.000000
5060.086442 0.000000
5060.133421 0.000000
5060.180400 0.000000
5060.227379 0.000000
5060.274359 0.000000
5060.321338 0.000000
5060.368317 0.000000
5060.415296 0.000000
5060.462276 0.000000
5060.509255 0.000000
5060.556234 0.000000
5060.603213 0.000000
5060.650193 0.000000
5060.697172 0.000000
5060.744151 0.000000
5060.791130 0.000000
5060.838110 0.000000
5060.885089 0.000000
5060.932068 0.000000
5060.979047 0.000000
5061.026026 0.000000
5061.073006 0.000000
5061.119985 0.000000
5061.166964 0.000000
5061.213943 0.000000
5061.260923 0.000000
5061.307902 0.000000
5061.354881 0.000000
5061.401860 0.000000
5061.448840 0.000000
5061.495819 0.000000
5061.542798 0.000000
5061.589777 0.000000
5061.636757 0.000000
5061.683736 0.000000
5061.730715 0.000000
5061.777694 0.000000
5061.824673 0.000000
5061.871653 0.000000
5061.918632 0.000000
5061.965611 0.000000
5062.012590 0.000000
5062.059570 0.000000
5062.106549 0.000000
5062.153528 0.000000
5062.200507 0.000000
5062.247487 0.000000
5062.294466 0.000000
5062.341445 0.000000
5062.388424 0.000000
5062.435404 0.000000
5062.482383 0.000000
5062.529362 0.000000
5062.576341 0.000000
5062.623320 0.000000
5062.670300 0.000000
5062.717279 0.000000
5062.764258 0.000000
5062.811237 0.000000
5062.858217 0.000000
5062.905196 0.000000
5062.952175 0.000000
5062.999154 0.000000
5063.046134 0.000000
5063.093113 0.000000
5063.140092 0.000000
5063.187071 0.000000
5063.234051 0.000000
5063.281030 0.000000
5063.328009 0.000000
5063.374988 0.000000
5063.421967 0.000000
5063.468947 0.000000
5063.515926 0.000000
5063.562905 0.000000
5063.609884 0.000000
5063.656864 0.000000
5063.703843 0.000000
5063.750822 0.000000
5063.797801 0.000000
5063.844781 0.000000
5063.891760 0.000000
5063.938739 0.000000
5063.985718 0.000000
5064.032698 0.000000
5064.079677 0.000000
5064.126656 0.000000
5064.173635 0.000000
5064.220614 0.000000
5064.267594 0.000000
5064.314573 0.000000
5064.361552 0.000000
5064.408531 0.000000
5064.455511 0.000000
5064.502490 0.000000
5064.549469 0.000000
5064.596448 0.000000
5064.643428 0.000000
5064.690407 0.000000
5064.737386 0.000000
5064.784365 0.000000
5064.831345 0.000000
5064.878324 0.000000
5064.925303 0.000000
5064.972282 0.000000
5065.019261 0.000000
5065.066241 0.000000
5065.113220 0.000000
5065.160199 0.000000
5065.207178 0.000000
5065.254158 0.000000
5065.301137 0.000000
5065.348116 0.000000
5065.395095 0.000000
5065.442075 0.000000
5065.489054 0.000000
5065.536033 0.000000
5065.583012 0.000000
5065.629992 0.000000
5065.676971 0.000000
5065.723950 0.000000
5065.770929 0.000000
5065.817908 0.000000
5065.864888 0.000000
5065.911867 0.000000
5065.958846 0.000000
5066.005825 0.000000
5066.052805 0.000000
5066.099784 0.000000
5066.146763 0.000000
5066.193742 0.000000
5066.240722 0.000000
5066.287701 0.000000
5066.334680 0.000000
5066.381659 0.000000
5066.428639 0.000000
5066.475618 0.000000
5066.522597 0.000000
5066.569576 0.000000
5066.616555 0.000000
5066.663535 0.000000
5066.710514 0.000000
5066.757493 0.000000
5066.804472 0.000000
5066.851452 0.000000
5066.898431 0.000000
5066.945410 0.000000
5066.992389 0.000000
5067.039369 0.000000
5067.086348 0.000000
5067.133327 0.000000
5067.180306 0.000000
5067.227286 0.000000
5067.274265 0.000000
5067.321244 0.000000
5067.368223 0.000000
5067.415202 0.000000
5067.462182 0.000000
5067.509161 0.000000
5067.556140 0.000000
5067.603119 0.000000
5067.650099 0.000000
5067.697078 0.000000
5067.744057 0.000000
5067.791036 0.000000
5067.838016 0.000000
5067.884995 0.000000
5067.931974 0.000000
5067.978953 0.000000
5068.025933 0.000000
5068.072912 0.000000
5068.119891 0.000000
5068.166870 0.000000
5068.213849 0.000000
5068.260829 0.000000
5068.307808 0.000000
5068.354787 0.000000
5068.401766 0.000000
5068.448746 0.000000
5068.495725 0.000000
5068.542704 0.000000
5068.589683 0.000000
5068.636663 0.000000
5068.683642 0.000000
5068.730621 0.000000
5068.777600 0.000000
5068.824580 0.000000
5068.871559 0.000000
5068.918538 0.000000
5068.965517 0.000000
5069.012496 0.000000
5069.059476 0.000000
5069.106455 0.000000
5069.153434 0.000000
5069.200413 0.000000
5069.247393 0.000000
5069.294372 0.000000
5069.341351 0.000000
5069.388330 0.000000
5069.435310 0.000000
5069.482289 0.000000
5069.529268 0.000000
5069.576247 0.000000
5069.623227 0.000000
5069.670206 0.000000
5069.717185 0.000000
5069.764164 0.000000
5069.811143 0.000000
5069.858123 0.000000
5069.905102 0.000000
5069.952081 0.000000
5069.999060 0.000000
